firstName,lastName,email,phone,city,state,zip,company,spouse,family,personalTouch,lastConversation
Alex,Smith0,alex.smith0@example.com,(414) 555-0000,Milwaukee,WI,53202,Smith Properties,Pat,two kids,new roof last year,sump pump check
Jordan,Brown1,jordan.brown1@example.com,(414) 555-0001,Waukesha,WI,53186,,Chris,dog named Buddy,loves gardening,insurance deductible question
Sam,Miller2,sam.miller2@example.com,(414) 555-0002,Racine,WI,53403,,Alex,parents nearby,just remodeled kitchen,tree trim quote
Taylor,Martinez3,taylor.martinez3@example.com,(414) 555-0003,Madison,WI,53703,Martinez Properties,Sam,,,
Casey,Gonzalez4,casey.gonzalez4@example.com,(414) 555-0004,Green Bay,WI,54301,,,,,
Riley,Thomas5,riley.thomas5@example.com,(414) 555-0005,Chicago,IL,60611,,Pat,two kids,new roof last year,sump pump check
Morgan,Jackson6,morgan.jackson6@example.com,(414) 555-0006,Evanston,IL,60201,Jackson Properties,Chris,dog named Buddy,loves gardening,insurance deductible question
Avery,Johnson7,avery.johnson7@example.com,(414) 555-0007,Brookfield,WI,53005,,Alex,parents nearby,just remodeled kitchen,tree trim quote
Quinn,Jones8,quinn.jones8@example.com,(414) 555-0008,Kenosha,WI,53140,,Sam,,,
Jamie,Davis9,jamie.davis9@example.com,(414) 555-0009,Appleton,WI,54911,Davis Properties,,,,
Cameron,Hernandez10,cameron.hernandez10@example.com,(414) 555-0010,Milwaukee,WI,53202,,Pat,two kids,new roof last year,sump pump check
Drew,Wilson11,drew.wilson11@example.com,(414) 555-0011,Waukesha,WI,53186,,Chris,dog named Buddy,loves gardening,insurance deductible question
Reese,Taylor12,reese.taylor12@example.com,(414) 555-0012,Racine,WI,53403,Taylor Properties,Alex,parents nearby,just remodeled kitchen,tree trim quote
Skyler,Martin13,skyler.martin13@example.com,(414) 555-0013,Madison,WI,53703,,Sam,,,
Parker,Williams14,parker.williams14@example.com,(414) 555-0014,Green Bay,WI,54301,,,,,
Blake,Garcia15,blake.garcia15@example.com,(414) 555-0015,Chicago,IL,60611,Garcia Properties,Pat,two kids,new roof last year,sump pump check
Hayden,Rodriguez16,hayden.rodriguez16@example.com,(414) 555-0016,Evanston,IL,60201,,Chris,dog named Buddy,loves gardening,insurance deductible question
Rowan,Lopez17,rowan.lopez17@example.com,(414) 555-0017,Brookfield,WI,53005,,Alex,parents nearby,just remodeled kitchen,tree trim quote
Sawyer,Anderson18,sawyer.anderson18@example.com,(414) 555-0018,Kenosha,WI,53140,Anderson Properties,Sam,,,
Finley,Moore19,finley.moore19@example.com,(414) 555-0019,Appleton,WI,54911,,,,,
Alex,Smith20,alex.smith20@example.com,(414) 555-0020,Milwaukee,WI,53202,,Pat,two kids,new roof last year,sump pump check
Jordan,Brown21,jordan.brown21@example.com,(414) 555-0021,Waukesha,WI,53186,Brown Properties,Chris,dog named Buddy,loves gardening,insurance deductible question
Sam,Miller22,sam.miller22@example.com,(414) 555-0022,Racine,WI,53403,,Alex,parents nearby,just remodeled kitchen,tree trim quote
Taylor,Martinez23,taylor.martinez23@example.com,(414) 555-0023,Madison,WI,53703,,Sam,,,
Casey,Gonzalez24,casey.gonzalez24@example.com,(414) 555-0024,Green Bay,WI,54301,Gonzalez Properties,,,,
Riley,Thomas25,riley.thomas25@example.com,(414) 555-0025,Chicago,IL,60611,,Pat,two kids,new roof last year,sump pump check
Morgan,Jackson26,morgan.jackson26@example.com,(414) 555-0026,Evanston,IL,60201,,Chris,dog named Buddy,loves gardening,insurance deductible question
Avery,Johnson27,avery.johnson27@example.com,(414) 555-0027,Brookfield,WI,53005,Johnson Properties,Alex,parents nearby,just remodeled kitchen,tree trim quote
Quinn,Jones28,quinn.jones28@example.com,(414) 555-0028,Kenosha,WI,53140,,Sam,,,
Jamie,Davis29,jamie.davis29@example.com,(414) 555-0029,Appleton,WI,54911,,,,,
Cameron,Hernandez30,cameron.hernandez30@example.com,(414) 555-0030,Milwaukee,WI,53202,Hernandez Properties,Pat,two kids,new roof last year,sump pump check
Drew,Wilson31,drew.wilson31@example.com,(414) 555-0031,Waukesha,WI,53186,,Chris,dog named Buddy,loves gardening,insurance deductible question
Reese,Taylor32,reese.taylor32@example.com,(414) 555-0032,Racine,WI,53403,,Alex,parents nearby,just remodeled kitchen,tree trim quote
Skyler,Martin33,skyler.martin33@example.com,(414) 555-0033,Madison,WI,53703,Martin Properties,Sam,,,
Parker,Williams34,parker.williams34@example.com,(414) 555-0034,Green Bay,WI,54301,,,,,
Blake,Garcia35,blake.garcia35@example.com,(414) 555-0035,Chicago,IL,60611,,Pat,two kids,new roof last year,sump pump check
Hayden,Rodriguez36,hayden.rodriguez36@example.com,(414) 555-0036,Evanston,IL,60201,Rodriguez Properties,Chris,dog named Buddy,loves gardening,insurance deductible question
Rowan,Lopez37,rowan.lopez37@example.com,(414) 555-0037,Brookfield,WI,53005,,Alex,parents nearby,just remodeled kitchen,tree trim quote
Sawyer,Anderson38,sawyer.anderson38@example.com,(414) 555-0038,Kenosha,WI,53140,,Sam,,,
Finley,Moore39,finley.moore39@example.com,(414) 555-0039,Appleton,WI,54911,Moore Properties,,,,
Alex,Smith40,alex.smith40@example.com,(414) 555-0040,Milwaukee,WI,53202,,Pat,two kids,new roof last year,sump pump check
Jordan,Brown41,jordan.brown41@example.com,(414) 555-0041,Waukesha,WI,53186,,Chris,dog named Buddy,loves gardening,insurance deductible question
Sam,Miller42,sam.miller42@example.com,(414) 555-0042,Racine,WI,53403,Miller Properties,Alex,parents nearby,just remodeled kitchen,tree trim quote
Taylor,Martinez43,taylor.martinez43@example.com,(414) 555-0043,Madison,WI,53703,,Sam,,,
Casey,Gonzalez44,casey.gonzalez44@example.com,(414) 555-0044,Green Bay,WI,54301,,,,,
Riley,Thomas45,riley.thomas45@example.com,(414) 555-0045,Chicago,IL,60611,Thomas Properties,Pat,two kids,new roof last year,sump pump check
Morgan,Jackson46,morgan.jackson46@example.com,(414) 555-0046,Evanston,IL,60201,,Chris,dog named Buddy,loves gardening,insurance deductible question
Avery,Johnson47,avery.johnson47@example.com,(414) 555-0047,Brookfield,WI,53005,,Alex,parents nearby,just remodeled kitchen,tree trim quote
Quinn,Jones48,quinn.jones48@example.com,(414) 555-0048,Kenosha,WI,53140,Jones Properties,Sam,,,
Jamie,Davis49,jamie.davis49@example.com,(414) 555-0049,Appleton,WI,54911,,,,,
Cameron,Hernandez50,cameron.hernandez50@example.com,(414) 555-0050,Milwaukee,WI,53202,,Pat,two kids,new roof last year,sump pump check
Drew,Wilson51,drew.wilson51@example.com,(414) 555-0051,Waukesha,WI,53186,Wilson Properties,Chris,dog named Buddy,loves gardening,insurance deductible question
Reese,Taylor52,reese.taylor52@example.com,(414) 555-0052,Racine,WI,53403,,Alex,parents nearby,just remodeled kitchen,tree trim quote
Skyler,Martin53,skyler.martin53@example.com,(414) 555-0053,Madison,WI,53703,,Sam,,,
Parker,Williams54,parker.williams54@example.com,(414) 555-0054,Green Bay,WI,54301,Williams Properties,,,,
Blake,Garcia55,blake.garcia55@example.com,(414) 555-0055,Chicago,IL,60611,,Pat,two kids,new roof last year,sump pump check
Hayden,Rodriguez56,hayden.rodriguez56@example.com,(414) 555-0056,Evanston,IL,60201,,Chris,dog named Buddy,loves gardening,insurance deductible question
Rowan,Lopez57,rowan.lopez57@example.com,(414) 555-0057,Brookfield,WI,53005,Lopez Properties,Alex,parents nearby,just remodeled kitchen,tree trim quote
Sawyer,Anderson58,sawyer.anderson58@example.com,(414) 555-0058,Kenosha,WI,53140,,Sam,,,
Finley,Moore59,finley.moore59@example.com,(414) 555-0059,Appleton,WI,54911,,,,,
Alex,Smith60,alex.smith60@example.com,(414) 555-0060,Milwaukee,WI,53202,Smith Properties,Pat,two kids,new roof last year,sump pump check
Jordan,Brown61,jordan.brown61@example.com,(414) 555-0061,Waukesha,WI,53186,,Chris,dog named Buddy,loves gardening,insurance deductible question
Sam,Miller62,sam.miller62@example.com,(414) 555-0062,Racine,WI,53403,,Alex,parents nearby,just remodeled kitchen,tree trim quote
Taylor,Martinez63,taylor.martinez63@example.com,(414) 555-0063,Madison,WI,53703,Martinez Properties,Sam,,,
Casey,Gonzalez64,casey.gonzalez64@example.com,(414) 555-0064,Green Bay,WI,54301,,,,,
Riley,Thomas65,riley.thomas65@example.com,(414) 555-0065,Chicago,IL,60611,,Pat,two kids,new roof last year,sump pump check
Morgan,Jackson66,morgan.jackson66@example.com,(414) 555-0066,Evanston,IL,60201,Jackson Properties,Chris,dog named Buddy,loves gardening,insurance deductible question
Avery,Johnson67,avery.johnson67@example.com,(414) 555-0067,Brookfield,WI,53005,,Alex,parents nearby,just remodeled kitchen,tree trim quote
Quinn,Jones68,quinn.jones68@example.com,(414) 555-0068,Kenosha,WI,53140,,Sam,,,
Jamie,Davis69,jamie.davis69@example.com,(414) 555-0069,Appleton,WI,54911,Davis Properties,,,,
Cameron,Hernandez70,cameron.hernandez70@example.com,(414) 555-0070,Milwaukee,WI,53202,,Pat,two kids,new roof last year,sump pump check
Drew,Wilson71,drew.wilson71@example.com,(414) 555-0071,Waukesha,WI,53186,,Chris,dog named Buddy,loves gardening,insurance deductible question
Reese,Taylor72,reese.taylor72@example.com,(414) 555-0072,Racine,WI,53403,Taylor Properties,Alex,parents nearby,just remodeled kitchen,tree trim quote
Skyler,Martin73,skyler.martin73@example.com,(414) 555-0073,Madison,WI,53703,,Sam,,,
Parker,Williams74,parker.williams74@example.com,(414) 555-0074,Green Bay,WI,54301,,,,,
Blake,Garcia75,blake.garcia75@example.com,(414) 555-0075,Chicago,IL,60611,Garcia Properties,Pat,two kids,new roof last year,sump pump check
Hayden,Rodriguez76,hayden.rodriguez76@example.com,(414) 555-0076,Evanston,IL,60201,,Chris,dog named Buddy,loves gardening,insurance deductible question
Rowan,Lopez77,rowan.lopez77@example.com,(414) 555-0077,Brookfield,WI,53005,,Alex,parents nearby,just remodeled kitchen,tree trim quote
Sawyer,Anderson78,sawyer.anderson78@example.com,(414) 555-0078,Kenosha,WI,53140,Anderson Properties,Sam,,,
Finley,Moore79,finley.moore79@example.com,(414) 555-0079,Appleton,WI,54911,,,,,
Alex,Smith80,alex.smith80@example.com,(414) 555-0080,Milwaukee,WI,53202,,Pat,two kids,new roof last year,sump pump check
Jordan,Brown81,jordan.brown81@example.com,(414) 555-0081,Waukesha,WI,53186,Brown Properties,Chris,dog named Buddy,loves gardening,insurance deductible question
Sam,Miller82,sam.miller82@example.com,(414) 555-0082,Racine,WI,53403,,Alex,parents nearby,just remodeled kitchen,tree trim quote
Taylor,Martinez83,taylor.martinez83@example.com,(414) 555-0083,Madison,WI,53703,,Sam,,,
Casey,Gonzalez84,casey.gonzalez84@example.com,(414) 555-0084,Green Bay,WI,54301,Gonzalez Properties,,,,
Riley,Thomas85,riley.thomas85@example.com,(414) 555-0085,Chicago,IL,60611,,Pat,two kids,new roof last year,sump pump check
Morgan,Jackson86,morgan.jackson86@example.com,(414) 555-0086,Evanston,IL,60201,,Chris,dog named Buddy,loves gardening,insurance deductible question
Avery,Johnson87,avery.johnson87@example.com,(414) 555-0087,Brookfield,WI,53005,Johnson Properties,Alex,parents nearby,just remodeled kitchen,tree trim quote
Quinn,Jones88,quinn.jones88@example.com,(414) 555-0088,Kenosha,WI,53140,,Sam,,,
Jamie,Davis89,jamie.davis89@example.com,(414) 555-0089,Appleton,WI,54911,,,,,
Cameron,Hernandez90,cameron.hernandez90@example.com,(414) 555-0090,Milwaukee,WI,53202,Hernandez Properties,Pat,two kids,new roof last year,sump pump check
Drew,Wilson91,drew.wilson91@example.com,(414) 555-0091,Waukesha,WI,53186,,Chris,dog named Buddy,loves gardening,insurance deductible question
Reese,Taylor92,reese.taylor92@example.com,(414) 555-0092,Racine,WI,53403,,Alex,parents nearby,just remodeled kitchen,tree trim quote
Skyler,Martin93,skyler.martin93@example.com,(414) 555-0093,Madison,WI,53703,Martin Properties,Sam,,,
Parker,Williams94,parker.williams94@example.com,(414) 555-0094,Green Bay,WI,54301,,,,,
Blake,Garcia95,blake.garcia95@example.com,(414) 555-0095,Chicago,IL,60611,,Pat,two kids,new roof last year,sump pump check
Hayden,Rodriguez96,hayden.rodriguez96@example.com,(414) 555-0096,Evanston,IL,60201,Rodriguez Properties,Chris,dog named Buddy,loves gardening,insurance deductible question
Rowan,Lopez97,rowan.lopez97@example.com,(414) 555-0097,Brookfield,WI,53005,,Alex,parents nearby,just remodeled kitchen,tree trim quote
Sawyer,Anderson98,sawyer.anderson98@example.com,(414) 555-0098,Kenosha,WI,53140,,Sam,,,
Finley,Moore99,finley.moore99@example.com,(414) 555-0099,Appleton,WI,54911,Moore Properties,,,,
Alex,Smith100,alex.smith100@example.com,(414) 555-0100,Milwaukee,WI,53202,,Pat,two kids,new roof last year,sump pump check
Jordan,Brown101,jordan.brown101@example.com,(414) 555-0101,Waukesha,WI,53186,,Chris,dog named Buddy,loves gardening,insurance deductible question
Sam,Miller102,sam.miller102@example.com,(414) 555-0102,Racine,WI,53403,Miller Properties,Alex,parents nearby,just remodeled kitchen,tree trim quote
Taylor,Martinez103,taylor.martinez103@example.com,(414) 555-0103,Madison,WI,53703,,Sam,,,
Casey,Gonzalez104,casey.gonzalez104@example.com,(414) 555-0104,Green Bay,WI,54301,,,,,
Riley,Thomas105,riley.thomas105@example.com,(414) 555-0105,Chicago,IL,60611,Thomas Properties,Pat,two kids,new roof last year,sump pump check
Morgan,Jackson106,morgan.jackson106@example.com,(414) 555-0106,Evanston,IL,60201,,Chris,dog named Buddy,loves gardening,insurance deductible question
Avery,Johnson107,avery.johnson107@example.com,(414) 555-0107,Brookfield,WI,53005,,Alex,parents nearby,just remodeled kitchen,tree trim quote
Quinn,Jones108,quinn.jones108@example.com,(414) 555-0108,Kenosha,WI,53140,Jones Properties,Sam,,,
Jamie,Davis109,jamie.davis109@example.com,(414) 555-0109,Appleton,WI,54911,,,,,
Cameron,Hernandez110,cameron.hernandez110@example.com,(414) 555-0110,Milwaukee,WI,53202,,Pat,two kids,new roof last year,sump pump check
Drew,Wilson111,drew.wilson111@example.com,(414) 555-0111,Waukesha,WI,53186,Wilson Properties,Chris,dog named Buddy,loves gardening,insurance deductible question
Reese,Taylor112,reese.taylor112@example.com,(414) 555-0112,Racine,WI,53403,,Alex,parents nearby,just remodeled kitchen,tree trim quote
Skyler,Martin113,skyler.martin113@example.com,(414) 555-0113,Madison,WI,53703,,Sam,,,
Parker,Williams114,parker.williams114@example.com,(414) 555-0114,Green Bay,WI,54301,Williams Properties,,,,
Blake,Garcia115,blake.garcia115@example.com,(414) 555-0115,Chicago,IL,60611,,Pat,two kids,new roof last year,sump pump check
Hayden,Rodriguez116,hayden.rodriguez116@example.com,(414) 555-0116,Evanston,IL,60201,,Chris,dog named Buddy,loves gardening,insurance deductible question
Rowan,Lopez117,rowan.lopez117@example.com,(414) 555-0117,Brookfield,WI,53005,Lopez Properties,Alex,parents nearby,just remodeled kitchen,tree trim quote
Sawyer,Anderson118,sawyer.anderson118@example.com,(414) 555-0118,Kenosha,WI,53140,,Sam,,,
Finley,Moore119,finley.moore119@example.com,(414) 555-0119,Appleton,WI,54911,,,,,
Alex,Smith120,alex.smith120@example.com,(414) 555-0120,Milwaukee,WI,53202,Smith Properties,Pat,two kids,new roof last year,sump pump check
Jordan,Brown121,jordan.brown121@example.com,(414) 555-0121,Waukesha,WI,53186,,Chris,dog named Buddy,loves gardening,insurance deductible question
Sam,Miller122,sam.miller122@example.com,(414) 555-0122,Racine,WI,53403,,Alex,parents nearby,just remodeled kitchen,tree trim quote
Taylor,Martinez123,taylor.martinez123@example.com,(414) 555-0123,Madison,WI,53703,Martinez Properties,Sam,,,
Casey,Gonzalez124,casey.gonzalez124@example.com,(414) 555-0124,Green Bay,WI,54301,,,,,
Riley,Thomas125,riley.thomas125@example.com,(414) 555-0125,Chicago,IL,60611,,Pat,two kids,new roof last year,sump pump check
Morgan,Jackson126,morgan.jackson126@example.com,(414) 555-0126,Evanston,IL,60201,Jackson Properties,Chris,dog named Buddy,loves gardening,insurance deductible question
Avery,Johnson127,avery.johnson127@example.com,(414) 555-0127,Brookfield,WI,53005,,Alex,parents nearby,just remodeled kitchen,tree trim quote
Quinn,Jones128,quinn.jones128@example.com,(414) 555-0128,Kenosha,WI,53140,,Sam,,,
Jamie,Davis129,jamie.davis129@example.com,(414) 555-0129,Appleton,WI,54911,Davis Properties,,,,
Cameron,Hernandez130,cameron.hernandez130@example.com,(414) 555-0130,Milwaukee,WI,53202,,Pat,two kids,new roof last year,sump pump check
Drew,Wilson131,drew.wilson131@example.com,(414) 555-0131,Waukesha,WI,53186,,Chris,dog named Buddy,loves gardening,insurance deductible question
Reese,Taylor132,reese.taylor132@example.com,(414) 555-0132,Racine,WI,53403,Taylor Properties,Alex,parents nearby,just remodeled kitchen,tree trim quote
Skyler,Martin133,skyler.martin133@example.com,(414) 555-0133,Madison,WI,53703,,Sam,,,
Parker,Williams134,parker.williams134@example.com,(414) 555-0134,Green Bay,WI,54301,,,,,
Blake,Garcia135,blake.garcia135@example.com,(414) 555-0135,Chicago,IL,60611,Garcia Properties,Pat,two kids,new roof last year,sump pump check
Hayden,Rodriguez136,hayden.rodriguez136@example.com,(414) 555-0136,Evanston,IL,60201,,Chris,dog named Buddy,loves gardening,insurance deductible question
Rowan,Lopez137,rowan.lopez137@example.com,(414) 555-0137,Brookfield,WI,53005,,Alex,parents nearby,just remodeled kitchen,tree trim quote
Sawyer,Anderson138,sawyer.anderson138@example.com,(414) 555-0138,Kenosha,WI,53140,Anderson Properties,Sam,,,
Finley,Moore139,finley.moore139@example.com,(414) 555-0139,Appleton,WI,54911,,,,,
Alex,Smith140,alex.smith140@example.com,(414) 555-0140,Milwaukee,WI,53202,,Pat,two kids,new roof last year,sump pump check
Jordan,Brown141,jordan.brown141@example.com,(414) 555-0141,Waukesha,WI,53186,Brown Properties,Chris,dog named Buddy,loves gardening,insurance deductible question
Sam,Miller142,sam.miller142@example.com,(414) 555-0142,Racine,WI,53403,,Alex,parents nearby,just remodeled kitchen,tree trim quote
Taylor,Martinez143,taylor.martinez143@example.com,(414) 555-0143,Madison,WI,53703,,Sam,,,
Casey,Gonzalez144,casey.gonzalez144@example.com,(414) 555-0144,Green Bay,WI,54301,Gonzalez Properties,,,,
Riley,Thomas145,riley.thomas145@example.com,(414) 555-0145,Chicago,IL,60611,,Pat,two kids,new roof last year,sump pump check
Morgan,Jackson146,morgan.jackson146@example.com,(414) 555-0146,Evanston,IL,60201,,Chris,dog named Buddy,loves gardening,insurance deductible question
Avery,Johnson147,avery.johnson147@example.com,(414) 555-0147,Brookfield,WI,53005,Johnson Properties,Alex,parents nearby,just remodeled kitchen,tree trim quote
Quinn,Jones148,quinn.jones148@example.com,(414) 555-0148,Kenosha,WI,53140,,Sam,,,
Jamie,Davis149,jamie.davis149@example.com,(414) 555-0149,Appleton,WI,54911,,,,,
Cameron,Hernandez150,cameron.hernandez150@example.com,(414) 555-0150,Milwaukee,WI,53202,Hernandez Properties,Pat,two kids,new roof last year,sump pump check
Drew,Wilson151,drew.wilson151@example.com,(414) 555-0151,Waukesha,WI,53186,,Chris,dog named Buddy,loves gardening,insurance deductible question
Reese,Taylor152,reese.taylor152@example.com,(414) 555-0152,Racine,WI,53403,,Alex,parents nearby,just remodeled kitchen,tree trim quote
Skyler,Martin153,skyler.martin153@example.com,(414) 555-0153,Madison,WI,53703,Martin Properties,Sam,,,
Parker,Williams154,parker.williams154@example.com,(414) 555-0154,Green Bay,WI,54301,,,,,
Blake,Garcia155,blake.garcia155@example.com,(414) 555-0155,Chicago,IL,60611,,Pat,two kids,new roof last year,sump pump check
Hayden,Rodriguez156,hayden.rodriguez156@example.com,(414) 555-0156,Evanston,IL,60201,Rodriguez Properties,Chris,dog named Buddy,loves gardening,insurance deductible question
Rowan,Lopez157,rowan.lopez157@example.com,(414) 555-0157,Brookfield,WI,53005,,Alex,parents nearby,just remodeled kitchen,tree trim quote
Sawyer,Anderson158,sawyer.anderson158@example.com,(414) 555-0158,Kenosha,WI,53140,,Sam,,,
Finley,Moore159,finley.moore159@example.com,(414) 555-0159,Appleton,WI,54911,Moore Properties,,,,
Alex,Smith160,alex.smith160@example.com,(414) 555-0160,Milwaukee,WI,53202,,Pat,two kids,new roof last year,sump pump check
Jordan,Brown161,jordan.brown161@example.com,(414) 555-0161,Waukesha,WI,53186,,Chris,dog named Buddy,loves gardening,insurance deductible question
Sam,Miller162,sam.miller162@example.com,(414) 555-0162,Racine,WI,53403,Miller Properties,Alex,parents nearby,just remodeled kitchen,tree trim quote
Taylor,Martinez163,taylor.martinez163@example.com,(414) 555-0163,Madison,WI,53703,,Sam,,,
Casey,Gonzalez164,casey.gonzalez164@example.com,(414) 555-0164,Green Bay,WI,54301,,,,,
Riley,Thomas165,riley.thomas165@example.com,(414) 555-0165,Chicago,IL,60611,Thomas Properties,Pat,two kids,new roof last year,sump pump check
Morgan,Jackson166,morgan.jackson166@example.com,(414) 555-0166,Evanston,IL,60201,,Chris,dog named Buddy,loves gardening,insurance deductible question
Avery,Johnson167,avery.johnson167@example.com,(414) 555-0167,Brookfield,WI,53005,,Alex,parents nearby,just remodeled kitchen,tree trim quote
Quinn,Jones168,quinn.jones168@example.com,(414) 555-0168,Kenosha,WI,53140,Jones Properties,Sam,,,
Jamie,Davis169,jamie.davis169@example.com,(414) 555-0169,Appleton,WI,54911,,,,,
Cameron,Hernandez170,cameron.hernandez170@example.com,(414) 555-0170,Milwaukee,WI,53202,,Pat,two kids,new roof last year,sump pump check
Drew,Wilson171,drew.wilson171@example.com,(414) 555-0171,Waukesha,WI,53186,Wilson Properties,Chris,dog named Buddy,loves gardening,insurance deductible question
Reese,Taylor172,reese.taylor172@example.com,(414) 555-0172,Racine,WI,53403,,Alex,parents nearby,just remodeled kitchen,tree trim quote
Skyler,Martin173,skyler.martin173@example.com,(414) 555-0173,Madison,WI,53703,,Sam,,,
Parker,Williams174,parker.williams174@example.com,(414) 555-0174,Green Bay,WI,54301,Williams Properties,,,,
Blake,Garcia175,blake.garcia175@example.com,(414) 555-0175,Chicago,IL,60611,,Pat,two kids,new roof last year,sump pump check
Hayden,Rodriguez176,hayden.rodriguez176@example.com,(414) 555-0176,Evanston,IL,60201,,Chris,dog named Buddy,loves gardening,insurance deductible question
Rowan,Lopez177,rowan.lopez177@example.com,(414) 555-0177,Brookfield,WI,53005,Lopez Properties,Alex,parents nearby,just remodeled kitchen,tree trim quote
Sawyer,Anderson178,sawyer.anderson178@example.com,(414) 555-0178,Kenosha,WI,53140,,Sam,,,
Finley,Moore179,finley.moore179@example.com,(414) 555-0179,Appleton,WI,54911,,,,,
Alex,Smith180,alex.smith180@example.com,(414) 555-0180,Milwaukee,WI,53202,Smith Properties,Pat,two kids,new roof last year,sump pump check
Jordan,Brown181,jordan.brown181@example.com,(414) 555-0181,Waukesha,WI,53186,,Chris,dog named Buddy,loves gardening,insurance deductible question
Sam,Miller182,sam.miller182@example.com,(414) 555-0182,Racine,WI,53403,,Alex,parents nearby,just remodeled kitchen,tree trim quote
Taylor,Martinez183,taylor.martinez183@example.com,(414) 555-0183,Madison,WI,53703,Martinez Properties,Sam,,,
Casey,Gonzalez184,casey.gonzalez184@example.com,(414) 555-0184,Green Bay,WI,54301,,,,,
Riley,Thomas185,riley.thomas185@example.com,(414) 555-0185,Chicago,IL,60611,,Pat,two kids,new roof last year,sump pump check
Morgan,Jackson186,morgan.jackson186@example.com,(414) 555-0186,Evanston,IL,60201,Jackson Properties,Chris,dog named Buddy,loves gardening,insurance deductible question
Avery,Johnson187,avery.johnson187@example.com,(414) 555-0187,Brookfield,WI,53005,,Alex,parents nearby,just remodeled kitchen,tree trim quote
Quinn,Jones188,quinn.jones188@example.com,(414) 555-0188,Kenosha,WI,53140,,Sam,,,
Jamie,Davis189,jamie.davis189@example.com,(414) 555-0189,Appleton,WI,54911,Davis Properties,,,,
Cameron,Hernandez190,cameron.hernandez190@example.com,(414) 555-0190,Milwaukee,WI,53202,,Pat,two kids,new roof last year,sump pump check
Drew,Wilson191,drew.wilson191@example.com,(414) 555-0191,Waukesha,WI,53186,,Chris,dog named Buddy,loves gardening,insurance deductible question
Reese,Taylor192,reese.taylor192@example.com,(414) 555-0192,Racine,WI,53403,Taylor Properties,Alex,parents nearby,just remodeled kitchen,tree trim quote
Skyler,Martin193,skyler.martin193@example.com,(414) 555-0193,Madison,WI,53703,,Sam,,,
Parker,Williams194,parker.williams194@example.com,(414) 555-0194,Green Bay,WI,54301,,,,,
Blake,Garcia195,blake.garcia195@example.com,(414) 555-0195,Chicago,IL,60611,Garcia Properties,Pat,two kids,new roof last year,sump pump check
Hayden,Rodriguez196,hayden.rodriguez196@example.com,(414) 555-0196,Evanston,IL,60201,,Chris,dog named Buddy,loves gardening,insurance deductible question
Rowan,Lopez197,rowan.lopez197@example.com,(414) 555-0197,Brookfield,WI,53005,,Alex,parents nearby,just remodeled kitchen,tree trim quote
Sawyer,Anderson198,sawyer.anderson198@example.com,(414) 555-0198,Kenosha,WI,53140,Anderson Properties,Sam,,,
Finley,Moore199,finley.moore199@example.com,(414) 555-0199,Appleton,WI,54911,,,,,
Alex,Smith200,alex.smith200@example.com,(414) 555-0200,Milwaukee,WI,53202,,Pat,two kids,new roof last year,sump pump check
Jordan,Brown201,jordan.brown201@example.com,(414) 555-0201,Waukesha,WI,53186,Brown Properties,Chris,dog named Buddy,loves gardening,insurance deductible question
Sam,Miller202,sam.miller202@example.com,(414) 555-0202,Racine,WI,53403,,Alex,parents nearby,just remodeled kitchen,tree trim quote
Taylor,Martinez203,taylor.martinez203@example.com,(414) 555-0203,Madison,WI,53703,,Sam,,,
Casey,Gonzalez204,casey.gonzalez204@example.com,(414) 555-0204,Green Bay,WI,54301,Gonzalez Properties,,,,
Riley,Thomas205,riley.thomas205@example.com,(414) 555-0205,Chicago,IL,60611,,Pat,two kids,new roof last year,sump pump check
Morgan,Jackson206,morgan.jackson206@example.com,(414) 555-0206,Evanston,IL,60201,,Chris,dog named Buddy,loves gardening,insurance deductible question
Avery,Johnson207,avery.johnson207@example.com,(414) 555-0207,Brookfield,WI,53005,Johnson Properties,Alex,parents nearby,just remodeled kitchen,tree trim quote
Quinn,Jones208,quinn.jones208@example.com,(414) 555-0208,Kenosha,WI,53140,,Sam,,,
Jamie,Davis209,jamie.davis209@example.com,(414) 555-0209,Appleton,WI,54911,,,,,
Cameron,Hernandez210,cameron.hernandez210@example.com,(414) 555-0210,Milwaukee,WI,53202,Hernandez Properties,Pat,two kids,new roof last year,sump pump check
Drew,Wilson211,drew.wilson211@example.com,(414) 555-0211,Waukesha,WI,53186,,Chris,dog named Buddy,loves gardening,insurance deductible question
Reese,Taylor212,reese.taylor212@example.com,(414) 555-0212,Racine,WI,53403,,Alex,parents nearby,just remodeled kitchen,tree trim quote
Skyler,Martin213,skyler.martin213@example.com,(414) 555-0213,Madison,WI,53703,Martin Properties,Sam,,,
Parker,Williams214,parker.williams214@example.com,(414) 555-0214,Green Bay,WI,54301,,,,,
Blake,Garcia215,blake.garcia215@example.com,(414) 555-0215,Chicago,IL,60611,,Pat,two kids,new roof last year,sump pump check
Hayden,Rodriguez216,hayden.rodriguez216@example.com,(414) 555-0216,Evanston,IL,60201,Rodriguez Properties,Chris,dog named Buddy,loves gardening,insurance deductible question
Rowan,Lopez217,rowan.lopez217@example.com,(414) 555-0217,Brookfield,WI,53005,,Alex,parents nearby,just remodeled kitchen,tree trim quote
Sawyer,Anderson218,sawyer.anderson218@example.com,(414) 555-0218,Kenosha,WI,53140,,Sam,,,
Finley,Moore219,finley.moore219@example.com,(414) 555-0219,Appleton,WI,54911,Moore Properties,,,,
Alex,Smith220,alex.smith220@example.com,(414) 555-0220,Milwaukee,WI,53202,,Pat,two kids,new roof last year,sump pump check
Jordan,Brown221,jordan.brown221@example.com,(414) 555-0221,Waukesha,WI,53186,,Chris,dog named Buddy,loves gardening,insurance deductible question
Sam,Miller222,sam.miller222@example.com,(414) 555-0222,Racine,WI,53403,Miller Properties,Alex,parents nearby,just remodeled kitchen,tree trim quote
Taylor,Martinez223,taylor.martinez223@example.com,(414) 555-0223,Madison,WI,53703,,Sam,,,
Casey,Gonzalez224,casey.gonzalez224@example.com,(414) 555-0224,Green Bay,WI,54301,,,,,
Riley,Thomas225,riley.thomas225@example.com,(414) 555-0225,Chicago,IL,60611,Thomas Properties,Pat,two kids,new roof last year,sump pump check
Morgan,Jackson226,morgan.jackson226@example.com,(414) 555-0226,Evanston,IL,60201,,Chris,dog named Buddy,loves gardening,insurance deductible question
Avery,Johnson227,avery.johnson227@example.com,(414) 555-0227,Brookfield,WI,53005,,Alex,parents nearby,just remodeled kitchen,tree trim quote
Quinn,Jones228,quinn.jones228@example.com,(414) 555-0228,Kenosha,WI,53140,Jones Properties,Sam,,,
Jamie,Davis229,jamie.davis229@example.com,(414) 555-0229,Appleton,WI,54911,,,,,
Cameron,Hernandez230,cameron.hernandez230@example.com,(414) 555-0230,Milwaukee,WI,53202,,Pat,two kids,new roof last year,sump pump check
Drew,Wilson231,drew.wilson231@example.com,(414) 555-0231,Waukesha,WI,53186,Wilson Properties,Chris,dog named Buddy,loves gardening,insurance deductible question
Reese,Taylor232,reese.taylor232@example.com,(414) 555-0232,Racine,WI,53403,,Alex,parents nearby,just remodeled kitchen,tree trim quote
Skyler,Martin233,skyler.martin233@example.com,(414) 555-0233,Madison,WI,53703,,Sam,,,
Parker,Williams234,parker.williams234@example.com,(414) 555-0234,Green Bay,WI,54301,Williams Properties,,,,
Blake,Garcia235,blake.garcia235@example.com,(414) 555-0235,Chicago,IL,60611,,Pat,two kids,new roof last year,sump pump check
Hayden,Rodriguez236,hayden.rodriguez236@example.com,(414) 555-0236,Evanston,IL,60201,,Chris,dog named Buddy,loves gardening,insurance deductible question
Rowan,Lopez237,rowan.lopez237@example.com,(414) 555-0237,Brookfield,WI,53005,Lopez Properties,Alex,parents nearby,just remodeled kitchen,tree trim quote
Sawyer,Anderson238,sawyer.anderson238@example.com,(414) 555-0238,Kenosha,WI,53140,,Sam,,,
Finley,Moore239,finley.moore239@example.com,(414) 555-0239,Appleton,WI,54911,,,,,
Alex,Smith240,alex.smith240@example.com,(414) 555-0240,Milwaukee,WI,53202,Smith Properties,Pat,two kids,new roof last year,sump pump check
Jordan,Brown241,jordan.brown241@example.com,(414) 555-0241,Waukesha,WI,53186,,Chris,dog named Buddy,loves gardening,insurance deductible question
Sam,Miller242,sam.miller242@example.com,(414) 555-0242,Racine,WI,53403,,Alex,parents nearby,just remodeled kitchen,tree trim quote
Taylor,Martinez243,taylor.martinez243@example.com,(414) 555-0243,Madison,WI,53703,Martinez Properties,Sam,,,
Casey,Gonzalez244,casey.gonzalez244@example.com,(414) 555-0244,Green Bay,WI,54301,,,,,
Riley,Thomas245,riley.thomas245@example.com,(414) 555-0245,Chicago,IL,60611,,Pat,two kids,new roof last year,sump pump check
Morgan,Jackson246,morgan.jackson246@example.com,(414) 555-0246,Evanston,IL,60201,Jackson Properties,Chris,dog named Buddy,loves gardening,insurance deductible question
Avery,Johnson247,avery.johnson247@example.com,(414) 555-0247,Brookfield,WI,53005,,Alex,parents nearby,just remodeled kitchen,tree trim quote
Quinn,Jones248,quinn.jones248@example.com,(414) 555-0248,Kenosha,WI,53140,,Sam,,,
Jamie,Davis249,jamie.davis249@example.com,(414) 555-0249,Appleton,WI,54911,Davis Properties,,,,
Cameron,Hernandez250,cameron.hernandez250@example.com,(414) 555-0250,Milwaukee,WI,53202,,Pat,two kids,new roof last year,sump pump check
Drew,Wilson251,drew.wilson251@example.com,(414) 555-0251,Waukesha,WI,53186,,Chris,dog named Buddy,loves gardening,insurance deductible question
Reese,Taylor252,reese.taylor252@example.com,(414) 555-0252,Racine,WI,53403,Taylor Properties,Alex,parents nearby,just remodeled kitchen,tree trim quote
Skyler,Martin253,skyler.martin253@example.com,(414) 555-0253,Madison,WI,53703,,Sam,,,
Parker,Williams254,parker.williams254@example.com,(414) 555-0254,Green Bay,WI,54301,,,,,
Blake,Garcia255,blake.garcia255@example.com,(414) 555-0255,Chicago,IL,60611,Garcia Properties,Pat,two kids,new roof last year,sump pump check
Hayden,Rodriguez256,hayden.rodriguez256@example.com,(414) 555-0256,Evanston,IL,60201,,Chris,dog named Buddy,loves gardening,insurance deductible question
Rowan,Lopez257,rowan.lopez257@example.com,(414) 555-0257,Brookfield,WI,53005,,Alex,parents nearby,just remodeled kitchen,tree trim quote
Sawyer,Anderson258,sawyer.anderson258@example.com,(414) 555-0258,Kenosha,WI,53140,Anderson Properties,Sam,,,
Finley,Moore259,finley.moore259@example.com,(414) 555-0259,Appleton,WI,54911,,,,,
Alex,Smith260,alex.smith260@example.com,(414) 555-0260,Milwaukee,WI,53202,,Pat,two kids,new roof last year,sump pump check
Jordan,Brown261,jordan.brown261@example.com,(414) 555-0261,Waukesha,WI,53186,Brown Properties,Chris,dog named Buddy,loves gardening,insurance deductible question
Sam,Miller262,sam.miller262@example.com,(414) 555-0262,Racine,WI,53403,,Alex,parents nearby,just remodeled kitchen,tree trim quote
Taylor,Martinez263,taylor.martinez263@example.com,(414) 555-0263,Madison,WI,53703,,Sam,,,
Casey,Gonzalez264,casey.gonzalez264@example.com,(414) 555-0264,Green Bay,WI,54301,Gonzalez Properties,,,,
Riley,Thomas265,riley.thomas265@example.com,(414) 555-0265,Chicago,IL,60611,,Pat,two kids,new roof last year,sump pump check
Morgan,Jackson266,morgan.jackson266@example.com,(414) 555-0266,Evanston,IL,60201,,Chris,dog named Buddy,loves gardening,insurance deductible question
Avery,Johnson267,avery.johnson267@example.com,(414) 555-0267,Brookfield,WI,53005,Johnson Properties,Alex,parents nearby,just remodeled kitchen,tree trim quote
Quinn,Jones268,quinn.jones268@example.com,(414) 555-0268,Kenosha,WI,53140,,Sam,,,
Jamie,Davis269,jamie.davis269@example.com,(414) 555-0269,Appleton,WI,54911,,,,,
Cameron,Hernandez270,cameron.hernandez270@example.com,(414) 555-0270,Milwaukee,WI,53202,Hernandez Properties,Pat,two kids,new roof last year,sump pump check
Drew,Wilson271,drew.wilson271@example.com,(414) 555-0271,Waukesha,WI,53186,,Chris,dog named Buddy,loves gardening,insurance deductible question
Reese,Taylor272,reese.taylor272@example.com,(414) 555-0272,Racine,WI,53403,,Alex,parents nearby,just remodeled kitchen,tree trim quote
Skyler,Martin273,skyler.martin273@example.com,(414) 555-0273,Madison,WI,53703,Martin Properties,Sam,,,
Parker,Williams274,parker.williams274@example.com,(414) 555-0274,Green Bay,WI,54301,,,,,
Blake,Garcia275,blake.garcia275@example.com,(414) 555-0275,Chicago,IL,60611,,Pat,two kids,new roof last year,sump pump check
Hayden,Rodriguez276,hayden.rodriguez276@example.com,(414) 555-0276,Evanston,IL,60201,Rodriguez Properties,Chris,dog named Buddy,loves gardening,insurance deductible question
Rowan,Lopez277,rowan.lopez277@example.com,(414) 555-0277,Brookfield,WI,53005,,Alex,parents nearby,just remodeled kitchen,tree trim quote
Sawyer,Anderson278,sawyer.anderson278@example.com,(414) 555-0278,Kenosha,WI,53140,,Sam,,,
Finley,Moore279,finley.moore279@example.com,(414) 555-0279,Appleton,WI,54911,Moore Properties,,,,
Alex,Smith280,alex.smith280@example.com,(414) 555-0280,Milwaukee,WI,53202,,Pat,two kids,new roof last year,sump pump check
Jordan,Brown281,jordan.brown281@example.com,(414) 555-0281,Waukesha,WI,53186,,Chris,dog named Buddy,loves gardening,insurance deductible question
Sam,Miller282,sam.miller282@example.com,(414) 555-0282,Racine,WI,53403,Miller Properties,Alex,parents nearby,just remodeled kitchen,tree trim quote
Taylor,Martinez283,taylor.martinez283@example.com,(414) 555-0283,Madison,WI,53703,,Sam,,,
Casey,Gonzalez284,casey.gonzalez284@example.com,(414) 555-0284,Green Bay,WI,54301,,,,,
Riley,Thomas285,riley.thomas285@example.com,(414) 555-0285,Chicago,IL,60611,Thomas Properties,Pat,two kids,new roof last year,sump pump check
Morgan,Jackson286,morgan.jackson286@example.com,(414) 555-0286,Evanston,IL,60201,,Chris,dog named Buddy,loves gardening,insurance deductible question
Avery,Johnson287,avery.johnson287@example.com,(414) 555-0287,Brookfield,WI,53005,,Alex,parents nearby,just remodeled kitchen,tree trim quote
Quinn,Jones288,quinn.jones288@example.com,(414) 555-0288,Kenosha,WI,53140,Jones Properties,Sam,,,
Jamie,Davis289,jamie.davis289@example.com,(414) 555-0289,Appleton,WI,54911,,,,,
Cameron,Hernandez290,cameron.hernandez290@example.com,(414) 555-0290,Milwaukee,WI,53202,,Pat,two kids,new roof last year,sump pump check
Drew,Wilson291,drew.wilson291@example.com,(414) 555-0291,Waukesha,WI,53186,Wilson Properties,Chris,dog named Buddy,loves gardening,insurance deductible question
Reese,Taylor292,reese.taylor292@example.com,(414) 555-0292,Racine,WI,53403,,Alex,parents nearby,just remodeled kitchen,tree trim quote
Skyler,Martin293,skyler.martin293@example.com,(414) 555-0293,Madison,WI,53703,,Sam,,,
Parker,Williams294,parker.williams294@example.com,(414) 555-0294,Green Bay,WI,54301,Williams Properties,,,,
Blake,Garcia295,blake.garcia295@example.com,(414) 555-0295,Chicago,IL,60611,,Pat,two kids,new roof last year,sump pump check
Hayden,Rodriguez296,hayden.rodriguez296@example.com,(414) 555-0296,Evanston,IL,60201,,Chris,dog named Buddy,loves gardening,insurance deductible question
Rowan,Lopez297,rowan.lopez297@example.com,(414) 555-0297,Brookfield,WI,53005,Lopez Properties,Alex,parents nearby,just remodeled kitchen,tree trim quote
Sawyer,Anderson298,sawyer.anderson298@example.com,(414) 555-0298,Kenosha,WI,53140,,Sam,,,
Finley,Moore299,finley.moore299@example.com,(414) 555-0299,Appleton,WI,54911,,,,,
Alex,Smith300,alex.smith300@example.com,(414) 555-0300,Milwaukee,WI,53202,Smith Properties,Pat,two kids,new roof last year,sump pump check
Jordan,Brown301,jordan.brown301@example.com,(414) 555-0301,Waukesha,WI,53186,,Chris,dog named Buddy,loves gardening,insurance deductible question
Sam,Miller302,sam.miller302@example.com,(414) 555-0302,Racine,WI,53403,,Alex,parents nearby,just remodeled kitchen,tree trim quote
Taylor,Martinez303,taylor.martinez303@example.com,(414) 555-0303,Madison,WI,53703,Martinez Properties,Sam,,,
Casey,Gonzalez304,casey.gonzalez304@example.com,(414) 555-0304,Green Bay,WI,54301,,,,,
Riley,Thomas305,riley.thomas305@example.com,(414) 555-0305,Chicago,IL,60611,,Pat,two kids,new roof last year,sump pump check
Morgan,Jackson306,morgan.jackson306@example.com,(414) 555-0306,Evanston,IL,60201,Jackson Properties,Chris,dog named Buddy,loves gardening,insurance deductible question
Avery,Johnson307,avery.johnson307@example.com,(414) 555-0307,Brookfield,WI,53005,,Alex,parents nearby,just remodeled kitchen,tree trim quote
Quinn,Jones308,quinn.jones308@example.com,(414) 555-0308,Kenosha,WI,53140,,Sam,,,
Jamie,Davis309,jamie.davis309@example.com,(414) 555-0309,Appleton,WI,54911,Davis Properties,,,,
Cameron,Hernandez310,cameron.hernandez310@example.com,(414) 555-0310,Milwaukee,WI,53202,,Pat,two kids,new roof last year,sump pump check
Drew,Wilson311,drew.wilson311@example.com,(414) 555-0311,Waukesha,WI,53186,,Chris,dog named Buddy,loves gardening,insurance deductible question
Reese,Taylor312,reese.taylor312@example.com,(414) 555-0312,Racine,WI,53403,Taylor Properties,Alex,parents nearby,just remodeled kitchen,tree trim quote
Skyler,Martin313,skyler.martin313@example.com,(414) 555-0313,Madison,WI,53703,,Sam,,,
Parker,Williams314,parker.williams314@example.com,(414) 555-0314,Green Bay,WI,54301,,,,,
Blake,Garcia315,blake.garcia315@example.com,(414) 555-0315,Chicago,IL,60611,Garcia Properties,Pat,two kids,new roof last year,sump pump check
Hayden,Rodriguez316,hayden.rodriguez316@example.com,(414) 555-0316,Evanston,IL,60201,,Chris,dog named Buddy,loves gardening,insurance deductible question
Rowan,Lopez317,rowan.lopez317@example.com,(414) 555-0317,Brookfield,WI,53005,,Alex,parents nearby,just remodeled kitchen,tree trim quote
Sawyer,Anderson318,sawyer.anderson318@example.com,(414) 555-0318,Kenosha,WI,53140,Anderson Properties,Sam,,,
Finley,Moore319,finley.moore319@example.com,(414) 555-0319,Appleton,WI,54911,,,,,
Alex,Smith320,alex.smith320@example.com,(414) 555-0320,Milwaukee,WI,53202,,Pat,two kids,new roof last year,sump pump check
Jordan,Brown321,jordan.brown321@example.com,(414) 555-0321,Waukesha,WI,53186,Brown Properties,Chris,dog named Buddy,loves gardening,insurance deductible question
Sam,Miller322,sam.miller322@example.com,(414) 555-0322,Racine,WI,53403,,Alex,parents nearby,just remodeled kitchen,tree trim quote
Taylor,Martinez323,taylor.martinez323@example.com,(414) 555-0323,Madison,WI,53703,,Sam,,,
Casey,Gonzalez324,casey.gonzalez324@example.com,(414) 555-0324,Green Bay,WI,54301,Gonzalez Properties,,,,
Riley,Thomas325,riley.thomas325@example.com,(414) 555-0325,Chicago,IL,60611,,Pat,two kids,new roof last year,sump pump check
Morgan,Jackson326,morgan.jackson326@example.com,(414) 555-0326,Evanston,IL,60201,,Chris,dog named Buddy,loves gardening,insurance deductible question
Avery,Johnson327,avery.johnson327@example.com,(414) 555-0327,Brookfield,WI,53005,Johnson Properties,Alex,parents nearby,just remodeled kitchen,tree trim quote
Quinn,Jones328,quinn.jones328@example.com,(414) 555-0328,Kenosha,WI,53140,,Sam,,,
Jamie,Davis329,jamie.davis329@example.com,(414) 555-0329,Appleton,WI,54911,,,,,
Cameron,Hernandez330,cameron.hernandez330@example.com,(414) 555-0330,Milwaukee,WI,53202,Hernandez Properties,Pat,two kids,new roof last year,sump pump check
Drew,Wilson331,drew.wilson331@example.com,(414) 555-0331,Waukesha,WI,53186,,Chris,dog named Buddy,loves gardening,insurance deductible question
Reese,Taylor332,reese.taylor332@example.com,(414) 555-0332,Racine,WI,53403,,Alex,parents nearby,just remodeled kitchen,tree trim quote
Skyler,Martin333,skyler.martin333@example.com,(414) 555-0333,Madison,WI,53703,Martin Properties,Sam,,,
Parker,Williams334,parker.williams334@example.com,(414) 555-0334,Green Bay,WI,54301,,,,,
Blake,Garcia335,blake.garcia335@example.com,(414) 555-0335,Chicago,IL,60611,,Pat,two kids,new roof last year,sump pump check
Hayden,Rodriguez336,hayden.rodriguez336@example.com,(414) 555-0336,Evanston,IL,60201,Rodriguez Properties,Chris,dog named Buddy,loves gardening,insurance deductible question
Rowan,Lopez337,rowan.lopez337@example.com,(414) 555-0337,Brookfield,WI,53005,,Alex,parents nearby,just remodeled kitchen,tree trim quote
Sawyer,Anderson338,sawyer.anderson338@example.com,(414) 555-0338,Kenosha,WI,53140,,Sam,,,
Finley,Moore339,finley.moore339@example.com,(414) 555-0339,Appleton,WI,54911,Moore Properties,,,,
Alex,Smith340,alex.smith340@example.com,(414) 555-0340,Milwaukee,WI,53202,,Pat,two kids,new roof last year,sump pump check
Jordan,Brown341,jordan.brown341@example.com,(414) 555-0341,Waukesha,WI,53186,,Chris,dog named Buddy,loves gardening,insurance deductible question
Sam,Miller342,sam.miller342@example.com,(414) 555-0342,Racine,WI,53403,Miller Properties,Alex,parents nearby,just remodeled kitchen,tree trim quote
Taylor,Martinez343,taylor.martinez343@example.com,(414) 555-0343,Madison,WI,53703,,Sam,,,
Casey,Gonzalez344,casey.gonzalez344@example.com,(414) 555-0344,Green Bay,WI,54301,,,,,
Riley,Thomas345,riley.thomas345@example.com,(414) 555-0345,Chicago,IL,60611,Thomas Properties,Pat,two kids,new roof last year,sump pump check
Morgan,Jackson346,morgan.jackson346@example.com,(414) 555-0346,Evanston,IL,60201,,Chris,dog named Buddy,loves gardening,insurance deductible question
Avery,Johnson347,avery.johnson347@example.com,(414) 555-0347,Brookfield,WI,53005,,Alex,parents nearby,just remodeled kitchen,tree trim quote
Quinn,Jones348,quinn.jones348@example.com,(414) 555-0348,Kenosha,WI,53140,Jones Properties,Sam,,,
Jamie,Davis349,jamie.davis349@example.com,(414) 555-0349,Appleton,WI,54911,,,,,
Cameron,Hernandez350,cameron.hernandez350@example.com,(414) 555-0350,Milwaukee,WI,53202,,Pat,two kids,new roof last year,sump pump check
Drew,Wilson351,drew.wilson351@example.com,(414) 555-0351,Waukesha,WI,53186,Wilson Properties,Chris,dog named Buddy,loves gardening,insurance deductible question
Reese,Taylor352,reese.taylor352@example.com,(414) 555-0352,Racine,WI,53403,,Alex,parents nearby,just remodeled kitchen,tree trim quote
Skyler,Martin353,skyler.martin353@example.com,(414) 555-0353,Madison,WI,53703,,Sam,,,
Parker,Williams354,parker.williams354@example.com,(414) 555-0354,Green Bay,WI,54301,Williams Properties,,,,
Blake,Garcia355,blake.garcia355@example.com,(414) 555-0355,Chicago,IL,60611,,Pat,two kids,new roof last year,sump pump check
Hayden,Rodriguez356,hayden.rodriguez356@example.com,(414) 555-0356,Evanston,IL,60201,,Chris,dog named Buddy,loves gardening,insurance deductible question
Rowan,Lopez357,rowan.lopez357@example.com,(414) 555-0357,Brookfield,WI,53005,Lopez Properties,Alex,parents nearby,just remodeled kitchen,tree trim quote
Sawyer,Anderson358,sawyer.anderson358@example.com,(414) 555-0358,Kenosha,WI,53140,,Sam,,,
Finley,Moore359,finley.moore359@example.com,(414) 555-0359,Appleton,WI,54911,,,,,
Alex,Smith360,alex.smith360@example.com,(414) 555-0360,Milwaukee,WI,53202,Smith Properties,Pat,two kids,new roof last year,sump pump check
Jordan,Brown361,jordan.brown361@example.com,(414) 555-0361,Waukesha,WI,53186,,Chris,dog named Buddy,loves gardening,insurance deductible question
Sam,Miller362,sam.miller362@example.com,(414) 555-0362,Racine,WI,53403,,Alex,parents nearby,just remodeled kitchen,tree trim quote
Taylor,Martinez363,taylor.martinez363@example.com,(414) 555-0363,Madison,WI,53703,Martinez Properties,Sam,,,
Casey,Gonzalez364,casey.gonzalez364@example.com,(414) 555-0364,Green Bay,WI,54301,,,,,
Riley,Thomas365,riley.thomas365@example.com,(414) 555-0365,Chicago,IL,60611,,Pat,two kids,new roof last year,sump pump check
Morgan,Jackson366,morgan.jackson366@example.com,(414) 555-0366,Evanston,IL,60201,Jackson Properties,Chris,dog named Buddy,loves gardening,insurance deductible question
Avery,Johnson367,avery.johnson367@example.com,(414) 555-0367,Brookfield,WI,53005,,Alex,parents nearby,just remodeled kitchen,tree trim quote
Quinn,Jones368,quinn.jones368@example.com,(414) 555-0368,Kenosha,WI,53140,,Sam,,,
Jamie,Davis369,jamie.davis369@example.com,(414) 555-0369,Appleton,WI,54911,Davis Properties,,,,
Cameron,Hernandez370,cameron.hernandez370@example.com,(414) 555-0370,Milwaukee,WI,53202,,Pat,two kids,new roof last year,sump pump check
Drew,Wilson371,drew.wilson371@example.com,(414) 555-0371,Waukesha,WI,53186,,Chris,dog named Buddy,loves gardening,insurance deductible question
Reese,Taylor372,reese.taylor372@example.com,(414) 555-0372,Racine,WI,53403,Taylor Properties,Alex,parents nearby,just remodeled kitchen,tree trim quote
Skyler,Martin373,skyler.martin373@example.com,(414) 555-0373,Madison,WI,53703,,Sam,,,
Parker,Williams374,parker.williams374@example.com,(414) 555-0374,Green Bay,WI,54301,,,,,
Blake,Garcia375,blake.garcia375@example.com,(414) 555-0375,Chicago,IL,60611,Garcia Properties,Pat,two kids,new roof last year,sump pump check
Hayden,Rodriguez376,hayden.rodriguez376@example.com,(414) 555-0376,Evanston,IL,60201,,Chris,dog named Buddy,loves gardening,insurance deductible question
Rowan,Lopez377,rowan.lopez377@example.com,(414) 555-0377,Brookfield,WI,53005,,Alex,parents nearby,just remodeled kitchen,tree trim quote
Sawyer,Anderson378,sawyer.anderson378@example.com,(414) 555-0378,Kenosha,WI,53140,Anderson Properties,Sam,,,
Finley,Moore379,finley.moore379@example.com,(414) 555-0379,Appleton,WI,54911,,,,,
Alex,Smith380,alex.smith380@example.com,(414) 555-0380,Milwaukee,WI,53202,,Pat,two kids,new roof last year,sump pump check
Jordan,Brown381,jordan.brown381@example.com,(414) 555-0381,Waukesha,WI,53186,Brown Properties,Chris,dog named Buddy,loves gardening,insurance deductible question
Sam,Miller382,sam.miller382@example.com,(414) 555-0382,Racine,WI,53403,,Alex,parents nearby,just remodeled kitchen,tree trim quote
Taylor,Martinez383,taylor.martinez383@example.com,(414) 555-0383,Madison,WI,53703,,Sam,,,
Casey,Gonzalez384,casey.gonzalez384@example.com,(414) 555-0384,Green Bay,WI,54301,Gonzalez Properties,,,,
Riley,Thomas385,riley.thomas385@example.com,(414) 555-0385,Chicago,IL,60611,,Pat,two kids,new roof last year,sump pump check
Morgan,Jackson386,morgan.jackson386@example.com,(414) 555-0386,Evanston,IL,60201,,Chris,dog named Buddy,loves gardening,insurance deductible question
Avery,Johnson387,avery.johnson387@example.com,(414) 555-0387,Brookfield,WI,53005,Johnson Properties,Alex,parents nearby,just remodeled kitchen,tree trim quote
Quinn,Jones388,quinn.jones388@example.com,(414) 555-0388,Kenosha,WI,53140,,Sam,,,
Jamie,Davis389,jamie.davis389@example.com,(414) 555-0389,Appleton,WI,54911,,,,,
Cameron,Hernandez390,cameron.hernandez390@example.com,(414) 555-0390,Milwaukee,WI,53202,Hernandez Properties,Pat,two kids,new roof last year,sump pump check
Drew,Wilson391,drew.wilson391@example.com,(414) 555-0391,Waukesha,WI,53186,,Chris,dog named Buddy,loves gardening,insurance deductible question
Reese,Taylor392,reese.taylor392@example.com,(414) 555-0392,Racine,WI,53403,,Alex,parents nearby,just remodeled kitchen,tree trim quote
Skyler,Martin393,skyler.martin393@example.com,(414) 555-0393,Madison,WI,53703,Martin Properties,Sam,,,
Parker,Williams394,parker.williams394@example.com,(414) 555-0394,Green Bay,WI,54301,,,,,
Blake,Garcia395,blake.garcia395@example.com,(414) 555-0395,Chicago,IL,60611,,Pat,two kids,new roof last year,sump pump check
Hayden,Rodriguez396,hayden.rodriguez396@example.com,(414) 555-0396,Evanston,IL,60201,Rodriguez Properties,Chris,dog named Buddy,loves gardening,insurance deductible question
Rowan,Lopez397,rowan.lopez397@example.com,(414) 555-0397,Brookfield,WI,53005,,Alex,parents nearby,just remodeled kitchen,tree trim quote
Sawyer,Anderson398,sawyer.anderson398@example.com,(414) 555-0398,Kenosha,WI,53140,,Sam,,,
Finley,Moore399,finley.moore399@example.com,(414) 555-0399,Appleton,WI,54911,Moore Properties,,,,
Alex,Smith400,alex.smith400@example.com,(414) 555-0400,Milwaukee,WI,53202,,Pat,two kids,new roof last year,sump pump check
Jordan,Brown401,jordan.brown401@example.com,(414) 555-0401,Waukesha,WI,53186,,Chris,dog named Buddy,loves gardening,insurance deductible question
Sam,Miller402,sam.miller402@example.com,(414) 555-0402,Racine,WI,53403,Miller Properties,Alex,parents nearby,just remodeled kitchen,tree trim quote
Taylor,Martinez403,taylor.martinez403@example.com,(414) 555-0403,Madison,WI,53703,,Sam,,,
Casey,Gonzalez404,casey.gonzalez404@example.com,(414) 555-0404,Green Bay,WI,54301,,,,,
Riley,Thomas405,riley.thomas405@example.com,(414) 555-0405,Chicago,IL,60611,Thomas Properties,Pat,two kids,new roof last year,sump pump check
Morgan,Jackson406,morgan.jackson406@example.com,(414) 555-0406,Evanston,IL,60201,,Chris,dog named Buddy,loves gardening,insurance deductible question
Avery,Johnson407,avery.johnson407@example.com,(414) 555-0407,Brookfield,WI,53005,,Alex,parents nearby,just remodeled kitchen,tree trim quote
Quinn,Jones408,quinn.jones408@example.com,(414) 555-0408,Kenosha,WI,53140,Jones Properties,Sam,,,
Jamie,Davis409,jamie.davis409@example.com,(414) 555-0409,Appleton,WI,54911,,,,,
Cameron,Hernandez410,cameron.hernandez410@example.com,(414) 555-0410,Milwaukee,WI,53202,,Pat,two kids,new roof last year,sump pump check
Drew,Wilson411,drew.wilson411@example.com,(414) 555-0411,Waukesha,WI,53186,Wilson Properties,Chris,dog named Buddy,loves gardening,insurance deductible question
Reese,Taylor412,reese.taylor412@example.com,(414) 555-0412,Racine,WI,53403,,Alex,parents nearby,just remodeled kitchen,tree trim quote
Skyler,Martin413,skyler.martin413@example.com,(414) 555-0413,Madison,WI,53703,,Sam,,,
Parker,Williams414,parker.williams414@example.com,(414) 555-0414,Green Bay,WI,54301,Williams Properties,,,,
Blake,Garcia415,blake.garcia415@example.com,(414) 555-0415,Chicago,IL,60611,,Pat,two kids,new roof last year,sump pump check
Hayden,Rodriguez416,hayden.rodriguez416@example.com,(414) 555-0416,Evanston,IL,60201,,Chris,dog named Buddy,loves gardening,insurance deductible question
Rowan,Lopez417,rowan.lopez417@example.com,(414) 555-0417,Brookfield,WI,53005,Lopez Properties,Alex,parents nearby,just remodeled kitchen,tree trim quote
Sawyer,Anderson418,sawyer.anderson418@example.com,(414) 555-0418,Kenosha,WI,53140,,Sam,,,
Finley,Moore419,finley.moore419@example.com,(414) 555-0419,Appleton,WI,54911,,,,,
Alex,Smith420,alex.smith420@example.com,(414) 555-0420,Milwaukee,WI,53202,Smith Properties,Pat,two kids,new roof last year,sump pump check
Jordan,Brown421,jordan.brown421@example.com,(414) 555-0421,Waukesha,WI,53186,,Chris,dog named Buddy,loves gardening,insurance deductible question
Sam,Miller422,sam.miller422@example.com,(414) 555-0422,Racine,WI,53403,,Alex,parents nearby,just remodeled kitchen,tree trim quote
Taylor,Martinez423,taylor.martinez423@example.com,(414) 555-0423,Madison,WI,53703,Martinez Properties,Sam,,,
Casey,Gonzalez424,casey.gonzalez424@example.com,(414) 555-0424,Green Bay,WI,54301,,,,,
Riley,Thomas425,riley.thomas425@example.com,(414) 555-0425,Chicago,IL,60611,,Pat,two kids,new roof last year,sump pump check
Morgan,Jackson426,morgan.jackson426@example.com,(414) 555-0426,Evanston,IL,60201,Jackson Properties,Chris,dog named Buddy,loves gardening,insurance deductible question
Avery,Johnson427,avery.johnson427@example.com,(414) 555-0427,Brookfield,WI,53005,,Alex,parents nearby,just remodeled kitchen,tree trim quote
Quinn,Jones428,quinn.jones428@example.com,(414) 555-0428,Kenosha,WI,53140,,Sam,,,
Jamie,Davis429,jamie.davis429@example.com,(414) 555-0429,Appleton,WI,54911,Davis Properties,,,,
Cameron,Hernandez430,cameron.hernandez430@example.com,(414) 555-0430,Milwaukee,WI,53202,,Pat,two kids,new roof last year,sump pump check
Drew,Wilson431,drew.wilson431@example.com,(414) 555-0431,Waukesha,WI,53186,,Chris,dog named Buddy,loves gardening,insurance deductible question
Reese,Taylor432,reese.taylor432@example.com,(414) 555-0432,Racine,WI,53403,Taylor Properties,Alex,parents nearby,just remodeled kitchen,tree trim quote
Skyler,Martin433,skyler.martin433@example.com,(414) 555-0433,Madison,WI,53703,,Sam,,,
Parker,Williams434,parker.williams434@example.com,(414) 555-0434,Green Bay,WI,54301,,,,,
Blake,Garcia435,blake.garcia435@example.com,(414) 555-0435,Chicago,IL,60611,Garcia Properties,Pat,two kids,new roof last year,sump pump check
Hayden,Rodriguez436,hayden.rodriguez436@example.com,(414) 555-0436,Evanston,IL,60201,,Chris,dog named Buddy,loves gardening,insurance deductible question
Rowan,Lopez437,rowan.lopez437@example.com,(414) 555-0437,Brookfield,WI,53005,,Alex,parents nearby,just remodeled kitchen,tree trim quote
Sawyer,Anderson438,sawyer.anderson438@example.com,(414) 555-0438,Kenosha,WI,53140,Anderson Properties,Sam,,,
Finley,Moore439,finley.moore439@example.com,(414) 555-0439,Appleton,WI,54911,,,,,
Alex,Smith440,alex.smith440@example.com,(414) 555-0440,Milwaukee,WI,53202,,Pat,two kids,new roof last year,sump pump check
Jordan,Brown441,jordan.brown441@example.com,(414) 555-0441,Waukesha,WI,53186,Brown Properties,Chris,dog named Buddy,loves gardening,insurance deductible question
Sam,Miller442,sam.miller442@example.com,(414) 555-0442,Racine,WI,53403,,Alex,parents nearby,just remodeled kitchen,tree trim quote
Taylor,Martinez443,taylor.martinez443@example.com,(414) 555-0443,Madison,WI,53703,,Sam,,,
Casey,Gonzalez444,casey.gonzalez444@example.com,(414) 555-0444,Green Bay,WI,54301,Gonzalez Properties,,,,
Riley,Thomas445,riley.thomas445@example.com,(414) 555-0445,Chicago,IL,60611,,Pat,two kids,new roof last year,sump pump check
Morgan,Jackson446,morgan.jackson446@example.com,(414) 555-0446,Evanston,IL,60201,,Chris,dog named Buddy,loves gardening,insurance deductible question
Avery,Johnson447,avery.johnson447@example.com,(414) 555-0447,Brookfield,WI,53005,Johnson Properties,Alex,parents nearby,just remodeled kitchen,tree trim quote
Quinn,Jones448,quinn.jones448@example.com,(414) 555-0448,Kenosha,WI,53140,,Sam,,,
Jamie,Davis449,jamie.davis449@example.com,(414) 555-0449,Appleton,WI,54911,,,,,
Cameron,Hernandez450,cameron.hernandez450@example.com,(414) 555-0450,Milwaukee,WI,53202,Hernandez Properties,Pat,two kids,new roof last year,sump pump check
Drew,Wilson451,drew.wilson451@example.com,(414) 555-0451,Waukesha,WI,53186,,Chris,dog named Buddy,loves gardening,insurance deductible question
Reese,Taylor452,reese.taylor452@example.com,(414) 555-0452,Racine,WI,53403,,Alex,parents nearby,just remodeled kitchen,tree trim quote
Skyler,Martin453,skyler.martin453@example.com,(414) 555-0453,Madison,WI,53703,Martin Properties,Sam,,,
Parker,Williams454,parker.williams454@example.com,(414) 555-0454,Green Bay,WI,54301,,,,,
Blake,Garcia455,blake.garcia455@example.com,(414) 555-0455,Chicago,IL,60611,,Pat,two kids,new roof last year,sump pump check
Hayden,Rodriguez456,hayden.rodriguez456@example.com,(414) 555-0456,Evanston,IL,60201,Rodriguez Properties,Chris,dog named Buddy,loves gardening,insurance deductible question
Rowan,Lopez457,rowan.lopez457@example.com,(414) 555-0457,Brookfield,WI,53005,,Alex,parents nearby,just remodeled kitchen,tree trim quote
Sawyer,Anderson458,sawyer.anderson458@example.com,(414) 555-0458,Kenosha,WI,53140,,Sam,,,
Finley,Moore459,finley.moore459@example.com,(414) 555-0459,Appleton,WI,54911,Moore Properties,,,,
Alex,Smith460,alex.smith460@example.com,(414) 555-0460,Milwaukee,WI,53202,,Pat,two kids,new roof last year,sump pump check
Jordan,Brown461,jordan.brown461@example.com,(414) 555-0461,Waukesha,WI,53186,,Chris,dog named Buddy,loves gardening,insurance deductible question
Sam,Miller462,sam.miller462@example.com,(414) 555-0462,Racine,WI,53403,Miller Properties,Alex,parents nearby,just remodeled kitchen,tree trim quote
Taylor,Martinez463,taylor.martinez463@example.com,(414) 555-0463,Madison,WI,53703,,Sam,,,
Casey,Gonzalez464,casey.gonzalez464@example.com,(414) 555-0464,Green Bay,WI,54301,,,,,
Riley,Thomas465,riley.thomas465@example.com,(414) 555-0465,Chicago,IL,60611,Thomas Properties,Pat,two kids,new roof last year,sump pump check
Morgan,Jackson466,morgan.jackson466@example.com,(414) 555-0466,Evanston,IL,60201,,Chris,dog named Buddy,loves gardening,insurance deductible question
Avery,Johnson467,avery.johnson467@example.com,(414) 555-0467,Brookfield,WI,53005,,Alex,parents nearby,just remodeled kitchen,tree trim quote
Quinn,Jones468,quinn.jones468@example.com,(414) 555-0468,Kenosha,WI,53140,Jones Properties,Sam,,,
Jamie,Davis469,jamie.davis469@example.com,(414) 555-0469,Appleton,WI,54911,,,,,
Cameron,Hernandez470,cameron.hernandez470@example.com,(414) 555-0470,Milwaukee,WI,53202,,Pat,two kids,new roof last year,sump pump check
Drew,Wilson471,drew.wilson471@example.com,(414) 555-0471,Waukesha,WI,53186,Wilson Properties,Chris,dog named Buddy,loves gardening,insurance deductible question
Reese,Taylor472,reese.taylor472@example.com,(414) 555-0472,Racine,WI,53403,,Alex,parents nearby,just remodeled kitchen,tree trim quote
Skyler,Martin473,skyler.martin473@example.com,(414) 555-0473,Madison,WI,53703,,Sam,,,
Parker,Williams474,parker.williams474@example.com,(414) 555-0474,Green Bay,WI,54301,Williams Properties,,,,
Blake,Garcia475,blake.garcia475@example.com,(414) 555-0475,Chicago,IL,60611,,Pat,two kids,new roof last year,sump pump check
Hayden,Rodriguez476,hayden.rodriguez476@example.com,(414) 555-0476,Evanston,IL,60201,,Chris,dog named Buddy,loves gardening,insurance deductible question
Rowan,Lopez477,rowan.lopez477@example.com,(414) 555-0477,Brookfield,WI,53005,Lopez Properties,Alex,parents nearby,just remodeled kitchen,tree trim quote
Sawyer,Anderson478,sawyer.anderson478@example.com,(414) 555-0478,Kenosha,WI,53140,,Sam,,,
Finley,Moore479,finley.moore479@example.com,(414) 555-0479,Appleton,WI,54911,,,,,
Alex,Smith480,alex.smith480@example.com,(414) 555-0480,Milwaukee,WI,53202,Smith Properties,Pat,two kids,new roof last year,sump pump check
Jordan,Brown481,jordan.brown481@example.com,(414) 555-0481,Waukesha,WI,53186,,Chris,dog named Buddy,loves gardening,insurance deductible question
Sam,Miller482,sam.miller482@example.com,(414) 555-0482,Racine,WI,53403,,Alex,parents nearby,just remodeled kitchen,tree trim quote
Taylor,Martinez483,taylor.martinez483@example.com,(414) 555-0483,Madison,WI,53703,Martinez Properties,Sam,,,
Casey,Gonzalez484,casey.gonzalez484@example.com,(414) 555-0484,Green Bay,WI,54301,,,,,
Riley,Thomas485,riley.thomas485@example.com,(414) 555-0485,Chicago,IL,60611,,Pat,two kids,new roof last year,sump pump check
Morgan,Jackson486,morgan.jackson486@example.com,(414) 555-0486,Evanston,IL,60201,Jackson Properties,Chris,dog named Buddy,loves gardening,insurance deductible question
Avery,Johnson487,avery.johnson487@example.com,(414) 555-0487,Brookfield,WI,53005,,Alex,parents nearby,just remodeled kitchen,tree trim quote
Quinn,Jones488,quinn.jones488@example.com,(414) 555-0488,Kenosha,WI,53140,,Sam,,,
Jamie,Davis489,jamie.davis489@example.com,(414) 555-0489,Appleton,WI,54911,Davis Properties,,,,
Cameron,Hernandez490,cameron.hernandez490@example.com,(414) 555-0490,Milwaukee,WI,53202,,Pat,two kids,new roof last year,sump pump check
Drew,Wilson491,drew.wilson491@example.com,(414) 555-0491,Waukesha,WI,53186,,Chris,dog named Buddy,loves gardening,insurance deductible question
Reese,Taylor492,reese.taylor492@example.com,(414) 555-0492,Racine,WI,53403,Taylor Properties,Alex,parents nearby,just remodeled kitchen,tree trim quote
Skyler,Martin493,skyler.martin493@example.com,(414) 555-0493,Madison,WI,53703,,Sam,,,
Parker,Williams494,parker.williams494@example.com,(414) 555-0494,Green Bay,WI,54301,,,,,
Blake,Garcia495,blake.garcia495@example.com,(414) 555-0495,Chicago,IL,60611,Garcia Properties,Pat,two kids,new roof last year,sump pump check
Hayden,Rodriguez496,hayden.rodriguez496@example.com,(414) 555-0496,Evanston,IL,60201,,Chris,dog named Buddy,loves gardening,insurance deductible question
Rowan,Lopez497,rowan.lopez497@example.com,(414) 555-0497,Brookfield,WI,53005,,Alex,parents nearby,just remodeled kitchen,tree trim quote
Sawyer,Anderson498,sawyer.anderson498@example.com,(414) 555-0498,Kenosha,WI,53140,Anderson Properties,Sam,,,
Finley,Moore499,finley.moore499@example.com,(414) 555-0499,Appleton,WI,54911,,,,,
Alex,Smith500,alex.smith500@example.com,(414) 555-0500,Milwaukee,WI,53202,,Pat,two kids,new roof last year,sump pump check
Jordan,Brown501,jordan.brown501@example.com,(414) 555-0501,Waukesha,WI,53186,Brown Properties,Chris,dog named Buddy,loves gardening,insurance deductible question
Sam,Miller502,sam.miller502@example.com,(414) 555-0502,Racine,WI,53403,,Alex,parents nearby,just remodeled kitchen,tree trim quote
Taylor,Martinez503,taylor.martinez503@example.com,(414) 555-0503,Madison,WI,53703,,Sam,,,
Casey,Gonzalez504,casey.gonzalez504@example.com,(414) 555-0504,Green Bay,WI,54301,Gonzalez Properties,,,,
Riley,Thomas505,riley.thomas505@example.com,(414) 555-0505,Chicago,IL,60611,,Pat,two kids,new roof last year,sump pump check
Morgan,Jackson506,morgan.jackson506@example.com,(414) 555-0506,Evanston,IL,60201,,Chris,dog named Buddy,loves gardening,insurance deductible question
Avery,Johnson507,avery.johnson507@example.com,(414) 555-0507,Brookfield,WI,53005,Johnson Properties,Alex,parents nearby,just remodeled kitchen,tree trim quote
Quinn,Jones508,quinn.jones508@example.com,(414) 555-0508,Kenosha,WI,53140,,Sam,,,
Jamie,Davis509,jamie.davis509@example.com,(414) 555-0509,Appleton,WI,54911,,,,,
Cameron,Hernandez510,cameron.hernandez510@example.com,(414) 555-0510,Milwaukee,WI,53202,Hernandez Properties,Pat,two kids,new roof last year,sump pump check
Drew,Wilson511,drew.wilson511@example.com,(414) 555-0511,Waukesha,WI,53186,,Chris,dog named Buddy,loves gardening,insurance deductible question
Reese,Taylor512,reese.taylor512@example.com,(414) 555-0512,Racine,WI,53403,,Alex,parents nearby,just remodeled kitchen,tree trim quote
Skyler,Martin513,skyler.martin513@example.com,(414) 555-0513,Madison,WI,53703,Martin Properties,Sam,,,
Parker,Williams514,parker.williams514@example.com,(414) 555-0514,Green Bay,WI,54301,,,,,
Blake,Garcia515,blake.garcia515@example.com,(414) 555-0515,Chicago,IL,60611,,Pat,two kids,new roof last year,sump pump check
Hayden,Rodriguez516,hayden.rodriguez516@example.com,(414) 555-0516,Evanston,IL,60201,Rodriguez Properties,Chris,dog named Buddy,loves gardening,insurance deductible question
Rowan,Lopez517,rowan.lopez517@example.com,(414) 555-0517,Brookfield,WI,53005,,Alex,parents nearby,just remodeled kitchen,tree trim quote
Sawyer,Anderson518,sawyer.anderson518@example.com,(414) 555-0518,Kenosha,WI,53140,,Sam,,,
Finley,Moore519,finley.moore519@example.com,(414) 555-0519,Appleton,WI,54911,Moore Properties,,,,
Alex,Smith520,alex.smith520@example.com,(414) 555-0520,Milwaukee,WI,53202,,Pat,two kids,new roof last year,sump pump check
Jordan,Brown521,jordan.brown521@example.com,(414) 555-0521,Waukesha,WI,53186,,Chris,dog named Buddy,loves gardening,insurance deductible question
Sam,Miller522,sam.miller522@example.com,(414) 555-0522,Racine,WI,53403,Miller Properties,Alex,parents nearby,just remodeled kitchen,tree trim quote
Taylor,Martinez523,taylor.martinez523@example.com,(414) 555-0523,Madison,WI,53703,,Sam,,,
Casey,Gonzalez524,casey.gonzalez524@example.com,(414) 555-0524,Green Bay,WI,54301,,,,,
Riley,Thomas525,riley.thomas525@example.com,(414) 555-0525,Chicago,IL,60611,Thomas Properties,Pat,two kids,new roof last year,sump pump check
Morgan,Jackson526,morgan.jackson526@example.com,(414) 555-0526,Evanston,IL,60201,,Chris,dog named Buddy,loves gardening,insurance deductible question
Avery,Johnson527,avery.johnson527@example.com,(414) 555-0527,Brookfield,WI,53005,,Alex,parents nearby,just remodeled kitchen,tree trim quote
Quinn,Jones528,quinn.jones528@example.com,(414) 555-0528,Kenosha,WI,53140,Jones Properties,Sam,,,
Jamie,Davis529,jamie.davis529@example.com,(414) 555-0529,Appleton,WI,54911,,,,,
Cameron,Hernandez530,cameron.hernandez530@example.com,(414) 555-0530,Milwaukee,WI,53202,,Pat,two kids,new roof last year,sump pump check
Drew,Wilson531,drew.wilson531@example.com,(414) 555-0531,Waukesha,WI,53186,Wilson Properties,Chris,dog named Buddy,loves gardening,insurance deductible question
Reese,Taylor532,reese.taylor532@example.com,(414) 555-0532,Racine,WI,53403,,Alex,parents nearby,just remodeled kitchen,tree trim quote
Skyler,Martin533,skyler.martin533@example.com,(414) 555-0533,Madison,WI,53703,,Sam,,,
Parker,Williams534,parker.williams534@example.com,(414) 555-0534,Green Bay,WI,54301,Williams Properties,,,,
Blake,Garcia535,blake.garcia535@example.com,(414) 555-0535,Chicago,IL,60611,,Pat,two kids,new roof last year,sump pump check
Hayden,Rodriguez536,hayden.rodriguez536@example.com,(414) 555-0536,Evanston,IL,60201,,Chris,dog named Buddy,loves gardening,insurance deductible question
Rowan,Lopez537,rowan.lopez537@example.com,(414) 555-0537,Brookfield,WI,53005,Lopez Properties,Alex,parents nearby,just remodeled kitchen,tree trim quote
Sawyer,Anderson538,sawyer.anderson538@example.com,(414) 555-0538,Kenosha,WI,53140,,Sam,,,
Finley,Moore539,finley.moore539@example.com,(414) 555-0539,Appleton,WI,54911,,,,,
Alex,Smith540,alex.smith540@example.com,(414) 555-0540,Milwaukee,WI,53202,Smith Properties,Pat,two kids,new roof last year,sump pump check
Jordan,Brown541,jordan.brown541@example.com,(414) 555-0541,Waukesha,WI,53186,,Chris,dog named Buddy,loves gardening,insurance deductible question
Sam,Miller542,sam.miller542@example.com,(414) 555-0542,Racine,WI,53403,,Alex,parents nearby,just remodeled kitchen,tree trim quote
Taylor,Martinez543,taylor.martinez543@example.com,(414) 555-0543,Madison,WI,53703,Martinez Properties,Sam,,,
Casey,Gonzalez544,casey.gonzalez544@example.com,(414) 555-0544,Green Bay,WI,54301,,,,,
Riley,Thomas545,riley.thomas545@example.com,(414) 555-0545,Chicago,IL,60611,,Pat,two kids,new roof last year,sump pump check
Morgan,Jackson546,morgan.jackson546@example.com,(414) 555-0546,Evanston,IL,60201,Jackson Properties,Chris,dog named Buddy,loves gardening,insurance deductible question
Avery,Johnson547,avery.johnson547@example.com,(414) 555-0547,Brookfield,WI,53005,,Alex,parents nearby,just remodeled kitchen,tree trim quote
Quinn,Jones548,quinn.jones548@example.com,(414) 555-0548,Kenosha,WI,53140,,Sam,,,
Jamie,Davis549,jamie.davis549@example.com,(414) 555-0549,Appleton,WI,54911,Davis Properties,,,,
Cameron,Hernandez550,cameron.hernandez550@example.com,(414) 555-0550,Milwaukee,WI,53202,,Pat,two kids,new roof last year,sump pump check
Drew,Wilson551,drew.wilson551@example.com,(414) 555-0551,Waukesha,WI,53186,,Chris,dog named Buddy,loves gardening,insurance deductible question
Reese,Taylor552,reese.taylor552@example.com,(414) 555-0552,Racine,WI,53403,Taylor Properties,Alex,parents nearby,just remodeled kitchen,tree trim quote
Skyler,Martin553,skyler.martin553@example.com,(414) 555-0553,Madison,WI,53703,,Sam,,,
Parker,Williams554,parker.williams554@example.com,(414) 555-0554,Green Bay,WI,54301,,,,,
Blake,Garcia555,blake.garcia555@example.com,(414) 555-0555,Chicago,IL,60611,Garcia Properties,Pat,two kids,new roof last year,sump pump check
Hayden,Rodriguez556,hayden.rodriguez556@example.com,(414) 555-0556,Evanston,IL,60201,,Chris,dog named Buddy,loves gardening,insurance deductible question
Rowan,Lopez557,rowan.lopez557@example.com,(414) 555-0557,Brookfield,WI,53005,,Alex,parents nearby,just remodeled kitchen,tree trim quote
Sawyer,Anderson558,sawyer.anderson558@example.com,(414) 555-0558,Kenosha,WI,53140,Anderson Properties,Sam,,,
Finley,Moore559,finley.moore559@example.com,(414) 555-0559,Appleton,WI,54911,,,,,
Alex,Smith560,alex.smith560@example.com,(414) 555-0560,Milwaukee,WI,53202,,Pat,two kids,new roof last year,sump pump check
Jordan,Brown561,jordan.brown561@example.com,(414) 555-0561,Waukesha,WI,53186,Brown Properties,Chris,dog named Buddy,loves gardening,insurance deductible question
Sam,Miller562,sam.miller562@example.com,(414) 555-0562,Racine,WI,53403,,Alex,parents nearby,just remodeled kitchen,tree trim quote
Taylor,Martinez563,taylor.martinez563@example.com,(414) 555-0563,Madison,WI,53703,,Sam,,,
Casey,Gonzalez564,casey.gonzalez564@example.com,(414) 555-0564,Green Bay,WI,54301,Gonzalez Properties,,,,
Riley,Thomas565,riley.thomas565@example.com,(414) 555-0565,Chicago,IL,60611,,Pat,two kids,new roof last year,sump pump check
Morgan,Jackson566,morgan.jackson566@example.com,(414) 555-0566,Evanston,IL,60201,,Chris,dog named Buddy,loves gardening,insurance deductible question
Avery,Johnson567,avery.johnson567@example.com,(414) 555-0567,Brookfield,WI,53005,Johnson Properties,Alex,parents nearby,just remodeled kitchen,tree trim quote
Quinn,Jones568,quinn.jones568@example.com,(414) 555-0568,Kenosha,WI,53140,,Sam,,,
Jamie,Davis569,jamie.davis569@example.com,(414) 555-0569,Appleton,WI,54911,,,,,
Cameron,Hernandez570,cameron.hernandez570@example.com,(414) 555-0570,Milwaukee,WI,53202,Hernandez Properties,Pat,two kids,new roof last year,sump pump check
Drew,Wilson571,drew.wilson571@example.com,(414) 555-0571,Waukesha,WI,53186,,Chris,dog named Buddy,loves gardening,insurance deductible question
Reese,Taylor572,reese.taylor572@example.com,(414) 555-0572,Racine,WI,53403,,Alex,parents nearby,just remodeled kitchen,tree trim quote
Skyler,Martin573,skyler.martin573@example.com,(414) 555-0573,Madison,WI,53703,Martin Properties,Sam,,,
Parker,Williams574,parker.williams574@example.com,(414) 555-0574,Green Bay,WI,54301,,,,,
Blake,Garcia575,blake.garcia575@example.com,(414) 555-0575,Chicago,IL,60611,,Pat,two kids,new roof last year,sump pump check
Hayden,Rodriguez576,hayden.rodriguez576@example.com,(414) 555-0576,Evanston,IL,60201,Rodriguez Properties,Chris,dog named Buddy,loves gardening,insurance deductible question
Rowan,Lopez577,rowan.lopez577@example.com,(414) 555-0577,Brookfield,WI,53005,,Alex,parents nearby,just remodeled kitchen,tree trim quote
Sawyer,Anderson578,sawyer.anderson578@example.com,(414) 555-0578,Kenosha,WI,53140,,Sam,,,
Finley,Moore579,finley.moore579@example.com,(414) 555-0579,Appleton,WI,54911,Moore Properties,,,,
Alex,Smith580,alex.smith580@example.com,(414) 555-0580,Milwaukee,WI,53202,,Pat,two kids,new roof last year,sump pump check
Jordan,Brown581,jordan.brown581@example.com,(414) 555-0581,Waukesha,WI,53186,,Chris,dog named Buddy,loves gardening,insurance deductible question
Sam,Miller582,sam.miller582@example.com,(414) 555-0582,Racine,WI,53403,Miller Properties,Alex,parents nearby,just remodeled kitchen,tree trim quote
Taylor,Martinez583,taylor.martinez583@example.com,(414) 555-0583,Madison,WI,53703,,Sam,,,
Casey,Gonzalez584,casey.gonzalez584@example.com,(414) 555-0584,Green Bay,WI,54301,,,,,
Riley,Thomas585,riley.thomas585@example.com,(414) 555-0585,Chicago,IL,60611,Thomas Properties,Pat,two kids,new roof last year,sump pump check
Morgan,Jackson586,morgan.jackson586@example.com,(414) 555-0586,Evanston,IL,60201,,Chris,dog named Buddy,loves gardening,insurance deductible question
Avery,Johnson587,avery.johnson587@example.com,(414) 555-0587,Brookfield,WI,53005,,Alex,parents nearby,just remodeled kitchen,tree trim quote
Quinn,Jones588,quinn.jones588@example.com,(414) 555-0588,Kenosha,WI,53140,Jones Properties,Sam,,,
Jamie,Davis589,jamie.davis589@example.com,(414) 555-0589,Appleton,WI,54911,,,,,
Cameron,Hernandez590,cameron.hernandez590@example.com,(414) 555-0590,Milwaukee,WI,53202,,Pat,two kids,new roof last year,sump pump check
Drew,Wilson591,drew.wilson591@example.com,(414) 555-0591,Waukesha,WI,53186,Wilson Properties,Chris,dog named Buddy,loves gardening,insurance deductible question
Reese,Taylor592,reese.taylor592@example.com,(414) 555-0592,Racine,WI,53403,,Alex,parents nearby,just remodeled kitchen,tree trim quote
Skyler,Martin593,skyler.martin593@example.com,(414) 555-0593,Madison,WI,53703,,Sam,,,
Parker,Williams594,parker.williams594@example.com,(414) 555-0594,Green Bay,WI,54301,Williams Properties,,,,
Blake,Garcia595,blake.garcia595@example.com,(414) 555-0595,Chicago,IL,60611,,Pat,two kids,new roof last year,sump pump check
Hayden,Rodriguez596,hayden.rodriguez596@example.com,(414) 555-0596,Evanston,IL,60201,,Chris,dog named Buddy,loves gardening,insurance deductible question
Rowan,Lopez597,rowan.lopez597@example.com,(414) 555-0597,Brookfield,WI,53005,Lopez Properties,Alex,parents nearby,just remodeled kitchen,tree trim quote
Sawyer,Anderson598,sawyer.anderson598@example.com,(414) 555-0598,Kenosha,WI,53140,,Sam,,,
Finley,Moore599,finley.moore599@example.com,(414) 555-0599,Appleton,WI,54911,,,,,
Alex,Smith600,alex.smith600@example.com,(414) 555-0600,Milwaukee,WI,53202,Smith Properties,Pat,two kids,new roof last year,sump pump check
Jordan,Brown601,jordan.brown601@example.com,(414) 555-0601,Waukesha,WI,53186,,Chris,dog named Buddy,loves gardening,insurance deductible question
Sam,Miller602,sam.miller602@example.com,(414) 555-0602,Racine,WI,53403,,Alex,parents nearby,just remodeled kitchen,tree trim quote
Taylor,Martinez603,taylor.martinez603@example.com,(414) 555-0603,Madison,WI,53703,Martinez Properties,Sam,,,
Casey,Gonzalez604,casey.gonzalez604@example.com,(414) 555-0604,Green Bay,WI,54301,,,,,
Riley,Thomas605,riley.thomas605@example.com,(414) 555-0605,Chicago,IL,60611,,Pat,two kids,new roof last year,sump pump check
Morgan,Jackson606,morgan.jackson606@example.com,(414) 555-0606,Evanston,IL,60201,Jackson Properties,Chris,dog named Buddy,loves gardening,insurance deductible question
Avery,Johnson607,avery.johnson607@example.com,(414) 555-0607,Brookfield,WI,53005,,Alex,parents nearby,just remodeled kitchen,tree trim quote
Quinn,Jones608,quinn.jones608@example.com,(414) 555-0608,Kenosha,WI,53140,,Sam,,,
Jamie,Davis609,jamie.davis609@example.com,(414) 555-0609,Appleton,WI,54911,Davis Properties,,,,
Cameron,Hernandez610,cameron.hernandez610@example.com,(414) 555-0610,Milwaukee,WI,53202,,Pat,two kids,new roof last year,sump pump check
Drew,Wilson611,drew.wilson611@example.com,(414) 555-0611,Waukesha,WI,53186,,Chris,dog named Buddy,loves gardening,insurance deductible question
Reese,Taylor612,reese.taylor612@example.com,(414) 555-0612,Racine,WI,53403,Taylor Properties,Alex,parents nearby,just remodeled kitchen,tree trim quote
Skyler,Martin613,skyler.martin613@example.com,(414) 555-0613,Madison,WI,53703,,Sam,,,
Parker,Williams614,parker.williams614@example.com,(414) 555-0614,Green Bay,WI,54301,,,,,
Blake,Garcia615,blake.garcia615@example.com,(414) 555-0615,Chicago,IL,60611,Garcia Properties,Pat,two kids,new roof last year,sump pump check
Hayden,Rodriguez616,hayden.rodriguez616@example.com,(414) 555-0616,Evanston,IL,60201,,Chris,dog named Buddy,loves gardening,insurance deductible question
Rowan,Lopez617,rowan.lopez617@example.com,(414) 555-0617,Brookfield,WI,53005,,Alex,parents nearby,just remodeled kitchen,tree trim quote
Sawyer,Anderson618,sawyer.anderson618@example.com,(414) 555-0618,Kenosha,WI,53140,Anderson Properties,Sam,,,
Finley,Moore619,finley.moore619@example.com,(414) 555-0619,Appleton,WI,54911,,,,,
Alex,Smith620,alex.smith620@example.com,(414) 555-0620,Milwaukee,WI,53202,,Pat,two kids,new roof last year,sump pump check
Jordan,Brown621,jordan.brown621@example.com,(414) 555-0621,Waukesha,WI,53186,Brown Properties,Chris,dog named Buddy,loves gardening,insurance deductible question
Sam,Miller622,sam.miller622@example.com,(414) 555-0622,Racine,WI,53403,,Alex,parents nearby,just remodeled kitchen,tree trim quote
Taylor,Martinez623,taylor.martinez623@example.com,(414) 555-0623,Madison,WI,53703,,Sam,,,
Casey,Gonzalez624,casey.gonzalez624@example.com,(414) 555-0624,Green Bay,WI,54301,Gonzalez Properties,,,,
Riley,Thomas625,riley.thomas625@example.com,(414) 555-0625,Chicago,IL,60611,,Pat,two kids,new roof last year,sump pump check
Morgan,Jackson626,morgan.jackson626@example.com,(414) 555-0626,Evanston,IL,60201,,Chris,dog named Buddy,loves gardening,insurance deductible question
Avery,Johnson627,avery.johnson627@example.com,(414) 555-0627,Brookfield,WI,53005,Johnson Properties,Alex,parents nearby,just remodeled kitchen,tree trim quote
Quinn,Jones628,quinn.jones628@example.com,(414) 555-0628,Kenosha,WI,53140,,Sam,,,
Jamie,Davis629,jamie.davis629@example.com,(414) 555-0629,Appleton,WI,54911,,,,,
Cameron,Hernandez630,cameron.hernandez630@example.com,(414) 555-0630,Milwaukee,WI,53202,Hernandez Properties,Pat,two kids,new roof last year,sump pump check
Drew,Wilson631,drew.wilson631@example.com,(414) 555-0631,Waukesha,WI,53186,,Chris,dog named Buddy,loves gardening,insurance deductible question
Reese,Taylor632,reese.taylor632@example.com,(414) 555-0632,Racine,WI,53403,,Alex,parents nearby,just remodeled kitchen,tree trim quote
Skyler,Martin633,skyler.martin633@example.com,(414) 555-0633,Madison,WI,53703,Martin Properties,Sam,,,
Parker,Williams634,parker.williams634@example.com,(414) 555-0634,Green Bay,WI,54301,,,,,
Blake,Garcia635,blake.garcia635@example.com,(414) 555-0635,Chicago,IL,60611,,Pat,two kids,new roof last year,sump pump check
Hayden,Rodriguez636,hayden.rodriguez636@example.com,(414) 555-0636,Evanston,IL,60201,Rodriguez Properties,Chris,dog named Buddy,loves gardening,insurance deductible question
Rowan,Lopez637,rowan.lopez637@example.com,(414) 555-0637,Brookfield,WI,53005,,Alex,parents nearby,just remodeled kitchen,tree trim quote
Sawyer,Anderson638,sawyer.anderson638@example.com,(414) 555-0638,Kenosha,WI,53140,,Sam,,,
Finley,Moore639,finley.moore639@example.com,(414) 555-0639,Appleton,WI,54911,Moore Properties,,,,
Alex,Smith640,alex.smith640@example.com,(414) 555-0640,Milwaukee,WI,53202,,Pat,two kids,new roof last year,sump pump check
Jordan,Brown641,jordan.brown641@example.com,(414) 555-0641,Waukesha,WI,53186,,Chris,dog named Buddy,loves gardening,insurance deductible question
Sam,Miller642,sam.miller642@example.com,(414) 555-0642,Racine,WI,53403,Miller Properties,Alex,parents nearby,just remodeled kitchen,tree trim quote
Taylor,Martinez643,taylor.martinez643@example.com,(414) 555-0643,Madison,WI,53703,,Sam,,,
Casey,Gonzalez644,casey.gonzalez644@example.com,(414) 555-0644,Green Bay,WI,54301,,,,,
Riley,Thomas645,riley.thomas645@example.com,(414) 555-0645,Chicago,IL,60611,Thomas Properties,Pat,two kids,new roof last year,sump pump check
Morgan,Jackson646,morgan.jackson646@example.com,(414) 555-0646,Evanston,IL,60201,,Chris,dog named Buddy,loves gardening,insurance deductible question
Avery,Johnson647,avery.johnson647@example.com,(414) 555-0647,Brookfield,WI,53005,,Alex,parents nearby,just remodeled kitchen,tree trim quote
Quinn,Jones648,quinn.jones648@example.com,(414) 555-0648,Kenosha,WI,53140,Jones Properties,Sam,,,
Jamie,Davis649,jamie.davis649@example.com,(414) 555-0649,Appleton,WI,54911,,,,,
Cameron,Hernandez650,cameron.hernandez650@example.com,(414) 555-0650,Milwaukee,WI,53202,,Pat,two kids,new roof last year,sump pump check
Drew,Wilson651,drew.wilson651@example.com,(414) 555-0651,Waukesha,WI,53186,Wilson Properties,Chris,dog named Buddy,loves gardening,insurance deductible question
Reese,Taylor652,reese.taylor652@example.com,(414) 555-0652,Racine,WI,53403,,Alex,parents nearby,just remodeled kitchen,tree trim quote
Skyler,Martin653,skyler.martin653@example.com,(414) 555-0653,Madison,WI,53703,,Sam,,,
Parker,Williams654,parker.williams654@example.com,(414) 555-0654,Green Bay,WI,54301,Williams Properties,,,,
Blake,Garcia655,blake.garcia655@example.com,(414) 555-0655,Chicago,IL,60611,,Pat,two kids,new roof last year,sump pump check
Hayden,Rodriguez656,hayden.rodriguez656@example.com,(414) 555-0656,Evanston,IL,60201,,Chris,dog named Buddy,loves gardening,insurance deductible question
Rowan,Lopez657,rowan.lopez657@example.com,(414) 555-0657,Brookfield,WI,53005,Lopez Properties,Alex,parents nearby,just remodeled kitchen,tree trim quote
Sawyer,Anderson658,sawyer.anderson658@example.com,(414) 555-0658,Kenosha,WI,53140,,Sam,,,
Finley,Moore659,finley.moore659@example.com,(414) 555-0659,Appleton,WI,54911,,,,,
Alex,Smith660,alex.smith660@example.com,(414) 555-0660,Milwaukee,WI,53202,Smith Properties,Pat,two kids,new roof last year,sump pump check
Jordan,Brown661,jordan.brown661@example.com,(414) 555-0661,Waukesha,WI,53186,,Chris,dog named Buddy,loves gardening,insurance deductible question
Sam,Miller662,sam.miller662@example.com,(414) 555-0662,Racine,WI,53403,,Alex,parents nearby,just remodeled kitchen,tree trim quote
Taylor,Martinez663,taylor.martinez663@example.com,(414) 555-0663,Madison,WI,53703,Martinez Properties,Sam,,,
Casey,Gonzalez664,casey.gonzalez664@example.com,(414) 555-0664,Green Bay,WI,54301,,,,,
Riley,Thomas665,riley.thomas665@example.com,(414) 555-0665,Chicago,IL,60611,,Pat,two kids,new roof last year,sump pump check
Morgan,Jackson666,morgan.jackson666@example.com,(414) 555-0666,Evanston,IL,60201,Jackson Properties,Chris,dog named Buddy,loves gardening,insurance deductible question
Avery,Johnson667,avery.johnson667@example.com,(414) 555-0667,Brookfield,WI,53005,,Alex,parents nearby,just remodeled kitchen,tree trim quote
Quinn,Jones668,quinn.jones668@example.com,(414) 555-0668,Kenosha,WI,53140,,Sam,,,
Jamie,Davis669,jamie.davis669@example.com,(414) 555-0669,Appleton,WI,54911,Davis Properties,,,,
Cameron,Hernandez670,cameron.hernandez670@example.com,(414) 555-0670,Milwaukee,WI,53202,,Pat,two kids,new roof last year,sump pump check
Drew,Wilson671,drew.wilson671@example.com,(414) 555-0671,Waukesha,WI,53186,,Chris,dog named Buddy,loves gardening,insurance deductible question
Reese,Taylor672,reese.taylor672@example.com,(414) 555-0672,Racine,WI,53403,Taylor Properties,Alex,parents nearby,just remodeled kitchen,tree trim quote
Skyler,Martin673,skyler.martin673@example.com,(414) 555-0673,Madison,WI,53703,,Sam,,,
Parker,Williams674,parker.williams674@example.com,(414) 555-0674,Green Bay,WI,54301,,,,,
Blake,Garcia675,blake.garcia675@example.com,(414) 555-0675,Chicago,IL,60611,Garcia Properties,Pat,two kids,new roof last year,sump pump check
Hayden,Rodriguez676,hayden.rodriguez676@example.com,(414) 555-0676,Evanston,IL,60201,,Chris,dog named Buddy,loves gardening,insurance deductible question
Rowan,Lopez677,rowan.lopez677@example.com,(414) 555-0677,Brookfield,WI,53005,,Alex,parents nearby,just remodeled kitchen,tree trim quote
Sawyer,Anderson678,sawyer.anderson678@example.com,(414) 555-0678,Kenosha,WI,53140,Anderson Properties,Sam,,,
Finley,Moore679,finley.moore679@example.com,(414) 555-0679,Appleton,WI,54911,,,,,
Alex,Smith680,alex.smith680@example.com,(414) 555-0680,Milwaukee,WI,53202,,Pat,two kids,new roof last year,sump pump check
Jordan,Brown681,jordan.brown681@example.com,(414) 555-0681,Waukesha,WI,53186,Brown Properties,Chris,dog named Buddy,loves gardening,insurance deductible question
Sam,Miller682,sam.miller682@example.com,(414) 555-0682,Racine,WI,53403,,Alex,parents nearby,just remodeled kitchen,tree trim quote
Taylor,Martinez683,taylor.martinez683@example.com,(414) 555-0683,Madison,WI,53703,,Sam,,,
Casey,Gonzalez684,casey.gonzalez684@example.com,(414) 555-0684,Green Bay,WI,54301,Gonzalez Properties,,,,
Riley,Thomas685,riley.thomas685@example.com,(414) 555-0685,Chicago,IL,60611,,Pat,two kids,new roof last year,sump pump check
Morgan,Jackson686,morgan.jackson686@example.com,(414) 555-0686,Evanston,IL,60201,,Chris,dog named Buddy,loves gardening,insurance deductible question
Avery,Johnson687,avery.johnson687@example.com,(414) 555-0687,Brookfield,WI,53005,Johnson Properties,Alex,parents nearby,just remodeled kitchen,tree trim quote
Quinn,Jones688,quinn.jones688@example.com,(414) 555-0688,Kenosha,WI,53140,,Sam,,,
Jamie,Davis689,jamie.davis689@example.com,(414) 555-0689,Appleton,WI,54911,,,,,
Cameron,Hernandez690,cameron.hernandez690@example.com,(414) 555-0690,Milwaukee,WI,53202,Hernandez Properties,Pat,two kids,new roof last year,sump pump check
Drew,Wilson691,drew.wilson691@example.com,(414) 555-0691,Waukesha,WI,53186,,Chris,dog named Buddy,loves gardening,insurance deductible question
Reese,Taylor692,reese.taylor692@example.com,(414) 555-0692,Racine,WI,53403,,Alex,parents nearby,just remodeled kitchen,tree trim quote
Skyler,Martin693,skyler.martin693@example.com,(414) 555-0693,Madison,WI,53703,Martin Properties,Sam,,,
Parker,Williams694,parker.williams694@example.com,(414) 555-0694,Green Bay,WI,54301,,,,,
Blake,Garcia695,blake.garcia695@example.com,(414) 555-0695,Chicago,IL,60611,,Pat,two kids,new roof last year,sump pump check
Hayden,Rodriguez696,hayden.rodriguez696@example.com,(414) 555-0696,Evanston,IL,60201,Rodriguez Properties,Chris,dog named Buddy,loves gardening,insurance deductible question
Rowan,Lopez697,rowan.lopez697@example.com,(414) 555-0697,Brookfield,WI,53005,,Alex,parents nearby,just remodeled kitchen,tree trim quote
Sawyer,Anderson698,sawyer.anderson698@example.com,(414) 555-0698,Kenosha,WI,53140,,Sam,,,
Finley,Moore699,finley.moore699@example.com,(414) 555-0699,Appleton,WI,54911,Moore Properties,,,,
Alex,Smith700,alex.smith700@example.com,(414) 555-0700,Milwaukee,WI,53202,,Pat,two kids,new roof last year,sump pump check
Jordan,Brown701,jordan.brown701@example.com,(414) 555-0701,Waukesha,WI,53186,,Chris,dog named Buddy,loves gardening,insurance deductible question
Sam,Miller702,sam.miller702@example.com,(414) 555-0702,Racine,WI,53403,Miller Properties,Alex,parents nearby,just remodeled kitchen,tree trim quote
Taylor,Martinez703,taylor.martinez703@example.com,(414) 555-0703,Madison,WI,53703,,Sam,,,
Casey,Gonzalez704,casey.gonzalez704@example.com,(414) 555-0704,Green Bay,WI,54301,,,,,
Riley,Thomas705,riley.thomas705@example.com,(414) 555-0705,Chicago,IL,60611,Thomas Properties,Pat,two kids,new roof last year,sump pump check
Morgan,Jackson706,morgan.jackson706@example.com,(414) 555-0706,Evanston,IL,60201,,Chris,dog named Buddy,loves gardening,insurance deductible question
Avery,Johnson707,avery.johnson707@example.com,(414) 555-0707,Brookfield,WI,53005,,Alex,parents nearby,just remodeled kitchen,tree trim quote
Quinn,Jones708,quinn.jones708@example.com,(414) 555-0708,Kenosha,WI,53140,Jones Properties,Sam,,,
Jamie,Davis709,jamie.davis709@example.com,(414) 555-0709,Appleton,WI,54911,,,,,
Cameron,Hernandez710,cameron.hernandez710@example.com,(414) 555-0710,Milwaukee,WI,53202,,Pat,two kids,new roof last year,sump pump check
Drew,Wilson711,drew.wilson711@example.com,(414) 555-0711,Waukesha,WI,53186,Wilson Properties,Chris,dog named Buddy,loves gardening,insurance deductible question
Reese,Taylor712,reese.taylor712@example.com,(414) 555-0712,Racine,WI,53403,,Alex,parents nearby,just remodeled kitchen,tree trim quote
Skyler,Martin713,skyler.martin713@example.com,(414) 555-0713,Madison,WI,53703,,Sam,,,
Parker,Williams714,parker.williams714@example.com,(414) 555-0714,Green Bay,WI,54301,Williams Properties,,,,
Blake,Garcia715,blake.garcia715@example.com,(414) 555-0715,Chicago,IL,60611,,Pat,two kids,new roof last year,sump pump check
Hayden,Rodriguez716,hayden.rodriguez716@example.com,(414) 555-0716,Evanston,IL,60201,,Chris,dog named Buddy,loves gardening,insurance deductible question
Rowan,Lopez717,rowan.lopez717@example.com,(414) 555-0717,Brookfield,WI,53005,Lopez Properties,Alex,parents nearby,just remodeled kitchen,tree trim quote
Sawyer,Anderson718,sawyer.anderson718@example.com,(414) 555-0718,Kenosha,WI,53140,,Sam,,,
Finley,Moore719,finley.moore719@example.com,(414) 555-0719,Appleton,WI,54911,,,,,
Alex,Smith720,alex.smith720@example.com,(414) 555-0720,Milwaukee,WI,53202,Smith Properties,Pat,two kids,new roof last year,sump pump check
Jordan,Brown721,jordan.brown721@example.com,(414) 555-0721,Waukesha,WI,53186,,Chris,dog named Buddy,loves gardening,insurance deductible question
Sam,Miller722,sam.miller722@example.com,(414) 555-0722,Racine,WI,53403,,Alex,parents nearby,just remodeled kitchen,tree trim quote
Taylor,Martinez723,taylor.martinez723@example.com,(414) 555-0723,Madison,WI,53703,Martinez Properties,Sam,,,
Casey,Gonzalez724,casey.gonzalez724@example.com,(414) 555-0724,Green Bay,WI,54301,,,,,
Riley,Thomas725,riley.thomas725@example.com,(414) 555-0725,Chicago,IL,60611,,Pat,two kids,new roof last year,sump pump check
Morgan,Jackson726,morgan.jackson726@example.com,(414) 555-0726,Evanston,IL,60201,Jackson Properties,Chris,dog named Buddy,loves gardening,insurance deductible question
Avery,Johnson727,avery.johnson727@example.com,(414) 555-0727,Brookfield,WI,53005,,Alex,parents nearby,just remodeled kitchen,tree trim quote
Quinn,Jones728,quinn.jones728@example.com,(414) 555-0728,Kenosha,WI,53140,,Sam,,,
Jamie,Davis729,jamie.davis729@example.com,(414) 555-0729,Appleton,WI,54911,Davis Properties,,,,
Cameron,Hernandez730,cameron.hernandez730@example.com,(414) 555-0730,Milwaukee,WI,53202,,Pat,two kids,new roof last year,sump pump check
Drew,Wilson731,drew.wilson731@example.com,(414) 555-0731,Waukesha,WI,53186,,Chris,dog named Buddy,loves gardening,insurance deductible question
Reese,Taylor732,reese.taylor732@example.com,(414) 555-0732,Racine,WI,53403,Taylor Properties,Alex,parents nearby,just remodeled kitchen,tree trim quote
Skyler,Martin733,skyler.martin733@example.com,(414) 555-0733,Madison,WI,53703,,Sam,,,
Parker,Williams734,parker.williams734@example.com,(414) 555-0734,Green Bay,WI,54301,,,,,
Blake,Garcia735,blake.garcia735@example.com,(414) 555-0735,Chicago,IL,60611,Garcia Properties,Pat,two kids,new roof last year,sump pump check
Hayden,Rodriguez736,hayden.rodriguez736@example.com,(414) 555-0736,Evanston,IL,60201,,Chris,dog named Buddy,loves gardening,insurance deductible question
Rowan,Lopez737,rowan.lopez737@example.com,(414) 555-0737,Brookfield,WI,53005,,Alex,parents nearby,just remodeled kitchen,tree trim quote
Sawyer,Anderson738,sawyer.anderson738@example.com,(414) 555-0738,Kenosha,WI,53140,Anderson Properties,Sam,,,
Finley,Moore739,finley.moore739@example.com,(414) 555-0739,Appleton,WI,54911,,,,,
Alex,Smith740,alex.smith740@example.com,(414) 555-0740,Milwaukee,WI,53202,,Pat,two kids,new roof last year,sump pump check
Jordan,Brown741,jordan.brown741@example.com,(414) 555-0741,Waukesha,WI,53186,Brown Properties,Chris,dog named Buddy,loves gardening,insurance deductible question
Sam,Miller742,sam.miller742@example.com,(414) 555-0742,Racine,WI,53403,,Alex,parents nearby,just remodeled kitchen,tree trim quote
Taylor,Martinez743,taylor.martinez743@example.com,(414) 555-0743,Madison,WI,53703,,Sam,,,
Casey,Gonzalez744,casey.gonzalez744@example.com,(414) 555-0744,Green Bay,WI,54301,Gonzalez Properties,,,,
Riley,Thomas745,riley.thomas745@example.com,(414) 555-0745,Chicago,IL,60611,,Pat,two kids,new roof last year,sump pump check
Morgan,Jackson746,morgan.jackson746@example.com,(414) 555-0746,Evanston,IL,60201,,Chris,dog named Buddy,loves gardening,insurance deductible question
Avery,Johnson747,avery.johnson747@example.com,(414) 555-0747,Brookfield,WI,53005,Johnson Properties,Alex,parents nearby,just remodeled kitchen,tree trim quote
Quinn,Jones748,quinn.jones748@example.com,(414) 555-0748,Kenosha,WI,53140,,Sam,,,
Jamie,Davis749,jamie.davis749@example.com,(414) 555-0749,Appleton,WI,54911,,,,,
Cameron,Hernandez750,cameron.hernandez750@example.com,(414) 555-0750,Milwaukee,WI,53202,Hernandez Properties,Pat,two kids,new roof last year,sump pump check
Drew,Wilson751,drew.wilson751@example.com,(414) 555-0751,Waukesha,WI,53186,,Chris,dog named Buddy,loves gardening,insurance deductible question
Reese,Taylor752,reese.taylor752@example.com,(414) 555-0752,Racine,WI,53403,,Alex,parents nearby,just remodeled kitchen,tree trim quote
Skyler,Martin753,skyler.martin753@example.com,(414) 555-0753,Madison,WI,53703,Martin Properties,Sam,,,
Parker,Williams754,parker.williams754@example.com,(414) 555-0754,Green Bay,WI,54301,,,,,
Blake,Garcia755,blake.garcia755@example.com,(414) 555-0755,Chicago,IL,60611,,Pat,two kids,new roof last year,sump pump check
Hayden,Rodriguez756,hayden.rodriguez756@example.com,(414) 555-0756,Evanston,IL,60201,Rodriguez Properties,Chris,dog named Buddy,loves gardening,insurance deductible question
Rowan,Lopez757,rowan.lopez757@example.com,(414) 555-0757,Brookfield,WI,53005,,Alex,parents nearby,just remodeled kitchen,tree trim quote
Sawyer,Anderson758,sawyer.anderson758@example.com,(414) 555-0758,Kenosha,WI,53140,,Sam,,,
Finley,Moore759,finley.moore759@example.com,(414) 555-0759,Appleton,WI,54911,Moore Properties,,,,
Alex,Smith760,alex.smith760@example.com,(414) 555-0760,Milwaukee,WI,53202,,Pat,two kids,new roof last year,sump pump check
Jordan,Brown761,jordan.brown761@example.com,(414) 555-0761,Waukesha,WI,53186,,Chris,dog named Buddy,loves gardening,insurance deductible question
Sam,Miller762,sam.miller762@example.com,(414) 555-0762,Racine,WI,53403,Miller Properties,Alex,parents nearby,just remodeled kitchen,tree trim quote
Taylor,Martinez763,taylor.martinez763@example.com,(414) 555-0763,Madison,WI,53703,,Sam,,,
Casey,Gonzalez764,casey.gonzalez764@example.com,(414) 555-0764,Green Bay,WI,54301,,,,,
Riley,Thomas765,riley.thomas765@example.com,(414) 555-0765,Chicago,IL,60611,Thomas Properties,Pat,two kids,new roof last year,sump pump check
Morgan,Jackson766,morgan.jackson766@example.com,(414) 555-0766,Evanston,IL,60201,,Chris,dog named Buddy,loves gardening,insurance deductible question
Avery,Johnson767,avery.johnson767@example.com,(414) 555-0767,Brookfield,WI,53005,,Alex,parents nearby,just remodeled kitchen,tree trim quote
Quinn,Jones768,quinn.jones768@example.com,(414) 555-0768,Kenosha,WI,53140,Jones Properties,Sam,,,
Jamie,Davis769,jamie.davis769@example.com,(414) 555-0769,Appleton,WI,54911,,,,,
Cameron,Hernandez770,cameron.hernandez770@example.com,(414) 555-0770,Milwaukee,WI,53202,,Pat,two kids,new roof last year,sump pump check
Drew,Wilson771,drew.wilson771@example.com,(414) 555-0771,Waukesha,WI,53186,Wilson Properties,Chris,dog named Buddy,loves gardening,insurance deductible question
Reese,Taylor772,reese.taylor772@example.com,(414) 555-0772,Racine,WI,53403,,Alex,parents nearby,just remodeled kitchen,tree trim quote
Skyler,Martin773,skyler.martin773@example.com,(414) 555-0773,Madison,WI,53703,,Sam,,,
Parker,Williams774,parker.williams774@example.com,(414) 555-0774,Green Bay,WI,54301,Williams Properties,,,,
Blake,Garcia775,blake.garcia775@example.com,(414) 555-0775,Chicago,IL,60611,,Pat,two kids,new roof last year,sump pump check
Hayden,Rodriguez776,hayden.rodriguez776@example.com,(414) 555-0776,Evanston,IL,60201,,Chris,dog named Buddy,loves gardening,insurance deductible question
Rowan,Lopez777,rowan.lopez777@example.com,(414) 555-0777,Brookfield,WI,53005,Lopez Properties,Alex,parents nearby,just remodeled kitchen,tree trim quote
Sawyer,Anderson778,sawyer.anderson778@example.com,(414) 555-0778,Kenosha,WI,53140,,Sam,,,
Finley,Moore779,finley.moore779@example.com,(414) 555-0779,Appleton,WI,54911,,,,,
Alex,Smith780,alex.smith780@example.com,(414) 555-0780,Milwaukee,WI,53202,Smith Properties,Pat,two kids,new roof last year,sump pump check
Jordan,Brown781,jordan.brown781@example.com,(414) 555-0781,Waukesha,WI,53186,,Chris,dog named Buddy,loves gardening,insurance deductible question
Sam,Miller782,sam.miller782@example.com,(414) 555-0782,Racine,WI,53403,,Alex,parents nearby,just remodeled kitchen,tree trim quote
Taylor,Martinez783,taylor.martinez783@example.com,(414) 555-0783,Madison,WI,53703,Martinez Properties,Sam,,,
Casey,Gonzalez784,casey.gonzalez784@example.com,(414) 555-0784,Green Bay,WI,54301,,,,,
Riley,Thomas785,riley.thomas785@example.com,(414) 555-0785,Chicago,IL,60611,,Pat,two kids,new roof last year,sump pump check
Morgan,Jackson786,morgan.jackson786@example.com,(414) 555-0786,Evanston,IL,60201,Jackson Properties,Chris,dog named Buddy,loves gardening,insurance deductible question
Avery,Johnson787,avery.johnson787@example.com,(414) 555-0787,Brookfield,WI,53005,,Alex,parents nearby,just remodeled kitchen,tree trim quote
Quinn,Jones788,quinn.jones788@example.com,(414) 555-0788,Kenosha,WI,53140,,Sam,,,
Jamie,Davis789,jamie.davis789@example.com,(414) 555-0789,Appleton,WI,54911,Davis Properties,,,,
Cameron,Hernandez790,cameron.hernandez790@example.com,(414) 555-0790,Milwaukee,WI,53202,,Pat,two kids,new roof last year,sump pump check
Drew,Wilson791,drew.wilson791@example.com,(414) 555-0791,Waukesha,WI,53186,,Chris,dog named Buddy,loves gardening,insurance deductible question
Reese,Taylor792,reese.taylor792@example.com,(414) 555-0792,Racine,WI,53403,Taylor Properties,Alex,parents nearby,just remodeled kitchen,tree trim quote
Skyler,Martin793,skyler.martin793@example.com,(414) 555-0793,Madison,WI,53703,,Sam,,,
Parker,Williams794,parker.williams794@example.com,(414) 555-0794,Green Bay,WI,54301,,,,,
Blake,Garcia795,blake.garcia795@example.com,(414) 555-0795,Chicago,IL,60611,Garcia Properties,Pat,two kids,new roof last year,sump pump check
Hayden,Rodriguez796,hayden.rodriguez796@example.com,(414) 555-0796,Evanston,IL,60201,,Chris,dog named Buddy,loves gardening,insurance deductible question
Rowan,Lopez797,rowan.lopez797@example.com,(414) 555-0797,Brookfield,WI,53005,,Alex,parents nearby,just remodeled kitchen,tree trim quote
Sawyer,Anderson798,sawyer.anderson798@example.com,(414) 555-0798,Kenosha,WI,53140,Anderson Properties,Sam,,,
Finley,Moore799,finley.moore799@example.com,(414) 555-0799,Appleton,WI,54911,,,,,
Alex,Smith800,alex.smith800@example.com,(414) 555-0800,Milwaukee,WI,53202,,Pat,two kids,new roof last year,sump pump check
Jordan,Brown801,jordan.brown801@example.com,(414) 555-0801,Waukesha,WI,53186,Brown Properties,Chris,dog named Buddy,loves gardening,insurance deductible question
Sam,Miller802,sam.miller802@example.com,(414) 555-0802,Racine,WI,53403,,Alex,parents nearby,just remodeled kitchen,tree trim quote
Taylor,Martinez803,taylor.martinez803@example.com,(414) 555-0803,Madison,WI,53703,,Sam,,,
Casey,Gonzalez804,casey.gonzalez804@example.com,(414) 555-0804,Green Bay,WI,54301,Gonzalez Properties,,,,
Riley,Thomas805,riley.thomas805@example.com,(414) 555-0805,Chicago,IL,60611,,Pat,two kids,new roof last year,sump pump check
Morgan,Jackson806,morgan.jackson806@example.com,(414) 555-0806,Evanston,IL,60201,,Chris,dog named Buddy,loves gardening,insurance deductible question
Avery,Johnson807,avery.johnson807@example.com,(414) 555-0807,Brookfield,WI,53005,Johnson Properties,Alex,parents nearby,just remodeled kitchen,tree trim quote
Quinn,Jones808,quinn.jones808@example.com,(414) 555-0808,Kenosha,WI,53140,,Sam,,,
Jamie,Davis809,jamie.davis809@example.com,(414) 555-0809,Appleton,WI,54911,,,,,
Cameron,Hernandez810,cameron.hernandez810@example.com,(414) 555-0810,Milwaukee,WI,53202,Hernandez Properties,Pat,two kids,new roof last year,sump pump check
Drew,Wilson811,drew.wilson811@example.com,(414) 555-0811,Waukesha,WI,53186,,Chris,dog named Buddy,loves gardening,insurance deductible question
Reese,Taylor812,reese.taylor812@example.com,(414) 555-0812,Racine,WI,53403,,Alex,parents nearby,just remodeled kitchen,tree trim quote
Skyler,Martin813,skyler.martin813@example.com,(414) 555-0813,Madison,WI,53703,Martin Properties,Sam,,,
Parker,Williams814,parker.williams814@example.com,(414) 555-0814,Green Bay,WI,54301,,,,,
Blake,Garcia815,blake.garcia815@example.com,(414) 555-0815,Chicago,IL,60611,,Pat,two kids,new roof last year,sump pump check
Hayden,Rodriguez816,hayden.rodriguez816@example.com,(414) 555-0816,Evanston,IL,60201,Rodriguez Properties,Chris,dog named Buddy,loves gardening,insurance deductible question
Rowan,Lopez817,rowan.lopez817@example.com,(414) 555-0817,Brookfield,WI,53005,,Alex,parents nearby,just remodeled kitchen,tree trim quote
Sawyer,Anderson818,sawyer.anderson818@example.com,(414) 555-0818,Kenosha,WI,53140,,Sam,,,
Finley,Moore819,finley.moore819@example.com,(414) 555-0819,Appleton,WI,54911,Moore Properties,,,,
Alex,Smith820,alex.smith820@example.com,(414) 555-0820,Milwaukee,WI,53202,,Pat,two kids,new roof last year,sump pump check
Jordan,Brown821,jordan.brown821@example.com,(414) 555-0821,Waukesha,WI,53186,,Chris,dog named Buddy,loves gardening,insurance deductible question
Sam,Miller822,sam.miller822@example.com,(414) 555-0822,Racine,WI,53403,Miller Properties,Alex,parents nearby,just remodeled kitchen,tree trim quote
Taylor,Martinez823,taylor.martinez823@example.com,(414) 555-0823,Madison,WI,53703,,Sam,,,
Casey,Gonzalez824,casey.gonzalez824@example.com,(414) 555-0824,Green Bay,WI,54301,,,,,
Riley,Thomas825,riley.thomas825@example.com,(414) 555-0825,Chicago,IL,60611,Thomas Properties,Pat,two kids,new roof last year,sump pump check
Morgan,Jackson826,morgan.jackson826@example.com,(414) 555-0826,Evanston,IL,60201,,Chris,dog named Buddy,loves gardening,insurance deductible question
Avery,Johnson827,avery.johnson827@example.com,(414) 555-0827,Brookfield,WI,53005,,Alex,parents nearby,just remodeled kitchen,tree trim quote
Quinn,Jones828,quinn.jones828@example.com,(414) 555-0828,Kenosha,WI,53140,Jones Properties,Sam,,,
Jamie,Davis829,jamie.davis829@example.com,(414) 555-0829,Appleton,WI,54911,,,,,
Cameron,Hernandez830,cameron.hernandez830@example.com,(414) 555-0830,Milwaukee,WI,53202,,Pat,two kids,new roof last year,sump pump check
Drew,Wilson831,drew.wilson831@example.com,(414) 555-0831,Waukesha,WI,53186,Wilson Properties,Chris,dog named Buddy,loves gardening,insurance deductible question
Reese,Taylor832,reese.taylor832@example.com,(414) 555-0832,Racine,WI,53403,,Alex,parents nearby,just remodeled kitchen,tree trim quote
Skyler,Martin833,skyler.martin833@example.com,(414) 555-0833,Madison,WI,53703,,Sam,,,
Parker,Williams834,parker.williams834@example.com,(414) 555-0834,Green Bay,WI,54301,Williams Properties,,,,
Blake,Garcia835,blake.garcia835@example.com,(414) 555-0835,Chicago,IL,60611,,Pat,two kids,new roof last year,sump pump check
Hayden,Rodriguez836,hayden.rodriguez836@example.com,(414) 555-0836,Evanston,IL,60201,,Chris,dog named Buddy,loves gardening,insurance deductible question
Rowan,Lopez837,rowan.lopez837@example.com,(414) 555-0837,Brookfield,WI,53005,Lopez Properties,Alex,parents nearby,just remodeled kitchen,tree trim quote
Sawyer,Anderson838,sawyer.anderson838@example.com,(414) 555-0838,Kenosha,WI,53140,,Sam,,,
Finley,Moore839,finley.moore839@example.com,(414) 555-0839,Appleton,WI,54911,,,,,
Alex,Smith840,alex.smith840@example.com,(414) 555-0840,Milwaukee,WI,53202,Smith Properties,Pat,two kids,new roof last year,sump pump check
Jordan,Brown841,jordan.brown841@example.com,(414) 555-0841,Waukesha,WI,53186,,Chris,dog named Buddy,loves gardening,insurance deductible question
Sam,Miller842,sam.miller842@example.com,(414) 555-0842,Racine,WI,53403,,Alex,parents nearby,just remodeled kitchen,tree trim quote
Taylor,Martinez843,taylor.martinez843@example.com,(414) 555-0843,Madison,WI,53703,Martinez Properties,Sam,,,
Casey,Gonzalez844,casey.gonzalez844@example.com,(414) 555-0844,Green Bay,WI,54301,,,,,
Riley,Thomas845,riley.thomas845@example.com,(414) 555-0845,Chicago,IL,60611,,Pat,two kids,new roof last year,sump pump check
Morgan,Jackson846,morgan.jackson846@example.com,(414) 555-0846,Evanston,IL,60201,Jackson Properties,Chris,dog named Buddy,loves gardening,insurance deductible question
Avery,Johnson847,avery.johnson847@example.com,(414) 555-0847,Brookfield,WI,53005,,Alex,parents nearby,just remodeled kitchen,tree trim quote
Quinn,Jones848,quinn.jones848@example.com,(414) 555-0848,Kenosha,WI,53140,,Sam,,,
Jamie,Davis849,jamie.davis849@example.com,(414) 555-0849,Appleton,WI,54911,Davis Properties,,,,
Cameron,Hernandez850,cameron.hernandez850@example.com,(414) 555-0850,Milwaukee,WI,53202,,Pat,two kids,new roof last year,sump pump check
Drew,Wilson851,drew.wilson851@example.com,(414) 555-0851,Waukesha,WI,53186,,Chris,dog named Buddy,loves gardening,insurance deductible question
Reese,Taylor852,reese.taylor852@example.com,(414) 555-0852,Racine,WI,53403,Taylor Properties,Alex,parents nearby,just remodeled kitchen,tree trim quote
Skyler,Martin853,skyler.martin853@example.com,(414) 555-0853,Madison,WI,53703,,Sam,,,
Parker,Williams854,parker.williams854@example.com,(414) 555-0854,Green Bay,WI,54301,,,,,
Blake,Garcia855,blake.garcia855@example.com,(414) 555-0855,Chicago,IL,60611,Garcia Properties,Pat,two kids,new roof last year,sump pump check
Hayden,Rodriguez856,hayden.rodriguez856@example.com,(414) 555-0856,Evanston,IL,60201,,Chris,dog named Buddy,loves gardening,insurance deductible question
Rowan,Lopez857,rowan.lopez857@example.com,(414) 555-0857,Brookfield,WI,53005,,Alex,parents nearby,just remodeled kitchen,tree trim quote
Sawyer,Anderson858,sawyer.anderson858@example.com,(414) 555-0858,Kenosha,WI,53140,Anderson Properties,Sam,,,
Finley,Moore859,finley.moore859@example.com,(414) 555-0859,Appleton,WI,54911,,,,,
Alex,Smith860,alex.smith860@example.com,(414) 555-0860,Milwaukee,WI,53202,,Pat,two kids,new roof last year,sump pump check
Jordan,Brown861,jordan.brown861@example.com,(414) 555-0861,Waukesha,WI,53186,Brown Properties,Chris,dog named Buddy,loves gardening,insurance deductible question
Sam,Miller862,sam.miller862@example.com,(414) 555-0862,Racine,WI,53403,,Alex,parents nearby,just remodeled kitchen,tree trim quote
Taylor,Martinez863,taylor.martinez863@example.com,(414) 555-0863,Madison,WI,53703,,Sam,,,
Casey,Gonzalez864,casey.gonzalez864@example.com,(414) 555-0864,Green Bay,WI,54301,Gonzalez Properties,,,,
Riley,Thomas865,riley.thomas865@example.com,(414) 555-0865,Chicago,IL,60611,,Pat,two kids,new roof last year,sump pump check
Morgan,Jackson866,morgan.jackson866@example.com,(414) 555-0866,Evanston,IL,60201,,Chris,dog named Buddy,loves gardening,insurance deductible question
Avery,Johnson867,avery.johnson867@example.com,(414) 555-0867,Brookfield,WI,53005,Johnson Properties,Alex,parents nearby,just remodeled kitchen,tree trim quote
Quinn,Jones868,quinn.jones868@example.com,(414) 555-0868,Kenosha,WI,53140,,Sam,,,
Jamie,Davis869,jamie.davis869@example.com,(414) 555-0869,Appleton,WI,54911,,,,,
Cameron,Hernandez870,cameron.hernandez870@example.com,(414) 555-0870,Milwaukee,WI,53202,Hernandez Properties,Pat,two kids,new roof last year,sump pump check
Drew,Wilson871,drew.wilson871@example.com,(414) 555-0871,Waukesha,WI,53186,,Chris,dog named Buddy,loves gardening,insurance deductible question
Reese,Taylor872,reese.taylor872@example.com,(414) 555-0872,Racine,WI,53403,,Alex,parents nearby,just remodeled kitchen,tree trim quote
Skyler,Martin873,skyler.martin873@example.com,(414) 555-0873,Madison,WI,53703,Martin Properties,Sam,,,
Parker,Williams874,parker.williams874@example.com,(414) 555-0874,Green Bay,WI,54301,,,,,
Blake,Garcia875,blake.garcia875@example.com,(414) 555-0875,Chicago,IL,60611,,Pat,two kids,new roof last year,sump pump check
Hayden,Rodriguez876,hayden.rodriguez876@example.com,(414) 555-0876,Evanston,IL,60201,Rodriguez Properties,Chris,dog named Buddy,loves gardening,insurance deductible question
Rowan,Lopez877,rowan.lopez877@example.com,(414) 555-0877,Brookfield,WI,53005,,Alex,parents nearby,just remodeled kitchen,tree trim quote
Sawyer,Anderson878,sawyer.anderson878@example.com,(414) 555-0878,Kenosha,WI,53140,,Sam,,,
Finley,Moore879,finley.moore879@example.com,(414) 555-0879,Appleton,WI,54911,Moore Properties,,,,
Alex,Smith880,alex.smith880@example.com,(414) 555-0880,Milwaukee,WI,53202,,Pat,two kids,new roof last year,sump pump check
Jordan,Brown881,jordan.brown881@example.com,(414) 555-0881,Waukesha,WI,53186,,Chris,dog named Buddy,loves gardening,insurance deductible question
Sam,Miller882,sam.miller882@example.com,(414) 555-0882,Racine,WI,53403,Miller Properties,Alex,parents nearby,just remodeled kitchen,tree trim quote
Taylor,Martinez883,taylor.martinez883@example.com,(414) 555-0883,Madison,WI,53703,,Sam,,,
Casey,Gonzalez884,casey.gonzalez884@example.com,(414) 555-0884,Green Bay,WI,54301,,,,,
Riley,Thomas885,riley.thomas885@example.com,(414) 555-0885,Chicago,IL,60611,Thomas Properties,Pat,two kids,new roof last year,sump pump check
Morgan,Jackson886,morgan.jackson886@example.com,(414) 555-0886,Evanston,IL,60201,,Chris,dog named Buddy,loves gardening,insurance deductible question
Avery,Johnson887,avery.johnson887@example.com,(414) 555-0887,Brookfield,WI,53005,,Alex,parents nearby,just remodeled kitchen,tree trim quote
Quinn,Jones888,quinn.jones888@example.com,(414) 555-0888,Kenosha,WI,53140,Jones Properties,Sam,,,
Jamie,Davis889,jamie.davis889@example.com,(414) 555-0889,Appleton,WI,54911,,,,,
Cameron,Hernandez890,cameron.hernandez890@example.com,(414) 555-0890,Milwaukee,WI,53202,,Pat,two kids,new roof last year,sump pump check
Drew,Wilson891,drew.wilson891@example.com,(414) 555-0891,Waukesha,WI,53186,Wilson Properties,Chris,dog named Buddy,loves gardening,insurance deductible question
Reese,Taylor892,reese.taylor892@example.com,(414) 555-0892,Racine,WI,53403,,Alex,parents nearby,just remodeled kitchen,tree trim quote
Skyler,Martin893,skyler.martin893@example.com,(414) 555-0893,Madison,WI,53703,,Sam,,,
Parker,Williams894,parker.williams894@example.com,(414) 555-0894,Green Bay,WI,54301,Williams Properties,,,,
Blake,Garcia895,blake.garcia895@example.com,(414) 555-0895,Chicago,IL,60611,,Pat,two kids,new roof last year,sump pump check
Hayden,Rodriguez896,hayden.rodriguez896@example.com,(414) 555-0896,Evanston,IL,60201,,Chris,dog named Buddy,loves gardening,insurance deductible question
Rowan,Lopez897,rowan.lopez897@example.com,(414) 555-0897,Brookfield,WI,53005,Lopez Properties,Alex,parents nearby,just remodeled kitchen,tree trim quote
Sawyer,Anderson898,sawyer.anderson898@example.com,(414) 555-0898,Kenosha,WI,53140,,Sam,,,
Finley,Moore899,finley.moore899@example.com,(414) 555-0899,Appleton,WI,54911,,,,,
Alex,Smith900,alex.smith900@example.com,(414) 555-0900,Milwaukee,WI,53202,Smith Properties,Pat,two kids,new roof last year,sump pump check
Jordan,Brown901,jordan.brown901@example.com,(414) 555-0901,Waukesha,WI,53186,,Chris,dog named Buddy,loves gardening,insurance deductible question
Sam,Miller902,sam.miller902@example.com,(414) 555-0902,Racine,WI,53403,,Alex,parents nearby,just remodeled kitchen,tree trim quote
Taylor,Martinez903,taylor.martinez903@example.com,(414) 555-0903,Madison,WI,53703,Martinez Properties,Sam,,,
Casey,Gonzalez904,casey.gonzalez904@example.com,(414) 555-0904,Green Bay,WI,54301,,,,,
Riley,Thomas905,riley.thomas905@example.com,(414) 555-0905,Chicago,IL,60611,,Pat,two kids,new roof last year,sump pump check
Morgan,Jackson906,morgan.jackson906@example.com,(414) 555-0906,Evanston,IL,60201,Jackson Properties,Chris,dog named Buddy,loves gardening,insurance deductible question
Avery,Johnson907,avery.johnson907@example.com,(414) 555-0907,Brookfield,WI,53005,,Alex,parents nearby,just remodeled kitchen,tree trim quote
Quinn,Jones908,quinn.jones908@example.com,(414) 555-0908,Kenosha,WI,53140,,Sam,,,
Jamie,Davis909,jamie.davis909@example.com,(414) 555-0909,Appleton,WI,54911,Davis Properties,,,,
Cameron,Hernandez910,cameron.hernandez910@example.com,(414) 555-0910,Milwaukee,WI,53202,,Pat,two kids,new roof last year,sump pump check
Drew,Wilson911,drew.wilson911@example.com,(414) 555-0911,Waukesha,WI,53186,,Chris,dog named Buddy,loves gardening,insurance deductible question
Reese,Taylor912,reese.taylor912@example.com,(414) 555-0912,Racine,WI,53403,Taylor Properties,Alex,parents nearby,just remodeled kitchen,tree trim quote
Skyler,Martin913,skyler.martin913@example.com,(414) 555-0913,Madison,WI,53703,,Sam,,,
Parker,Williams914,parker.williams914@example.com,(414) 555-0914,Green Bay,WI,54301,,,,,
Blake,Garcia915,blake.garcia915@example.com,(414) 555-0915,Chicago,IL,60611,Garcia Properties,Pat,two kids,new roof last year,sump pump check
Hayden,Rodriguez916,hayden.rodriguez916@example.com,(414) 555-0916,Evanston,IL,60201,,Chris,dog named Buddy,loves gardening,insurance deductible question
Rowan,Lopez917,rowan.lopez917@example.com,(414) 555-0917,Brookfield,WI,53005,,Alex,parents nearby,just remodeled kitchen,tree trim quote
Sawyer,Anderson918,sawyer.anderson918@example.com,(414) 555-0918,Kenosha,WI,53140,Anderson Properties,Sam,,,
Finley,Moore919,finley.moore919@example.com,(414) 555-0919,Appleton,WI,54911,,,,,
Alex,Smith920,alex.smith920@example.com,(414) 555-0920,Milwaukee,WI,53202,,Pat,two kids,new roof last year,sump pump check
Jordan,Brown921,jordan.brown921@example.com,(414) 555-0921,Waukesha,WI,53186,Brown Properties,Chris,dog named Buddy,loves gardening,insurance deductible question
Sam,Miller922,sam.miller922@example.com,(414) 555-0922,Racine,WI,53403,,Alex,parents nearby,just remodeled kitchen,tree trim quote
Taylor,Martinez923,taylor.martinez923@example.com,(414) 555-0923,Madison,WI,53703,,Sam,,,
Casey,Gonzalez924,casey.gonzalez924@example.com,(414) 555-0924,Green Bay,WI,54301,Gonzalez Properties,,,,
Riley,Thomas925,riley.thomas925@example.com,(414) 555-0925,Chicago,IL,60611,,Pat,two kids,new roof last year,sump pump check
Morgan,Jackson926,morgan.jackson926@example.com,(414) 555-0926,Evanston,IL,60201,,Chris,dog named Buddy,loves gardening,insurance deductible question
Avery,Johnson927,avery.johnson927@example.com,(414) 555-0927,Brookfield,WI,53005,Johnson Properties,Alex,parents nearby,just remodeled kitchen,tree trim quote
Quinn,Jones928,quinn.jones928@example.com,(414) 555-0928,Kenosha,WI,53140,,Sam,,,
Jamie,Davis929,jamie.davis929@example.com,(414) 555-0929,Appleton,WI,54911,,,,,
Cameron,Hernandez930,cameron.hernandez930@example.com,(414) 555-0930,Milwaukee,WI,53202,Hernandez Properties,Pat,two kids,new roof last year,sump pump check
Drew,Wilson931,drew.wilson931@example.com,(414) 555-0931,Waukesha,WI,53186,,Chris,dog named Buddy,loves gardening,insurance deductible question
Reese,Taylor932,reese.taylor932@example.com,(414) 555-0932,Racine,WI,53403,,Alex,parents nearby,just remodeled kitchen,tree trim quote
Skyler,Martin933,skyler.martin933@example.com,(414) 555-0933,Madison,WI,53703,Martin Properties,Sam,,,
Parker,Williams934,parker.williams934@example.com,(414) 555-0934,Green Bay,WI,54301,,,,,
Blake,Garcia935,blake.garcia935@example.com,(414) 555-0935,Chicago,IL,60611,,Pat,two kids,new roof last year,sump pump check
Hayden,Rodriguez936,hayden.rodriguez936@example.com,(414) 555-0936,Evanston,IL,60201,Rodriguez Properties,Chris,dog named Buddy,loves gardening,insurance deductible question
Rowan,Lopez937,rowan.lopez937@example.com,(414) 555-0937,Brookfield,WI,53005,,Alex,parents nearby,just remodeled kitchen,tree trim quote
Sawyer,Anderson938,sawyer.anderson938@example.com,(414) 555-0938,Kenosha,WI,53140,,Sam,,,
Finley,Moore939,finley.moore939@example.com,(414) 555-0939,Appleton,WI,54911,Moore Properties,,,,
Alex,Smith940,alex.smith940@example.com,(414) 555-0940,Milwaukee,WI,53202,,Pat,two kids,new roof last year,sump pump check
Jordan,Brown941,jordan.brown941@example.com,(414) 555-0941,Waukesha,WI,53186,,Chris,dog named Buddy,loves gardening,insurance deductible question
Sam,Miller942,sam.miller942@example.com,(414) 555-0942,Racine,WI,53403,Miller Properties,Alex,parents nearby,just remodeled kitchen,tree trim quote
Taylor,Martinez943,taylor.martinez943@example.com,(414) 555-0943,Madison,WI,53703,,Sam,,,
Casey,Gonzalez944,casey.gonzalez944@example.com,(414) 555-0944,Green Bay,WI,54301,,,,,
Riley,Thomas945,riley.thomas945@example.com,(414) 555-0945,Chicago,IL,60611,Thomas Properties,Pat,two kids,new roof last year,sump pump check
Morgan,Jackson946,morgan.jackson946@example.com,(414) 555-0946,Evanston,IL,60201,,Chris,dog named Buddy,loves gardening,insurance deductible question
Avery,Johnson947,avery.johnson947@example.com,(414) 555-0947,Brookfield,WI,53005,,Alex,parents nearby,just remodeled kitchen,tree trim quote
Quinn,Jones948,quinn.jones948@example.com,(414) 555-0948,Kenosha,WI,53140,Jones Properties,Sam,,,
Jamie,Davis949,jamie.davis949@example.com,(414) 555-0949,Appleton,WI,54911,,,,,
Cameron,Hernandez950,cameron.hernandez950@example.com,(414) 555-0950,Milwaukee,WI,53202,,Pat,two kids,new roof last year,sump pump check
Drew,Wilson951,drew.wilson951@example.com,(414) 555-0951,Waukesha,WI,53186,Wilson Properties,Chris,dog named Buddy,loves gardening,insurance deductible question
Reese,Taylor952,reese.taylor952@example.com,(414) 555-0952,Racine,WI,53403,,Alex,parents nearby,just remodeled kitchen,tree trim quote
Skyler,Martin953,skyler.martin953@example.com,(414) 555-0953,Madison,WI,53703,,Sam,,,
Parker,Williams954,parker.williams954@example.com,(414) 555-0954,Green Bay,WI,54301,Williams Properties,,,,
Blake,Garcia955,blake.garcia955@example.com,(414) 555-0955,Chicago,IL,60611,,Pat,two kids,new roof last year,sump pump check
Hayden,Rodriguez956,hayden.rodriguez956@example.com,(414) 555-0956,Evanston,IL,60201,,Chris,dog named Buddy,loves gardening,insurance deductible question
Rowan,Lopez957,rowan.lopez957@example.com,(414) 555-0957,Brookfield,WI,53005,Lopez Properties,Alex,parents nearby,just remodeled kitchen,tree trim quote
Sawyer,Anderson958,sawyer.anderson958@example.com,(414) 555-0958,Kenosha,WI,53140,,Sam,,,
Finley,Moore959,finley.moore959@example.com,(414) 555-0959,Appleton,WI,54911,,,,,
Alex,Smith960,alex.smith960@example.com,(414) 555-0960,Milwaukee,WI,53202,Smith Properties,Pat,two kids,new roof last year,sump pump check
Jordan,Brown961,jordan.brown961@example.com,(414) 555-0961,Waukesha,WI,53186,,Chris,dog named Buddy,loves gardening,insurance deductible question
Sam,Miller962,sam.miller962@example.com,(414) 555-0962,Racine,WI,53403,,Alex,parents nearby,just remodeled kitchen,tree trim quote
Taylor,Martinez963,taylor.martinez963@example.com,(414) 555-0963,Madison,WI,53703,Martinez Properties,Sam,,,
Casey,Gonzalez964,casey.gonzalez964@example.com,(414) 555-0964,Green Bay,WI,54301,,,,,
Riley,Thomas965,riley.thomas965@example.com,(414) 555-0965,Chicago,IL,60611,,Pat,two kids,new roof last year,sump pump check
Morgan,Jackson966,morgan.jackson966@example.com,(414) 555-0966,Evanston,IL,60201,Jackson Properties,Chris,dog named Buddy,loves gardening,insurance deductible question
Avery,Johnson967,avery.johnson967@example.com,(414) 555-0967,Brookfield,WI,53005,,Alex,parents nearby,just remodeled kitchen,tree trim quote
Quinn,Jones968,quinn.jones968@example.com,(414) 555-0968,Kenosha,WI,53140,,Sam,,,
Jamie,Davis969,jamie.davis969@example.com,(414) 555-0969,Appleton,WI,54911,Davis Properties,,,,
Cameron,Hernandez970,cameron.hernandez970@example.com,(414) 555-0970,Milwaukee,WI,53202,,Pat,two kids,new roof last year,sump pump check
Drew,Wilson971,drew.wilson971@example.com,(414) 555-0971,Waukesha,WI,53186,,Chris,dog named Buddy,loves gardening,insurance deductible question
Reese,Taylor972,reese.taylor972@example.com,(414) 555-0972,Racine,WI,53403,Taylor Properties,Alex,parents nearby,just remodeled kitchen,tree trim quote
Skyler,Martin973,skyler.martin973@example.com,(414) 555-0973,Madison,WI,53703,,Sam,,,
Parker,Williams974,parker.williams974@example.com,(414) 555-0974,Green Bay,WI,54301,,,,,
Blake,Garcia975,blake.garcia975@example.com,(414) 555-0975,Chicago,IL,60611,Garcia Properties,Pat,two kids,new roof last year,sump pump check
Hayden,Rodriguez976,hayden.rodriguez976@example.com,(414) 555-0976,Evanston,IL,60201,,Chris,dog named Buddy,loves gardening,insurance deductible question
Rowan,Lopez977,rowan.lopez977@example.com,(414) 555-0977,Brookfield,WI,53005,,Alex,parents nearby,just remodeled kitchen,tree trim quote
Sawyer,Anderson978,sawyer.anderson978@example.com,(414) 555-0978,Kenosha,WI,53140,Anderson Properties,Sam,,,
Finley,Moore979,finley.moore979@example.com,(414) 555-0979,Appleton,WI,54911,,,,,
Alex,Smith980,alex.smith980@example.com,(414) 555-0980,Milwaukee,WI,53202,,Pat,two kids,new roof last year,sump pump check
Jordan,Brown981,jordan.brown981@example.com,(414) 555-0981,Waukesha,WI,53186,Brown Properties,Chris,dog named Buddy,loves gardening,insurance deductible question
Sam,Miller982,sam.miller982@example.com,(414) 555-0982,Racine,WI,53403,,Alex,parents nearby,just remodeled kitchen,tree trim quote
Taylor,Martinez983,taylor.martinez983@example.com,(414) 555-0983,Madison,WI,53703,,Sam,,,
Casey,Gonzalez984,casey.gonzalez984@example.com,(414) 555-0984,Green Bay,WI,54301,Gonzalez Properties,,,,
Riley,Thomas985,riley.thomas985@example.com,(414) 555-0985,Chicago,IL,60611,,Pat,two kids,new roof last year,sump pump check
Morgan,Jackson986,morgan.jackson986@example.com,(414) 555-0986,Evanston,IL,60201,,Chris,dog named Buddy,loves gardening,insurance deductible question
Avery,Johnson987,avery.johnson987@example.com,(414) 555-0987,Brookfield,WI,53005,Johnson Properties,Alex,parents nearby,just remodeled kitchen,tree trim quote
Quinn,Jones988,quinn.jones988@example.com,(414) 555-0988,Kenosha,WI,53140,,Sam,,,
Jamie,Davis989,jamie.davis989@example.com,(414) 555-0989,Appleton,WI,54911,,,,,
Cameron,Hernandez990,cameron.hernandez990@example.com,(414) 555-0990,Milwaukee,WI,53202,Hernandez Properties,Pat,two kids,new roof last year,sump pump check
Drew,Wilson991,drew.wilson991@example.com,(414) 555-0991,Waukesha,WI,53186,,Chris,dog named Buddy,loves gardening,insurance deductible question
Reese,Taylor992,reese.taylor992@example.com,(414) 555-0992,Racine,WI,53403,,Alex,parents nearby,just remodeled kitchen,tree trim quote
Skyler,Martin993,skyler.martin993@example.com,(414) 555-0993,Madison,WI,53703,Martin Properties,Sam,,,
Parker,Williams994,parker.williams994@example.com,(414) 555-0994,Green Bay,WI,54301,,,,,
Blake,Garcia995,blake.garcia995@example.com,(414) 555-0995,Chicago,IL,60611,,Pat,two kids,new roof last year,sump pump check
Hayden,Rodriguez996,hayden.rodriguez996@example.com,(414) 555-0996,Evanston,IL,60201,Rodriguez Properties,Chris,dog named Buddy,loves gardening,insurance deductible question
Rowan,Lopez997,rowan.lopez997@example.com,(414) 555-0997,Brookfield,WI,53005,,Alex,parents nearby,just remodeled kitchen,tree trim quote
Sawyer,Anderson998,sawyer.anderson998@example.com,(414) 555-0998,Kenosha,WI,53140,,Sam,,,
Finley,Moore999,finley.moore999@example.com,(414) 555-0999,Appleton,WI,54911,Moore Properties,,,,
Alex,Smith1000,alex.smith1000@example.com,(414) 555-1000,Milwaukee,WI,53202,,Pat,two kids,new roof last year,sump pump check
Jordan,Brown1001,jordan.brown1001@example.com,(414) 555-1001,Waukesha,WI,53186,,Chris,dog named Buddy,loves gardening,insurance deductible question
Sam,Miller1002,sam.miller1002@example.com,(414) 555-1002,Racine,WI,53403,Miller Properties,Alex,parents nearby,just remodeled kitchen,tree trim quote
Taylor,Martinez1003,taylor.martinez1003@example.com,(414) 555-1003,Madison,WI,53703,,Sam,,,
Casey,Gonzalez1004,casey.gonzalez1004@example.com,(414) 555-1004,Green Bay,WI,54301,,,,,
Riley,Thomas1005,riley.thomas1005@example.com,(414) 555-1005,Chicago,IL,60611,Thomas Properties,Pat,two kids,new roof last year,sump pump check
Morgan,Jackson1006,morgan.jackson1006@example.com,(414) 555-1006,Evanston,IL,60201,,Chris,dog named Buddy,loves gardening,insurance deductible question
Avery,Johnson1007,avery.johnson1007@example.com,(414) 555-1007,Brookfield,WI,53005,,Alex,parents nearby,just remodeled kitchen,tree trim quote
Quinn,Jones1008,quinn.jones1008@example.com,(414) 555-1008,Kenosha,WI,53140,Jones Properties,Sam,,,
Jamie,Davis1009,jamie.davis1009@example.com,(414) 555-1009,Appleton,WI,54911,,,,,
Cameron,Hernandez1010,cameron.hernandez1010@example.com,(414) 555-1010,Milwaukee,WI,53202,,Pat,two kids,new roof last year,sump pump check
Drew,Wilson1011,drew.wilson1011@example.com,(414) 555-1011,Waukesha,WI,53186,Wilson Properties,Chris,dog named Buddy,loves gardening,insurance deductible question
Reese,Taylor1012,reese.taylor1012@example.com,(414) 555-1012,Racine,WI,53403,,Alex,parents nearby,just remodeled kitchen,tree trim quote
Skyler,Martin1013,skyler.martin1013@example.com,(414) 555-1013,Madison,WI,53703,,Sam,,,
Parker,Williams1014,parker.williams1014@example.com,(414) 555-1014,Green Bay,WI,54301,Williams Properties,,,,
Blake,Garcia1015,blake.garcia1015@example.com,(414) 555-1015,Chicago,IL,60611,,Pat,two kids,new roof last year,sump pump check
Hayden,Rodriguez1016,hayden.rodriguez1016@example.com,(414) 555-1016,Evanston,IL,60201,,Chris,dog named Buddy,loves gardening,insurance deductible question
Rowan,Lopez1017,rowan.lopez1017@example.com,(414) 555-1017,Brookfield,WI,53005,Lopez Properties,Alex,parents nearby,just remodeled kitchen,tree trim quote
Sawyer,Anderson1018,sawyer.anderson1018@example.com,(414) 555-1018,Kenosha,WI,53140,,Sam,,,
Finley,Moore1019,finley.moore1019@example.com,(414) 555-1019,Appleton,WI,54911,,,,,
Alex,Smith1020,alex.smith1020@example.com,(414) 555-1020,Milwaukee,WI,53202,Smith Properties,Pat,two kids,new roof last year,sump pump check
Jordan,Brown1021,jordan.brown1021@example.com,(414) 555-1021,Waukesha,WI,53186,,Chris,dog named Buddy,loves gardening,insurance deductible question
Sam,Miller1022,sam.miller1022@example.com,(414) 555-1022,Racine,WI,53403,,Alex,parents nearby,just remodeled kitchen,tree trim quote
Taylor,Martinez1023,taylor.martinez1023@example.com,(414) 555-1023,Madison,WI,53703,Martinez Properties,Sam,,,
Casey,Gonzalez1024,casey.gonzalez1024@example.com,(414) 555-1024,Green Bay,WI,54301,,,,,
Riley,Thomas1025,riley.thomas1025@example.com,(414) 555-1025,Chicago,IL,60611,,Pat,two kids,new roof last year,sump pump check
Morgan,Jackson1026,morgan.jackson1026@example.com,(414) 555-1026,Evanston,IL,60201,Jackson Properties,Chris,dog named Buddy,loves gardening,insurance deductible question
Avery,Johnson1027,avery.johnson1027@example.com,(414) 555-1027,Brookfield,WI,53005,,Alex,parents nearby,just remodeled kitchen,tree trim quote
Quinn,Jones1028,quinn.jones1028@example.com,(414) 555-1028,Kenosha,WI,53140,,Sam,,,
Jamie,Davis1029,jamie.davis1029@example.com,(414) 555-1029,Appleton,WI,54911,Davis Properties,,,,
Cameron,Hernandez1030,cameron.hernandez1030@example.com,(414) 555-1030,Milwaukee,WI,53202,,Pat,two kids,new roof last year,sump pump check
Drew,Wilson1031,drew.wilson1031@example.com,(414) 555-1031,Waukesha,WI,53186,,Chris,dog named Buddy,loves gardening,insurance deductible question
Reese,Taylor1032,reese.taylor1032@example.com,(414) 555-1032,Racine,WI,53403,Taylor Properties,Alex,parents nearby,just remodeled kitchen,tree trim quote
Skyler,Martin1033,skyler.martin1033@example.com,(414) 555-1033,Madison,WI,53703,,Sam,,,
Parker,Williams1034,parker.williams1034@example.com,(414) 555-1034,Green Bay,WI,54301,,,,,
Blake,Garcia1035,blake.garcia1035@example.com,(414) 555-1035,Chicago,IL,60611,Garcia Properties,Pat,two kids,new roof last year,sump pump check
Hayden,Rodriguez1036,hayden.rodriguez1036@example.com,(414) 555-1036,Evanston,IL,60201,,Chris,dog named Buddy,loves gardening,insurance deductible question
Rowan,Lopez1037,rowan.lopez1037@example.com,(414) 555-1037,Brookfield,WI,53005,,Alex,parents nearby,just remodeled kitchen,tree trim quote
Sawyer,Anderson1038,sawyer.anderson1038@example.com,(414) 555-1038,Kenosha,WI,53140,Anderson Properties,Sam,,,
Finley,Moore1039,finley.moore1039@example.com,(414) 555-1039,Appleton,WI,54911,,,,,
Alex,Smith1040,alex.smith1040@example.com,(414) 555-1040,Milwaukee,WI,53202,,Pat,two kids,new roof last year,sump pump check
Jordan,Brown1041,jordan.brown1041@example.com,(414) 555-1041,Waukesha,WI,53186,Brown Properties,Chris,dog named Buddy,loves gardening,insurance deductible question
Sam,Miller1042,sam.miller1042@example.com,(414) 555-1042,Racine,WI,53403,,Alex,parents nearby,just remodeled kitchen,tree trim quote
Taylor,Martinez1043,taylor.martinez1043@example.com,(414) 555-1043,Madison,WI,53703,,Sam,,,
Casey,Gonzalez1044,casey.gonzalez1044@example.com,(414) 555-1044,Green Bay,WI,54301,Gonzalez Properties,,,,
Riley,Thomas1045,riley.thomas1045@example.com,(414) 555-1045,Chicago,IL,60611,,Pat,two kids,new roof last year,sump pump check
Morgan,Jackson1046,morgan.jackson1046@example.com,(414) 555-1046,Evanston,IL,60201,,Chris,dog named Buddy,loves gardening,insurance deductible question
Avery,Johnson1047,avery.johnson1047@example.com,(414) 555-1047,Brookfield,WI,53005,Johnson Properties,Alex,parents nearby,just remodeled kitchen,tree trim quote
Quinn,Jones1048,quinn.jones1048@example.com,(414) 555-1048,Kenosha,WI,53140,,Sam,,,
Jamie,Davis1049,jamie.davis1049@example.com,(414) 555-1049,Appleton,WI,54911,,,,,
Cameron,Hernandez1050,cameron.hernandez1050@example.com,(414) 555-1050,Milwaukee,WI,53202,Hernandez Properties,Pat,two kids,new roof last year,sump pump check
Drew,Wilson1051,drew.wilson1051@example.com,(414) 555-1051,Waukesha,WI,53186,,Chris,dog named Buddy,loves gardening,insurance deductible question
Reese,Taylor1052,reese.taylor1052@example.com,(414) 555-1052,Racine,WI,53403,,Alex,parents nearby,just remodeled kitchen,tree trim quote
Skyler,Martin1053,skyler.martin1053@example.com,(414) 555-1053,Madison,WI,53703,Martin Properties,Sam,,,
Parker,Williams1054,parker.williams1054@example.com,(414) 555-1054,Green Bay,WI,54301,,,,,
Blake,Garcia1055,blake.garcia1055@example.com,(414) 555-1055,Chicago,IL,60611,,Pat,two kids,new roof last year,sump pump check
Hayden,Rodriguez1056,hayden.rodriguez1056@example.com,(414) 555-1056,Evanston,IL,60201,Rodriguez Properties,Chris,dog named Buddy,loves gardening,insurance deductible question
Rowan,Lopez1057,rowan.lopez1057@example.com,(414) 555-1057,Brookfield,WI,53005,,Alex,parents nearby,just remodeled kitchen,tree trim quote
Sawyer,Anderson1058,sawyer.anderson1058@example.com,(414) 555-1058,Kenosha,WI,53140,,Sam,,,
Finley,Moore1059,finley.moore1059@example.com,(414) 555-1059,Appleton,WI,54911,Moore Properties,,,,
Alex,Smith1060,alex.smith1060@example.com,(414) 555-1060,Milwaukee,WI,53202,,Pat,two kids,new roof last year,sump pump check
Jordan,Brown1061,jordan.brown1061@example.com,(414) 555-1061,Waukesha,WI,53186,,Chris,dog named Buddy,loves gardening,insurance deductible question
Sam,Miller1062,sam.miller1062@example.com,(414) 555-1062,Racine,WI,53403,Miller Properties,Alex,parents nearby,just remodeled kitchen,tree trim quote
Taylor,Martinez1063,taylor.martinez1063@example.com,(414) 555-1063,Madison,WI,53703,,Sam,,,
Casey,Gonzalez1064,casey.gonzalez1064@example.com,(414) 555-1064,Green Bay,WI,54301,,,,,
Riley,Thomas1065,riley.thomas1065@example.com,(414) 555-1065,Chicago,IL,60611,Thomas Properties,Pat,two kids,new roof last year,sump pump check
Morgan,Jackson1066,morgan.jackson1066@example.com,(414) 555-1066,Evanston,IL,60201,,Chris,dog named Buddy,loves gardening,insurance deductible question
Avery,Johnson1067,avery.johnson1067@example.com,(414) 555-1067,Brookfield,WI,53005,,Alex,parents nearby,just remodeled kitchen,tree trim quote
Quinn,Jones1068,quinn.jones1068@example.com,(414) 555-1068,Kenosha,WI,53140,Jones Properties,Sam,,,
Jamie,Davis1069,jamie.davis1069@example.com,(414) 555-1069,Appleton,WI,54911,,,,,
Cameron,Hernandez1070,cameron.hernandez1070@example.com,(414) 555-1070,Milwaukee,WI,53202,,Pat,two kids,new roof last year,sump pump check
Drew,Wilson1071,drew.wilson1071@example.com,(414) 555-1071,Waukesha,WI,53186,Wilson Properties,Chris,dog named Buddy,loves gardening,insurance deductible question
Reese,Taylor1072,reese.taylor1072@example.com,(414) 555-1072,Racine,WI,53403,,Alex,parents nearby,just remodeled kitchen,tree trim quote
Skyler,Martin1073,skyler.martin1073@example.com,(414) 555-1073,Madison,WI,53703,,Sam,,,
Parker,Williams1074,parker.williams1074@example.com,(414) 555-1074,Green Bay,WI,54301,Williams Properties,,,,
Blake,Garcia1075,blake.garcia1075@example.com,(414) 555-1075,Chicago,IL,60611,,Pat,two kids,new roof last year,sump pump check
Hayden,Rodriguez1076,hayden.rodriguez1076@example.com,(414) 555-1076,Evanston,IL,60201,,Chris,dog named Buddy,loves gardening,insurance deductible question
Rowan,Lopez1077,rowan.lopez1077@example.com,(414) 555-1077,Brookfield,WI,53005,Lopez Properties,Alex,parents nearby,just remodeled kitchen,tree trim quote
Sawyer,Anderson1078,sawyer.anderson1078@example.com,(414) 555-1078,Kenosha,WI,53140,,Sam,,,
Finley,Moore1079,finley.moore1079@example.com,(414) 555-1079,Appleton,WI,54911,,,,,
Alex,Smith1080,alex.smith1080@example.com,(414) 555-1080,Milwaukee,WI,53202,Smith Properties,Pat,two kids,new roof last year,sump pump check
Jordan,Brown1081,jordan.brown1081@example.com,(414) 555-1081,Waukesha,WI,53186,,Chris,dog named Buddy,loves gardening,insurance deductible question
Sam,Miller1082,sam.miller1082@example.com,(414) 555-1082,Racine,WI,53403,,Alex,parents nearby,just remodeled kitchen,tree trim quote
Taylor,Martinez1083,taylor.martinez1083@example.com,(414) 555-1083,Madison,WI,53703,Martinez Properties,Sam,,,
Casey,Gonzalez1084,casey.gonzalez1084@example.com,(414) 555-1084,Green Bay,WI,54301,,,,,
Riley,Thomas1085,riley.thomas1085@example.com,(414) 555-1085,Chicago,IL,60611,,Pat,two kids,new roof last year,sump pump check
Morgan,Jackson1086,morgan.jackson1086@example.com,(414) 555-1086,Evanston,IL,60201,Jackson Properties,Chris,dog named Buddy,loves gardening,insurance deductible question
Avery,Johnson1087,avery.johnson1087@example.com,(414) 555-1087,Brookfield,WI,53005,,Alex,parents nearby,just remodeled kitchen,tree trim quote
Quinn,Jones1088,quinn.jones1088@example.com,(414) 555-1088,Kenosha,WI,53140,,Sam,,,
Jamie,Davis1089,jamie.davis1089@example.com,(414) 555-1089,Appleton,WI,54911,Davis Properties,,,,
Cameron,Hernandez1090,cameron.hernandez1090@example.com,(414) 555-1090,Milwaukee,WI,53202,,Pat,two kids,new roof last year,sump pump check
Drew,Wilson1091,drew.wilson1091@example.com,(414) 555-1091,Waukesha,WI,53186,,Chris,dog named Buddy,loves gardening,insurance deductible question
Reese,Taylor1092,reese.taylor1092@example.com,(414) 555-1092,Racine,WI,53403,Taylor Properties,Alex,parents nearby,just remodeled kitchen,tree trim quote
Skyler,Martin1093,skyler.martin1093@example.com,(414) 555-1093,Madison,WI,53703,,Sam,,,
Parker,Williams1094,parker.williams1094@example.com,(414) 555-1094,Green Bay,WI,54301,,,,,
Blake,Garcia1095,blake.garcia1095@example.com,(414) 555-1095,Chicago,IL,60611,Garcia Properties,Pat,two kids,new roof last year,sump pump check
Hayden,Rodriguez1096,hayden.rodriguez1096@example.com,(414) 555-1096,Evanston,IL,60201,,Chris,dog named Buddy,loves gardening,insurance deductible question
Rowan,Lopez1097,rowan.lopez1097@example.com,(414) 555-1097,Brookfield,WI,53005,,Alex,parents nearby,just remodeled kitchen,tree trim quote
Sawyer,Anderson1098,sawyer.anderson1098@example.com,(414) 555-1098,Kenosha,WI,53140,Anderson Properties,Sam,,,
Finley,Moore1099,finley.moore1099@example.com,(414) 555-1099,Appleton,WI,54911,,,,,
Alex,Smith1100,alex.smith1100@example.com,(414) 555-1100,Milwaukee,WI,53202,,Pat,two kids,new roof last year,sump pump check
Jordan,Brown1101,jordan.brown1101@example.com,(414) 555-1101,Waukesha,WI,53186,Brown Properties,Chris,dog named Buddy,loves gardening,insurance deductible question
Sam,Miller1102,sam.miller1102@example.com,(414) 555-1102,Racine,WI,53403,,Alex,parents nearby,just remodeled kitchen,tree trim quote
Taylor,Martinez1103,taylor.martinez1103@example.com,(414) 555-1103,Madison,WI,53703,,Sam,,,
Casey,Gonzalez1104,casey.gonzalez1104@example.com,(414) 555-1104,Green Bay,WI,54301,Gonzalez Properties,,,,
Riley,Thomas1105,riley.thomas1105@example.com,(414) 555-1105,Chicago,IL,60611,,Pat,two kids,new roof last year,sump pump check
Morgan,Jackson1106,morgan.jackson1106@example.com,(414) 555-1106,Evanston,IL,60201,,Chris,dog named Buddy,loves gardening,insurance deductible question
Avery,Johnson1107,avery.johnson1107@example.com,(414) 555-1107,Brookfield,WI,53005,Johnson Properties,Alex,parents nearby,just remodeled kitchen,tree trim quote
Quinn,Jones1108,quinn.jones1108@example.com,(414) 555-1108,Kenosha,WI,53140,,Sam,,,
Jamie,Davis1109,jamie.davis1109@example.com,(414) 555-1109,Appleton,WI,54911,,,,,
Cameron,Hernandez1110,cameron.hernandez1110@example.com,(414) 555-1110,Milwaukee,WI,53202,Hernandez Properties,Pat,two kids,new roof last year,sump pump check
Drew,Wilson1111,drew.wilson1111@example.com,(414) 555-1111,Waukesha,WI,53186,,Chris,dog named Buddy,loves gardening,insurance deductible question
Reese,Taylor1112,reese.taylor1112@example.com,(414) 555-1112,Racine,WI,53403,,Alex,parents nearby,just remodeled kitchen,tree trim quote
Skyler,Martin1113,skyler.martin1113@example.com,(414) 555-1113,Madison,WI,53703,Martin Properties,Sam,,,
Parker,Williams1114,parker.williams1114@example.com,(414) 555-1114,Green Bay,WI,54301,,,,,
Blake,Garcia1115,blake.garcia1115@example.com,(414) 555-1115,Chicago,IL,60611,,Pat,two kids,new roof last year,sump pump check
Hayden,Rodriguez1116,hayden.rodriguez1116@example.com,(414) 555-1116,Evanston,IL,60201,Rodriguez Properties,Chris,dog named Buddy,loves gardening,insurance deductible question
Rowan,Lopez1117,rowan.lopez1117@example.com,(414) 555-1117,Brookfield,WI,53005,,Alex,parents nearby,just remodeled kitchen,tree trim quote
Sawyer,Anderson1118,sawyer.anderson1118@example.com,(414) 555-1118,Kenosha,WI,53140,,Sam,,,
Finley,Moore1119,finley.moore1119@example.com,(414) 555-1119,Appleton,WI,54911,Moore Properties,,,,
Alex,Smith1120,alex.smith1120@example.com,(414) 555-1120,Milwaukee,WI,53202,,Pat,two kids,new roof last year,sump pump check
Jordan,Brown1121,jordan.brown1121@example.com,(414) 555-1121,Waukesha,WI,53186,,Chris,dog named Buddy,loves gardening,insurance deductible question
Sam,Miller1122,sam.miller1122@example.com,(414) 555-1122,Racine,WI,53403,Miller Properties,Alex,parents nearby,just remodeled kitchen,tree trim quote
Taylor,Martinez1123,taylor.martinez1123@example.com,(414) 555-1123,Madison,WI,53703,,Sam,,,
Casey,Gonzalez1124,casey.gonzalez1124@example.com,(414) 555-1124,Green Bay,WI,54301,,,,,
Riley,Thomas1125,riley.thomas1125@example.com,(414) 555-1125,Chicago,IL,60611,Thomas Properties,Pat,two kids,new roof last year,sump pump check
Morgan,Jackson1126,morgan.jackson1126@example.com,(414) 555-1126,Evanston,IL,60201,,Chris,dog named Buddy,loves gardening,insurance deductible question
Avery,Johnson1127,avery.johnson1127@example.com,(414) 555-1127,Brookfield,WI,53005,,Alex,parents nearby,just remodeled kitchen,tree trim quote
Quinn,Jones1128,quinn.jones1128@example.com,(414) 555-1128,Kenosha,WI,53140,Jones Properties,Sam,,,
Jamie,Davis1129,jamie.davis1129@example.com,(414) 555-1129,Appleton,WI,54911,,,,,
Cameron,Hernandez1130,cameron.hernandez1130@example.com,(414) 555-1130,Milwaukee,WI,53202,,Pat,two kids,new roof last year,sump pump check
Drew,Wilson1131,drew.wilson1131@example.com,(414) 555-1131,Waukesha,WI,53186,Wilson Properties,Chris,dog named Buddy,loves gardening,insurance deductible question
Reese,Taylor1132,reese.taylor1132@example.com,(414) 555-1132,Racine,WI,53403,,Alex,parents nearby,just remodeled kitchen,tree trim quote
Skyler,Martin1133,skyler.martin1133@example.com,(414) 555-1133,Madison,WI,53703,,Sam,,,
Parker,Williams1134,parker.williams1134@example.com,(414) 555-1134,Green Bay,WI,54301,Williams Properties,,,,
Blake,Garcia1135,blake.garcia1135@example.com,(414) 555-1135,Chicago,IL,60611,,Pat,two kids,new roof last year,sump pump check
Hayden,Rodriguez1136,hayden.rodriguez1136@example.com,(414) 555-1136,Evanston,IL,60201,,Chris,dog named Buddy,loves gardening,insurance deductible question
Rowan,Lopez1137,rowan.lopez1137@example.com,(414) 555-1137,Brookfield,WI,53005,Lopez Properties,Alex,parents nearby,just remodeled kitchen,tree trim quote
Sawyer,Anderson1138,sawyer.anderson1138@example.com,(414) 555-1138,Kenosha,WI,53140,,Sam,,,
Finley,Moore1139,finley.moore1139@example.com,(414) 555-1139,Appleton,WI,54911,,,,,
Alex,Smith1140,alex.smith1140@example.com,(414) 555-1140,Milwaukee,WI,53202,Smith Properties,Pat,two kids,new roof last year,sump pump check
Jordan,Brown1141,jordan.brown1141@example.com,(414) 555-1141,Waukesha,WI,53186,,Chris,dog named Buddy,loves gardening,insurance deductible question
Sam,Miller1142,sam.miller1142@example.com,(414) 555-1142,Racine,WI,53403,,Alex,parents nearby,just remodeled kitchen,tree trim quote
Taylor,Martinez1143,taylor.martinez1143@example.com,(414) 555-1143,Madison,WI,53703,Martinez Properties,Sam,,,
Casey,Gonzalez1144,casey.gonzalez1144@example.com,(414) 555-1144,Green Bay,WI,54301,,,,,
Riley,Thomas1145,riley.thomas1145@example.com,(414) 555-1145,Chicago,IL,60611,,Pat,two kids,new roof last year,sump pump check
Morgan,Jackson1146,morgan.jackson1146@example.com,(414) 555-1146,Evanston,IL,60201,Jackson Properties,Chris,dog named Buddy,loves gardening,insurance deductible question
Avery,Johnson1147,avery.johnson1147@example.com,(414) 555-1147,Brookfield,WI,53005,,Alex,parents nearby,just remodeled kitchen,tree trim quote
Quinn,Jones1148,quinn.jones1148@example.com,(414) 555-1148,Kenosha,WI,53140,,Sam,,,
Jamie,Davis1149,jamie.davis1149@example.com,(414) 555-1149,Appleton,WI,54911,Davis Properties,,,,
Cameron,Hernandez1150,cameron.hernandez1150@example.com,(414) 555-1150,Milwaukee,WI,53202,,Pat,two kids,new roof last year,sump pump check
Drew,Wilson1151,drew.wilson1151@example.com,(414) 555-1151,Waukesha,WI,53186,,Chris,dog named Buddy,loves gardening,insurance deductible question
Reese,Taylor1152,reese.taylor1152@example.com,(414) 555-1152,Racine,WI,53403,Taylor Properties,Alex,parents nearby,just remodeled kitchen,tree trim quote
Skyler,Martin1153,skyler.martin1153@example.com,(414) 555-1153,Madison,WI,53703,,Sam,,,
Parker,Williams1154,parker.williams1154@example.com,(414) 555-1154,Green Bay,WI,54301,,,,,
Blake,Garcia1155,blake.garcia1155@example.com,(414) 555-1155,Chicago,IL,60611,Garcia Properties,Pat,two kids,new roof last year,sump pump check
Hayden,Rodriguez1156,hayden.rodriguez1156@example.com,(414) 555-1156,Evanston,IL,60201,,Chris,dog named Buddy,loves gardening,insurance deductible question
Rowan,Lopez1157,rowan.lopez1157@example.com,(414) 555-1157,Brookfield,WI,53005,,Alex,parents nearby,just remodeled kitchen,tree trim quote
Sawyer,Anderson1158,sawyer.anderson1158@example.com,(414) 555-1158,Kenosha,WI,53140,Anderson Properties,Sam,,,
Finley,Moore1159,finley.moore1159@example.com,(414) 555-1159,Appleton,WI,54911,,,,,
Alex,Smith1160,alex.smith1160@example.com,(414) 555-1160,Milwaukee,WI,53202,,Pat,two kids,new roof last year,sump pump check
Jordan,Brown1161,jordan.brown1161@example.com,(414) 555-1161,Waukesha,WI,53186,Brown Properties,Chris,dog named Buddy,loves gardening,insurance deductible question
Sam,Miller1162,sam.miller1162@example.com,(414) 555-1162,Racine,WI,53403,,Alex,parents nearby,just remodeled kitchen,tree trim quote
Taylor,Martinez1163,taylor.martinez1163@example.com,(414) 555-1163,Madison,WI,53703,,Sam,,,
Casey,Gonzalez1164,casey.gonzalez1164@example.com,(414) 555-1164,Green Bay,WI,54301,Gonzalez Properties,,,,
Riley,Thomas1165,riley.thomas1165@example.com,(414) 555-1165,Chicago,IL,60611,,Pat,two kids,new roof last year,sump pump check
Morgan,Jackson1166,morgan.jackson1166@example.com,(414) 555-1166,Evanston,IL,60201,,Chris,dog named Buddy,loves gardening,insurance deductible question
Avery,Johnson1167,avery.johnson1167@example.com,(414) 555-1167,Brookfield,WI,53005,Johnson Properties,Alex,parents nearby,just remodeled kitchen,tree trim quote
Quinn,Jones1168,quinn.jones1168@example.com,(414) 555-1168,Kenosha,WI,53140,,Sam,,,
Jamie,Davis1169,jamie.davis1169@example.com,(414) 555-1169,Appleton,WI,54911,,,,,
Cameron,Hernandez1170,cameron.hernandez1170@example.com,(414) 555-1170,Milwaukee,WI,53202,Hernandez Properties,Pat,two kids,new roof last year,sump pump check
Drew,Wilson1171,drew.wilson1171@example.com,(414) 555-1171,Waukesha,WI,53186,,Chris,dog named Buddy,loves gardening,insurance deductible question
Reese,Taylor1172,reese.taylor1172@example.com,(414) 555-1172,Racine,WI,53403,,Alex,parents nearby,just remodeled kitchen,tree trim quote
Skyler,Martin1173,skyler.martin1173@example.com,(414) 555-1173,Madison,WI,53703,Martin Properties,Sam,,,
Parker,Williams1174,parker.williams1174@example.com,(414) 555-1174,Green Bay,WI,54301,,,,,
Blake,Garcia1175,blake.garcia1175@example.com,(414) 555-1175,Chicago,IL,60611,,Pat,two kids,new roof last year,sump pump check
Hayden,Rodriguez1176,hayden.rodriguez1176@example.com,(414) 555-1176,Evanston,IL,60201,Rodriguez Properties,Chris,dog named Buddy,loves gardening,insurance deductible question
Rowan,Lopez1177,rowan.lopez1177@example.com,(414) 555-1177,Brookfield,WI,53005,,Alex,parents nearby,just remodeled kitchen,tree trim quote
Sawyer,Anderson1178,sawyer.anderson1178@example.com,(414) 555-1178,Kenosha,WI,53140,,Sam,,,
Finley,Moore1179,finley.moore1179@example.com,(414) 555-1179,Appleton,WI,54911,Moore Properties,,,,
Alex,Smith1180,alex.smith1180@example.com,(414) 555-1180,Milwaukee,WI,53202,,Pat,two kids,new roof last year,sump pump check
Jordan,Brown1181,jordan.brown1181@example.com,(414) 555-1181,Waukesha,WI,53186,,Chris,dog named Buddy,loves gardening,insurance deductible question
Sam,Miller1182,sam.miller1182@example.com,(414) 555-1182,Racine,WI,53403,Miller Properties,Alex,parents nearby,just remodeled kitchen,tree trim quote
Taylor,Martinez1183,taylor.martinez1183@example.com,(414) 555-1183,Madison,WI,53703,,Sam,,,
Casey,Gonzalez1184,casey.gonzalez1184@example.com,(414) 555-1184,Green Bay,WI,54301,,,,,
Riley,Thomas1185,riley.thomas1185@example.com,(414) 555-1185,Chicago,IL,60611,Thomas Properties,Pat,two kids,new roof last year,sump pump check
Morgan,Jackson1186,morgan.jackson1186@example.com,(414) 555-1186,Evanston,IL,60201,,Chris,dog named Buddy,loves gardening,insurance deductible question
Avery,Johnson1187,avery.johnson1187@example.com,(414) 555-1187,Brookfield,WI,53005,,Alex,parents nearby,just remodeled kitchen,tree trim quote
Quinn,Jones1188,quinn.jones1188@example.com,(414) 555-1188,Kenosha,WI,53140,Jones Properties,Sam,,,
Jamie,Davis1189,jamie.davis1189@example.com,(414) 555-1189,Appleton,WI,54911,,,,,
Cameron,Hernandez1190,cameron.hernandez1190@example.com,(414) 555-1190,Milwaukee,WI,53202,,Pat,two kids,new roof last year,sump pump check
Drew,Wilson1191,drew.wilson1191@example.com,(414) 555-1191,Waukesha,WI,53186,Wilson Properties,Chris,dog named Buddy,loves gardening,insurance deductible question
Reese,Taylor1192,reese.taylor1192@example.com,(414) 555-1192,Racine,WI,53403,,Alex,parents nearby,just remodeled kitchen,tree trim quote
Skyler,Martin1193,skyler.martin1193@example.com,(414) 555-1193,Madison,WI,53703,,Sam,,,
Parker,Williams1194,parker.williams1194@example.com,(414) 555-1194,Green Bay,WI,54301,Williams Properties,,,,
Blake,Garcia1195,blake.garcia1195@example.com,(414) 555-1195,Chicago,IL,60611,,Pat,two kids,new roof last year,sump pump check
Hayden,Rodriguez1196,hayden.rodriguez1196@example.com,(414) 555-1196,Evanston,IL,60201,,Chris,dog named Buddy,loves gardening,insurance deductible question
Rowan,Lopez1197,rowan.lopez1197@example.com,(414) 555-1197,Brookfield,WI,53005,Lopez Properties,Alex,parents nearby,just remodeled kitchen,tree trim quote
Sawyer,Anderson1198,sawyer.anderson1198@example.com,(414) 555-1198,Kenosha,WI,53140,,Sam,,,
Finley,Moore1199,finley.moore1199@example.com,(414) 555-1199,Appleton,WI,54911,,,,,
Alex,Smith1200,alex.smith1200@example.com,(414) 555-1200,Milwaukee,WI,53202,Smith Properties,Pat,two kids,new roof last year,sump pump check
Jordan,Brown1201,jordan.brown1201@example.com,(414) 555-1201,Waukesha,WI,53186,,Chris,dog named Buddy,loves gardening,insurance deductible question
Sam,Miller1202,sam.miller1202@example.com,(414) 555-1202,Racine,WI,53403,,Alex,parents nearby,just remodeled kitchen,tree trim quote
Taylor,Martinez1203,taylor.martinez1203@example.com,(414) 555-1203,Madison,WI,53703,Martinez Properties,Sam,,,
Casey,Gonzalez1204,casey.gonzalez1204@example.com,(414) 555-1204,Green Bay,WI,54301,,,,,
Riley,Thomas1205,riley.thomas1205@example.com,(414) 555-1205,Chicago,IL,60611,,Pat,two kids,new roof last year,sump pump check
Morgan,Jackson1206,morgan.jackson1206@example.com,(414) 555-1206,Evanston,IL,60201,Jackson Properties,Chris,dog named Buddy,loves gardening,insurance deductible question
Avery,Johnson1207,avery.johnson1207@example.com,(414) 555-1207,Brookfield,WI,53005,,Alex,parents nearby,just remodeled kitchen,tree trim quote
Quinn,Jones1208,quinn.jones1208@example.com,(414) 555-1208,Kenosha,WI,53140,,Sam,,,
Jamie,Davis1209,jamie.davis1209@example.com,(414) 555-1209,Appleton,WI,54911,Davis Properties,,,,
Cameron,Hernandez1210,cameron.hernandez1210@example.com,(414) 555-1210,Milwaukee,WI,53202,,Pat,two kids,new roof last year,sump pump check
Drew,Wilson1211,drew.wilson1211@example.com,(414) 555-1211,Waukesha,WI,53186,,Chris,dog named Buddy,loves gardening,insurance deductible question
Reese,Taylor1212,reese.taylor1212@example.com,(414) 555-1212,Racine,WI,53403,Taylor Properties,Alex,parents nearby,just remodeled kitchen,tree trim quote
Skyler,Martin1213,skyler.martin1213@example.com,(414) 555-1213,Madison,WI,53703,,Sam,,,
Parker,Williams1214,parker.williams1214@example.com,(414) 555-1214,Green Bay,WI,54301,,,,,
Blake,Garcia1215,blake.garcia1215@example.com,(414) 555-1215,Chicago,IL,60611,Garcia Properties,Pat,two kids,new roof last year,sump pump check
Hayden,Rodriguez1216,hayden.rodriguez1216@example.com,(414) 555-1216,Evanston,IL,60201,,Chris,dog named Buddy,loves gardening,insurance deductible question
Rowan,Lopez1217,rowan.lopez1217@example.com,(414) 555-1217,Brookfield,WI,53005,,Alex,parents nearby,just remodeled kitchen,tree trim quote
Sawyer,Anderson1218,sawyer.anderson1218@example.com,(414) 555-1218,Kenosha,WI,53140,Anderson Properties,Sam,,,
Finley,Moore1219,finley.moore1219@example.com,(414) 555-1219,Appleton,WI,54911,,,,,
Alex,Smith1220,alex.smith1220@example.com,(414) 555-1220,Milwaukee,WI,53202,,Pat,two kids,new roof last year,sump pump check
Jordan,Brown1221,jordan.brown1221@example.com,(414) 555-1221,Waukesha,WI,53186,Brown Properties,Chris,dog named Buddy,loves gardening,insurance deductible question
Sam,Miller1222,sam.miller1222@example.com,(414) 555-1222,Racine,WI,53403,,Alex,parents nearby,just remodeled kitchen,tree trim quote
Taylor,Martinez1223,taylor.martinez1223@example.com,(414) 555-1223,Madison,WI,53703,,Sam,,,
Casey,Gonzalez1224,casey.gonzalez1224@example.com,(414) 555-1224,Green Bay,WI,54301,Gonzalez Properties,,,,
Riley,Thomas1225,riley.thomas1225@example.com,(414) 555-1225,Chicago,IL,60611,,Pat,two kids,new roof last year,sump pump check
Morgan,Jackson1226,morgan.jackson1226@example.com,(414) 555-1226,Evanston,IL,60201,,Chris,dog named Buddy,loves gardening,insurance deductible question
Avery,Johnson1227,avery.johnson1227@example.com,(414) 555-1227,Brookfield,WI,53005,Johnson Properties,Alex,parents nearby,just remodeled kitchen,tree trim quote
Quinn,Jones1228,quinn.jones1228@example.com,(414) 555-1228,Kenosha,WI,53140,,Sam,,,
Jamie,Davis1229,jamie.davis1229@example.com,(414) 555-1229,Appleton,WI,54911,,,,,
Cameron,Hernandez1230,cameron.hernandez1230@example.com,(414) 555-1230,Milwaukee,WI,53202,Hernandez Properties,Pat,two kids,new roof last year,sump pump check
Drew,Wilson1231,drew.wilson1231@example.com,(414) 555-1231,Waukesha,WI,53186,,Chris,dog named Buddy,loves gardening,insurance deductible question
Reese,Taylor1232,reese.taylor1232@example.com,(414) 555-1232,Racine,WI,53403,,Alex,parents nearby,just remodeled kitchen,tree trim quote
Skyler,Martin1233,skyler.martin1233@example.com,(414) 555-1233,Madison,WI,53703,Martin Properties,Sam,,,
Parker,Williams1234,parker.williams1234@example.com,(414) 555-1234,Green Bay,WI,54301,,,,,
Blake,Garcia1235,blake.garcia1235@example.com,(414) 555-1235,Chicago,IL,60611,,Pat,two kids,new roof last year,sump pump check
Hayden,Rodriguez1236,hayden.rodriguez1236@example.com,(414) 555-1236,Evanston,IL,60201,Rodriguez Properties,Chris,dog named Buddy,loves gardening,insurance deductible question
Rowan,Lopez1237,rowan.lopez1237@example.com,(414) 555-1237,Brookfield,WI,53005,,Alex,parents nearby,just remodeled kitchen,tree trim quote
Sawyer,Anderson1238,sawyer.anderson1238@example.com,(414) 555-1238,Kenosha,WI,53140,,Sam,,,
Finley,Moore1239,finley.moore1239@example.com,(414) 555-1239,Appleton,WI,54911,Moore Properties,,,,
Alex,Smith1240,alex.smith1240@example.com,(414) 555-1240,Milwaukee,WI,53202,,Pat,two kids,new roof last year,sump pump check
Jordan,Brown1241,jordan.brown1241@example.com,(414) 555-1241,Waukesha,WI,53186,,Chris,dog named Buddy,loves gardening,insurance deductible question
Sam,Miller1242,sam.miller1242@example.com,(414) 555-1242,Racine,WI,53403,Miller Properties,Alex,parents nearby,just remodeled kitchen,tree trim quote
Taylor,Martinez1243,taylor.martinez1243@example.com,(414) 555-1243,Madison,WI,53703,,Sam,,,
Casey,Gonzalez1244,casey.gonzalez1244@example.com,(414) 555-1244,Green Bay,WI,54301,,,,,
Riley,Thomas1245,riley.thomas1245@example.com,(414) 555-1245,Chicago,IL,60611,Thomas Properties,Pat,two kids,new roof last year,sump pump check
Morgan,Jackson1246,morgan.jackson1246@example.com,(414) 555-1246,Evanston,IL,60201,,Chris,dog named Buddy,loves gardening,insurance deductible question
Avery,Johnson1247,avery.johnson1247@example.com,(414) 555-1247,Brookfield,WI,53005,,Alex,parents nearby,just remodeled kitchen,tree trim quote
Quinn,Jones1248,quinn.jones1248@example.com,(414) 555-1248,Kenosha,WI,53140,Jones Properties,Sam,,,
Jamie,Davis1249,jamie.davis1249@example.com,(414) 555-1249,Appleton,WI,54911,,,,,
Cameron,Hernandez1250,cameron.hernandez1250@example.com,(414) 555-1250,Milwaukee,WI,53202,,Pat,two kids,new roof last year,sump pump check
Drew,Wilson1251,drew.wilson1251@example.com,(414) 555-1251,Waukesha,WI,53186,Wilson Properties,Chris,dog named Buddy,loves gardening,insurance deductible question
Reese,Taylor1252,reese.taylor1252@example.com,(414) 555-1252,Racine,WI,53403,,Alex,parents nearby,just remodeled kitchen,tree trim quote
Skyler,Martin1253,skyler.martin1253@example.com,(414) 555-1253,Madison,WI,53703,,Sam,,,
Parker,Williams1254,parker.williams1254@example.com,(414) 555-1254,Green Bay,WI,54301,Williams Properties,,,,
Blake,Garcia1255,blake.garcia1255@example.com,(414) 555-1255,Chicago,IL,60611,,Pat,two kids,new roof last year,sump pump check
Hayden,Rodriguez1256,hayden.rodriguez1256@example.com,(414) 555-1256,Evanston,IL,60201,,Chris,dog named Buddy,loves gardening,insurance deductible question
Rowan,Lopez1257,rowan.lopez1257@example.com,(414) 555-1257,Brookfield,WI,53005,Lopez Properties,Alex,parents nearby,just remodeled kitchen,tree trim quote
Sawyer,Anderson1258,sawyer.anderson1258@example.com,(414) 555-1258,Kenosha,WI,53140,,Sam,,,
Finley,Moore1259,finley.moore1259@example.com,(414) 555-1259,Appleton,WI,54911,,,,,
Alex,Smith1260,alex.smith1260@example.com,(414) 555-1260,Milwaukee,WI,53202,Smith Properties,Pat,two kids,new roof last year,sump pump check
Jordan,Brown1261,jordan.brown1261@example.com,(414) 555-1261,Waukesha,WI,53186,,Chris,dog named Buddy,loves gardening,insurance deductible question
Sam,Miller1262,sam.miller1262@example.com,(414) 555-1262,Racine,WI,53403,,Alex,parents nearby,just remodeled kitchen,tree trim quote
Taylor,Martinez1263,taylor.martinez1263@example.com,(414) 555-1263,Madison,WI,53703,Martinez Properties,Sam,,,
Casey,Gonzalez1264,casey.gonzalez1264@example.com,(414) 555-1264,Green Bay,WI,54301,,,,,
Riley,Thomas1265,riley.thomas1265@example.com,(414) 555-1265,Chicago,IL,60611,,Pat,two kids,new roof last year,sump pump check
Morgan,Jackson1266,morgan.jackson1266@example.com,(414) 555-1266,Evanston,IL,60201,Jackson Properties,Chris,dog named Buddy,loves gardening,insurance deductible question
Avery,Johnson1267,avery.johnson1267@example.com,(414) 555-1267,Brookfield,WI,53005,,Alex,parents nearby,just remodeled kitchen,tree trim quote
Quinn,Jones1268,quinn.jones1268@example.com,(414) 555-1268,Kenosha,WI,53140,,Sam,,,
Jamie,Davis1269,jamie.davis1269@example.com,(414) 555-1269,Appleton,WI,54911,Davis Properties,,,,
Cameron,Hernandez1270,cameron.hernandez1270@example.com,(414) 555-1270,Milwaukee,WI,53202,,Pat,two kids,new roof last year,sump pump check
Drew,Wilson1271,drew.wilson1271@example.com,(414) 555-1271,Waukesha,WI,53186,,Chris,dog named Buddy,loves gardening,insurance deductible question
Reese,Taylor1272,reese.taylor1272@example.com,(414) 555-1272,Racine,WI,53403,Taylor Properties,Alex,parents nearby,just remodeled kitchen,tree trim quote
Skyler,Martin1273,skyler.martin1273@example.com,(414) 555-1273,Madison,WI,53703,,Sam,,,
Parker,Williams1274,parker.williams1274@example.com,(414) 555-1274,Green Bay,WI,54301,,,,,
Blake,Garcia1275,blake.garcia1275@example.com,(414) 555-1275,Chicago,IL,60611,Garcia Properties,Pat,two kids,new roof last year,sump pump check
Hayden,Rodriguez1276,hayden.rodriguez1276@example.com,(414) 555-1276,Evanston,IL,60201,,Chris,dog named Buddy,loves gardening,insurance deductible question
Rowan,Lopez1277,rowan.lopez1277@example.com,(414) 555-1277,Brookfield,WI,53005,,Alex,parents nearby,just remodeled kitchen,tree trim quote
Sawyer,Anderson1278,sawyer.anderson1278@example.com,(414) 555-1278,Kenosha,WI,53140,Anderson Properties,Sam,,,
Finley,Moore1279,finley.moore1279@example.com,(414) 555-1279,Appleton,WI,54911,,,,,
Alex,Smith1280,alex.smith1280@example.com,(414) 555-1280,Milwaukee,WI,53202,,Pat,two kids,new roof last year,sump pump check
Jordan,Brown1281,jordan.brown1281@example.com,(414) 555-1281,Waukesha,WI,53186,Brown Properties,Chris,dog named Buddy,loves gardening,insurance deductible question
Sam,Miller1282,sam.miller1282@example.com,(414) 555-1282,Racine,WI,53403,,Alex,parents nearby,just remodeled kitchen,tree trim quote
Taylor,Martinez1283,taylor.martinez1283@example.com,(414) 555-1283,Madison,WI,53703,,Sam,,,
Casey,Gonzalez1284,casey.gonzalez1284@example.com,(414) 555-1284,Green Bay,WI,54301,Gonzalez Properties,,,,
Riley,Thomas1285,riley.thomas1285@example.com,(414) 555-1285,Chicago,IL,60611,,Pat,two kids,new roof last year,sump pump check
Morgan,Jackson1286,morgan.jackson1286@example.com,(414) 555-1286,Evanston,IL,60201,,Chris,dog named Buddy,loves gardening,insurance deductible question
Avery,Johnson1287,avery.johnson1287@example.com,(414) 555-1287,Brookfield,WI,53005,Johnson Properties,Alex,parents nearby,just remodeled kitchen,tree trim quote
Quinn,Jones1288,quinn.jones1288@example.com,(414) 555-1288,Kenosha,WI,53140,,Sam,,,
Jamie,Davis1289,jamie.davis1289@example.com,(414) 555-1289,Appleton,WI,54911,,,,,
Cameron,Hernandez1290,cameron.hernandez1290@example.com,(414) 555-1290,Milwaukee,WI,53202,Hernandez Properties,Pat,two kids,new roof last year,sump pump check
Drew,Wilson1291,drew.wilson1291@example.com,(414) 555-1291,Waukesha,WI,53186,,Chris,dog named Buddy,loves gardening,insurance deductible question
Reese,Taylor1292,reese.taylor1292@example.com,(414) 555-1292,Racine,WI,53403,,Alex,parents nearby,just remodeled kitchen,tree trim quote
Skyler,Martin1293,skyler.martin1293@example.com,(414) 555-1293,Madison,WI,53703,Martin Properties,Sam,,,
Parker,Williams1294,parker.williams1294@example.com,(414) 555-1294,Green Bay,WI,54301,,,,,
Blake,Garcia1295,blake.garcia1295@example.com,(414) 555-1295,Chicago,IL,60611,,Pat,two kids,new roof last year,sump pump check
Hayden,Rodriguez1296,hayden.rodriguez1296@example.com,(414) 555-1296,Evanston,IL,60201,Rodriguez Properties,Chris,dog named Buddy,loves gardening,insurance deductible question
Rowan,Lopez1297,rowan.lopez1297@example.com,(414) 555-1297,Brookfield,WI,53005,,Alex,parents nearby,just remodeled kitchen,tree trim quote
Sawyer,Anderson1298,sawyer.anderson1298@example.com,(414) 555-1298,Kenosha,WI,53140,,Sam,,,
Finley,Moore1299,finley.moore1299@example.com,(414) 555-1299,Appleton,WI,54911,Moore Properties,,,,
Alex,Smith1300,alex.smith1300@example.com,(414) 555-1300,Milwaukee,WI,53202,,Pat,two kids,new roof last year,sump pump check
Jordan,Brown1301,jordan.brown1301@example.com,(414) 555-1301,Waukesha,WI,53186,,Chris,dog named Buddy,loves gardening,insurance deductible question
Sam,Miller1302,sam.miller1302@example.com,(414) 555-1302,Racine,WI,53403,Miller Properties,Alex,parents nearby,just remodeled kitchen,tree trim quote
Taylor,Martinez1303,taylor.martinez1303@example.com,(414) 555-1303,Madison,WI,53703,,Sam,,,
Casey,Gonzalez1304,casey.gonzalez1304@example.com,(414) 555-1304,Green Bay,WI,54301,,,,,
Riley,Thomas1305,riley.thomas1305@example.com,(414) 555-1305,Chicago,IL,60611,Thomas Properties,Pat,two kids,new roof last year,sump pump check
Morgan,Jackson1306,morgan.jackson1306@example.com,(414) 555-1306,Evanston,IL,60201,,Chris,dog named Buddy,loves gardening,insurance deductible question
Avery,Johnson1307,avery.johnson1307@example.com,(414) 555-1307,Brookfield,WI,53005,,Alex,parents nearby,just remodeled kitchen,tree trim quote
Quinn,Jones1308,quinn.jones1308@example.com,(414) 555-1308,Kenosha,WI,53140,Jones Properties,Sam,,,
Jamie,Davis1309,jamie.davis1309@example.com,(414) 555-1309,Appleton,WI,54911,,,,,
Cameron,Hernandez1310,cameron.hernandez1310@example.com,(414) 555-1310,Milwaukee,WI,53202,,Pat,two kids,new roof last year,sump pump check
Drew,Wilson1311,drew.wilson1311@example.com,(414) 555-1311,Waukesha,WI,53186,Wilson Properties,Chris,dog named Buddy,loves gardening,insurance deductible question
Reese,Taylor1312,reese.taylor1312@example.com,(414) 555-1312,Racine,WI,53403,,Alex,parents nearby,just remodeled kitchen,tree trim quote
Skyler,Martin1313,skyler.martin1313@example.com,(414) 555-1313,Madison,WI,53703,,Sam,,,
Parker,Williams1314,parker.williams1314@example.com,(414) 555-1314,Green Bay,WI,54301,Williams Properties,,,,
Blake,Garcia1315,blake.garcia1315@example.com,(414) 555-1315,Chicago,IL,60611,,Pat,two kids,new roof last year,sump pump check
Hayden,Rodriguez1316,hayden.rodriguez1316@example.com,(414) 555-1316,Evanston,IL,60201,,Chris,dog named Buddy,loves gardening,insurance deductible question
Rowan,Lopez1317,rowan.lopez1317@example.com,(414) 555-1317,Brookfield,WI,53005,Lopez Properties,Alex,parents nearby,just remodeled kitchen,tree trim quote
Sawyer,Anderson1318,sawyer.anderson1318@example.com,(414) 555-1318,Kenosha,WI,53140,,Sam,,,
Finley,Moore1319,finley.moore1319@example.com,(414) 555-1319,Appleton,WI,54911,,,,,
Alex,Smith1320,alex.smith1320@example.com,(414) 555-1320,Milwaukee,WI,53202,Smith Properties,Pat,two kids,new roof last year,sump pump check
Jordan,Brown1321,jordan.brown1321@example.com,(414) 555-1321,Waukesha,WI,53186,,Chris,dog named Buddy,loves gardening,insurance deductible question
Sam,Miller1322,sam.miller1322@example.com,(414) 555-1322,Racine,WI,53403,,Alex,parents nearby,just remodeled kitchen,tree trim quote
Taylor,Martinez1323,taylor.martinez1323@example.com,(414) 555-1323,Madison,WI,53703,Martinez Properties,Sam,,,
Casey,Gonzalez1324,casey.gonzalez1324@example.com,(414) 555-1324,Green Bay,WI,54301,,,,,
Riley,Thomas1325,riley.thomas1325@example.com,(414) 555-1325,Chicago,IL,60611,,Pat,two kids,new roof last year,sump pump check
Morgan,Jackson1326,morgan.jackson1326@example.com,(414) 555-1326,Evanston,IL,60201,Jackson Properties,Chris,dog named Buddy,loves gardening,insurance deductible question
Avery,Johnson1327,avery.johnson1327@example.com,(414) 555-1327,Brookfield,WI,53005,,Alex,parents nearby,just remodeled kitchen,tree trim quote
Quinn,Jones1328,quinn.jones1328@example.com,(414) 555-1328,Kenosha,WI,53140,,Sam,,,
Jamie,Davis1329,jamie.davis1329@example.com,(414) 555-1329,Appleton,WI,54911,Davis Properties,,,,
Cameron,Hernandez1330,cameron.hernandez1330@example.com,(414) 555-1330,Milwaukee,WI,53202,,Pat,two kids,new roof last year,sump pump check
Drew,Wilson1331,drew.wilson1331@example.com,(414) 555-1331,Waukesha,WI,53186,,Chris,dog named Buddy,loves gardening,insurance deductible question
Reese,Taylor1332,reese.taylor1332@example.com,(414) 555-1332,Racine,WI,53403,Taylor Properties,Alex,parents nearby,just remodeled kitchen,tree trim quote
Skyler,Martin1333,skyler.martin1333@example.com,(414) 555-1333,Madison,WI,53703,,Sam,,,
Parker,Williams1334,parker.williams1334@example.com,(414) 555-1334,Green Bay,WI,54301,,,,,
Blake,Garcia1335,blake.garcia1335@example.com,(414) 555-1335,Chicago,IL,60611,Garcia Properties,Pat,two kids,new roof last year,sump pump check
Hayden,Rodriguez1336,hayden.rodriguez1336@example.com,(414) 555-1336,Evanston,IL,60201,,Chris,dog named Buddy,loves gardening,insurance deductible question
Rowan,Lopez1337,rowan.lopez1337@example.com,(414) 555-1337,Brookfield,WI,53005,,Alex,parents nearby,just remodeled kitchen,tree trim quote
Sawyer,Anderson1338,sawyer.anderson1338@example.com,(414) 555-1338,Kenosha,WI,53140,Anderson Properties,Sam,,,
Finley,Moore1339,finley.moore1339@example.com,(414) 555-1339,Appleton,WI,54911,,,,,
Alex,Smith1340,alex.smith1340@example.com,(414) 555-1340,Milwaukee,WI,53202,,Pat,two kids,new roof last year,sump pump check
Jordan,Brown1341,jordan.brown1341@example.com,(414) 555-1341,Waukesha,WI,53186,Brown Properties,Chris,dog named Buddy,loves gardening,insurance deductible question
Sam,Miller1342,sam.miller1342@example.com,(414) 555-1342,Racine,WI,53403,,Alex,parents nearby,just remodeled kitchen,tree trim quote
Taylor,Martinez1343,taylor.martinez1343@example.com,(414) 555-1343,Madison,WI,53703,,Sam,,,
Casey,Gonzalez1344,casey.gonzalez1344@example.com,(414) 555-1344,Green Bay,WI,54301,Gonzalez Properties,,,,
Riley,Thomas1345,riley.thomas1345@example.com,(414) 555-1345,Chicago,IL,60611,,Pat,two kids,new roof last year,sump pump check
Morgan,Jackson1346,morgan.jackson1346@example.com,(414) 555-1346,Evanston,IL,60201,,Chris,dog named Buddy,loves gardening,insurance deductible question
Avery,Johnson1347,avery.johnson1347@example.com,(414) 555-1347,Brookfield,WI,53005,Johnson Properties,Alex,parents nearby,just remodeled kitchen,tree trim quote
Quinn,Jones1348,quinn.jones1348@example.com,(414) 555-1348,Kenosha,WI,53140,,Sam,,,
Jamie,Davis1349,jamie.davis1349@example.com,(414) 555-1349,Appleton,WI,54911,,,,,
Cameron,Hernandez1350,cameron.hernandez1350@example.com,(414) 555-1350,Milwaukee,WI,53202,Hernandez Properties,Pat,two kids,new roof last year,sump pump check
Drew,Wilson1351,drew.wilson1351@example.com,(414) 555-1351,Waukesha,WI,53186,,Chris,dog named Buddy,loves gardening,insurance deductible question
Reese,Taylor1352,reese.taylor1352@example.com,(414) 555-1352,Racine,WI,53403,,Alex,parents nearby,just remodeled kitchen,tree trim quote
Skyler,Martin1353,skyler.martin1353@example.com,(414) 555-1353,Madison,WI,53703,Martin Properties,Sam,,,
Parker,Williams1354,parker.williams1354@example.com,(414) 555-1354,Green Bay,WI,54301,,,,,
Blake,Garcia1355,blake.garcia1355@example.com,(414) 555-1355,Chicago,IL,60611,,Pat,two kids,new roof last year,sump pump check
Hayden,Rodriguez1356,hayden.rodriguez1356@example.com,(414) 555-1356,Evanston,IL,60201,Rodriguez Properties,Chris,dog named Buddy,loves gardening,insurance deductible question
Rowan,Lopez1357,rowan.lopez1357@example.com,(414) 555-1357,Brookfield,WI,53005,,Alex,parents nearby,just remodeled kitchen,tree trim quote
Sawyer,Anderson1358,sawyer.anderson1358@example.com,(414) 555-1358,Kenosha,WI,53140,,Sam,,,
Finley,Moore1359,finley.moore1359@example.com,(414) 555-1359,Appleton,WI,54911,Moore Properties,,,,
Alex,Smith1360,alex.smith1360@example.com,(414) 555-1360,Milwaukee,WI,53202,,Pat,two kids,new roof last year,sump pump check
Jordan,Brown1361,jordan.brown1361@example.com,(414) 555-1361,Waukesha,WI,53186,,Chris,dog named Buddy,loves gardening,insurance deductible question
Sam,Miller1362,sam.miller1362@example.com,(414) 555-1362,Racine,WI,53403,Miller Properties,Alex,parents nearby,just remodeled kitchen,tree trim quote
Taylor,Martinez1363,taylor.martinez1363@example.com,(414) 555-1363,Madison,WI,53703,,Sam,,,
Casey,Gonzalez1364,casey.gonzalez1364@example.com,(414) 555-1364,Green Bay,WI,54301,,,,,
Riley,Thomas1365,riley.thomas1365@example.com,(414) 555-1365,Chicago,IL,60611,Thomas Properties,Pat,two kids,new roof last year,sump pump check
Morgan,Jackson1366,morgan.jackson1366@example.com,(414) 555-1366,Evanston,IL,60201,,Chris,dog named Buddy,loves gardening,insurance deductible question
Avery,Johnson1367,avery.johnson1367@example.com,(414) 555-1367,Brookfield,WI,53005,,Alex,parents nearby,just remodeled kitchen,tree trim quote
Quinn,Jones1368,quinn.jones1368@example.com,(414) 555-1368,Kenosha,WI,53140,Jones Properties,Sam,,,
Jamie,Davis1369,jamie.davis1369@example.com,(414) 555-1369,Appleton,WI,54911,,,,,
Cameron,Hernandez1370,cameron.hernandez1370@example.com,(414) 555-1370,Milwaukee,WI,53202,,Pat,two kids,new roof last year,sump pump check
Drew,Wilson1371,drew.wilson1371@example.com,(414) 555-1371,Waukesha,WI,53186,Wilson Properties,Chris,dog named Buddy,loves gardening,insurance deductible question
Reese,Taylor1372,reese.taylor1372@example.com,(414) 555-1372,Racine,WI,53403,,Alex,parents nearby,just remodeled kitchen,tree trim quote
Skyler,Martin1373,skyler.martin1373@example.com,(414) 555-1373,Madison,WI,53703,,Sam,,,
Parker,Williams1374,parker.williams1374@example.com,(414) 555-1374,Green Bay,WI,54301,Williams Properties,,,,
Blake,Garcia1375,blake.garcia1375@example.com,(414) 555-1375,Chicago,IL,60611,,Pat,two kids,new roof last year,sump pump check
Hayden,Rodriguez1376,hayden.rodriguez1376@example.com,(414) 555-1376,Evanston,IL,60201,,Chris,dog named Buddy,loves gardening,insurance deductible question
Rowan,Lopez1377,rowan.lopez1377@example.com,(414) 555-1377,Brookfield,WI,53005,Lopez Properties,Alex,parents nearby,just remodeled kitchen,tree trim quote
Sawyer,Anderson1378,sawyer.anderson1378@example.com,(414) 555-1378,Kenosha,WI,53140,,Sam,,,
Finley,Moore1379,finley.moore1379@example.com,(414) 555-1379,Appleton,WI,54911,,,,,
Alex,Smith1380,alex.smith1380@example.com,(414) 555-1380,Milwaukee,WI,53202,Smith Properties,Pat,two kids,new roof last year,sump pump check
Jordan,Brown1381,jordan.brown1381@example.com,(414) 555-1381,Waukesha,WI,53186,,Chris,dog named Buddy,loves gardening,insurance deductible question
Sam,Miller1382,sam.miller1382@example.com,(414) 555-1382,Racine,WI,53403,,Alex,parents nearby,just remodeled kitchen,tree trim quote
Taylor,Martinez1383,taylor.martinez1383@example.com,(414) 555-1383,Madison,WI,53703,Martinez Properties,Sam,,,
Casey,Gonzalez1384,casey.gonzalez1384@example.com,(414) 555-1384,Green Bay,WI,54301,,,,,
Riley,Thomas1385,riley.thomas1385@example.com,(414) 555-1385,Chicago,IL,60611,,Pat,two kids,new roof last year,sump pump check
Morgan,Jackson1386,morgan.jackson1386@example.com,(414) 555-1386,Evanston,IL,60201,Jackson Properties,Chris,dog named Buddy,loves gardening,insurance deductible question
Avery,Johnson1387,avery.johnson1387@example.com,(414) 555-1387,Brookfield,WI,53005,,Alex,parents nearby,just remodeled kitchen,tree trim quote
Quinn,Jones1388,quinn.jones1388@example.com,(414) 555-1388,Kenosha,WI,53140,,Sam,,,
Jamie,Davis1389,jamie.davis1389@example.com,(414) 555-1389,Appleton,WI,54911,Davis Properties,,,,
Cameron,Hernandez1390,cameron.hernandez1390@example.com,(414) 555-1390,Milwaukee,WI,53202,,Pat,two kids,new roof last year,sump pump check
Drew,Wilson1391,drew.wilson1391@example.com,(414) 555-1391,Waukesha,WI,53186,,Chris,dog named Buddy,loves gardening,insurance deductible question
Reese,Taylor1392,reese.taylor1392@example.com,(414) 555-1392,Racine,WI,53403,Taylor Properties,Alex,parents nearby,just remodeled kitchen,tree trim quote
Skyler,Martin1393,skyler.martin1393@example.com,(414) 555-1393,Madison,WI,53703,,Sam,,,
Parker,Williams1394,parker.williams1394@example.com,(414) 555-1394,Green Bay,WI,54301,,,,,
Blake,Garcia1395,blake.garcia1395@example.com,(414) 555-1395,Chicago,IL,60611,Garcia Properties,Pat,two kids,new roof last year,sump pump check
Hayden,Rodriguez1396,hayden.rodriguez1396@example.com,(414) 555-1396,Evanston,IL,60201,,Chris,dog named Buddy,loves gardening,insurance deductible question
Rowan,Lopez1397,rowan.lopez1397@example.com,(414) 555-1397,Brookfield,WI,53005,,Alex,parents nearby,just remodeled kitchen,tree trim quote
Sawyer,Anderson1398,sawyer.anderson1398@example.com,(414) 555-1398,Kenosha,WI,53140,Anderson Properties,Sam,,,
Finley,Moore1399,finley.moore1399@example.com,(414) 555-1399,Appleton,WI,54911,,,,,
Alex,Smith1400,alex.smith1400@example.com,(414) 555-1400,Milwaukee,WI,53202,,Pat,two kids,new roof last year,sump pump check
Jordan,Brown1401,jordan.brown1401@example.com,(414) 555-1401,Waukesha,WI,53186,Brown Properties,Chris,dog named Buddy,loves gardening,insurance deductible question
Sam,Miller1402,sam.miller1402@example.com,(414) 555-1402,Racine,WI,53403,,Alex,parents nearby,just remodeled kitchen,tree trim quote
Taylor,Martinez1403,taylor.martinez1403@example.com,(414) 555-1403,Madison,WI,53703,,Sam,,,
Casey,Gonzalez1404,casey.gonzalez1404@example.com,(414) 555-1404,Green Bay,WI,54301,Gonzalez Properties,,,,
Riley,Thomas1405,riley.thomas1405@example.com,(414) 555-1405,Chicago,IL,60611,,Pat,two kids,new roof last year,sump pump check
Morgan,Jackson1406,morgan.jackson1406@example.com,(414) 555-1406,Evanston,IL,60201,,Chris,dog named Buddy,loves gardening,insurance deductible question
Avery,Johnson1407,avery.johnson1407@example.com,(414) 555-1407,Brookfield,WI,53005,Johnson Properties,Alex,parents nearby,just remodeled kitchen,tree trim quote
Quinn,Jones1408,quinn.jones1408@example.com,(414) 555-1408,Kenosha,WI,53140,,Sam,,,
Jamie,Davis1409,jamie.davis1409@example.com,(414) 555-1409,Appleton,WI,54911,,,,,
Cameron,Hernandez1410,cameron.hernandez1410@example.com,(414) 555-1410,Milwaukee,WI,53202,Hernandez Properties,Pat,two kids,new roof last year,sump pump check
Drew,Wilson1411,drew.wilson1411@example.com,(414) 555-1411,Waukesha,WI,53186,,Chris,dog named Buddy,loves gardening,insurance deductible question
Reese,Taylor1412,reese.taylor1412@example.com,(414) 555-1412,Racine,WI,53403,,Alex,parents nearby,just remodeled kitchen,tree trim quote
Skyler,Martin1413,skyler.martin1413@example.com,(414) 555-1413,Madison,WI,53703,Martin Properties,Sam,,,
Parker,Williams1414,parker.williams1414@example.com,(414) 555-1414,Green Bay,WI,54301,,,,,
Blake,Garcia1415,blake.garcia1415@example.com,(414) 555-1415,Chicago,IL,60611,,Pat,two kids,new roof last year,sump pump check
Hayden,Rodriguez1416,hayden.rodriguez1416@example.com,(414) 555-1416,Evanston,IL,60201,Rodriguez Properties,Chris,dog named Buddy,loves gardening,insurance deductible question
Rowan,Lopez1417,rowan.lopez1417@example.com,(414) 555-1417,Brookfield,WI,53005,,Alex,parents nearby,just remodeled kitchen,tree trim quote
Sawyer,Anderson1418,sawyer.anderson1418@example.com,(414) 555-1418,Kenosha,WI,53140,,Sam,,,
Finley,Moore1419,finley.moore1419@example.com,(414) 555-1419,Appleton,WI,54911,Moore Properties,,,,
Alex,Smith1420,alex.smith1420@example.com,(414) 555-1420,Milwaukee,WI,53202,,Pat,two kids,new roof last year,sump pump check
Jordan,Brown1421,jordan.brown1421@example.com,(414) 555-1421,Waukesha,WI,53186,,Chris,dog named Buddy,loves gardening,insurance deductible question
Sam,Miller1422,sam.miller1422@example.com,(414) 555-1422,Racine,WI,53403,Miller Properties,Alex,parents nearby,just remodeled kitchen,tree trim quote
Taylor,Martinez1423,taylor.martinez1423@example.com,(414) 555-1423,Madison,WI,53703,,Sam,,,
Casey,Gonzalez1424,casey.gonzalez1424@example.com,(414) 555-1424,Green Bay,WI,54301,,,,,
Riley,Thomas1425,riley.thomas1425@example.com,(414) 555-1425,Chicago,IL,60611,Thomas Properties,Pat,two kids,new roof last year,sump pump check
Morgan,Jackson1426,morgan.jackson1426@example.com,(414) 555-1426,Evanston,IL,60201,,Chris,dog named Buddy,loves gardening,insurance deductible question
Avery,Johnson1427,avery.johnson1427@example.com,(414) 555-1427,Brookfield,WI,53005,,Alex,parents nearby,just remodeled kitchen,tree trim quote
Quinn,Jones1428,quinn.jones1428@example.com,(414) 555-1428,Kenosha,WI,53140,Jones Properties,Sam,,,
Jamie,Davis1429,jamie.davis1429@example.com,(414) 555-1429,Appleton,WI,54911,,,,,
Cameron,Hernandez1430,cameron.hernandez1430@example.com,(414) 555-1430,Milwaukee,WI,53202,,Pat,two kids,new roof last year,sump pump check
Drew,Wilson1431,drew.wilson1431@example.com,(414) 555-1431,Waukesha,WI,53186,Wilson Properties,Chris,dog named Buddy,loves gardening,insurance deductible question
Reese,Taylor1432,reese.taylor1432@example.com,(414) 555-1432,Racine,WI,53403,,Alex,parents nearby,just remodeled kitchen,tree trim quote
Skyler,Martin1433,skyler.martin1433@example.com,(414) 555-1433,Madison,WI,53703,,Sam,,,
Parker,Williams1434,parker.williams1434@example.com,(414) 555-1434,Green Bay,WI,54301,Williams Properties,,,,
Blake,Garcia1435,blake.garcia1435@example.com,(414) 555-1435,Chicago,IL,60611,,Pat,two kids,new roof last year,sump pump check
Hayden,Rodriguez1436,hayden.rodriguez1436@example.com,(414) 555-1436,Evanston,IL,60201,,Chris,dog named Buddy,loves gardening,insurance deductible question
Rowan,Lopez1437,rowan.lopez1437@example.com,(414) 555-1437,Brookfield,WI,53005,Lopez Properties,Alex,parents nearby,just remodeled kitchen,tree trim quote
Sawyer,Anderson1438,sawyer.anderson1438@example.com,(414) 555-1438,Kenosha,WI,53140,,Sam,,,
Finley,Moore1439,finley.moore1439@example.com,(414) 555-1439,Appleton,WI,54911,,,,,
Alex,Smith1440,alex.smith1440@example.com,(414) 555-1440,Milwaukee,WI,53202,Smith Properties,Pat,two kids,new roof last year,sump pump check
Jordan,Brown1441,jordan.brown1441@example.com,(414) 555-1441,Waukesha,WI,53186,,Chris,dog named Buddy,loves gardening,insurance deductible question
Sam,Miller1442,sam.miller1442@example.com,(414) 555-1442,Racine,WI,53403,,Alex,parents nearby,just remodeled kitchen,tree trim quote
Taylor,Martinez1443,taylor.martinez1443@example.com,(414) 555-1443,Madison,WI,53703,Martinez Properties,Sam,,,
Casey,Gonzalez1444,casey.gonzalez1444@example.com,(414) 555-1444,Green Bay,WI,54301,,,,,
Riley,Thomas1445,riley.thomas1445@example.com,(414) 555-1445,Chicago,IL,60611,,Pat,two kids,new roof last year,sump pump check
Morgan,Jackson1446,morgan.jackson1446@example.com,(414) 555-1446,Evanston,IL,60201,Jackson Properties,Chris,dog named Buddy,loves gardening,insurance deductible question
Avery,Johnson1447,avery.johnson1447@example.com,(414) 555-1447,Brookfield,WI,53005,,Alex,parents nearby,just remodeled kitchen,tree trim quote
Quinn,Jones1448,quinn.jones1448@example.com,(414) 555-1448,Kenosha,WI,53140,,Sam,,,
Jamie,Davis1449,jamie.davis1449@example.com,(414) 555-1449,Appleton,WI,54911,Davis Properties,,,,
Cameron,Hernandez1450,cameron.hernandez1450@example.com,(414) 555-1450,Milwaukee,WI,53202,,Pat,two kids,new roof last year,sump pump check
Drew,Wilson1451,drew.wilson1451@example.com,(414) 555-1451,Waukesha,WI,53186,,Chris,dog named Buddy,loves gardening,insurance deductible question
Reese,Taylor1452,reese.taylor1452@example.com,(414) 555-1452,Racine,WI,53403,Taylor Properties,Alex,parents nearby,just remodeled kitchen,tree trim quote
Skyler,Martin1453,skyler.martin1453@example.com,(414) 555-1453,Madison,WI,53703,,Sam,,,
Parker,Williams1454,parker.williams1454@example.com,(414) 555-1454,Green Bay,WI,54301,,,,,
Blake,Garcia1455,blake.garcia1455@example.com,(414) 555-1455,Chicago,IL,60611,Garcia Properties,Pat,two kids,new roof last year,sump pump check
Hayden,Rodriguez1456,hayden.rodriguez1456@example.com,(414) 555-1456,Evanston,IL,60201,,Chris,dog named Buddy,loves gardening,insurance deductible question
Rowan,Lopez1457,rowan.lopez1457@example.com,(414) 555-1457,Brookfield,WI,53005,,Alex,parents nearby,just remodeled kitchen,tree trim quote
Sawyer,Anderson1458,sawyer.anderson1458@example.com,(414) 555-1458,Kenosha,WI,53140,Anderson Properties,Sam,,,
Finley,Moore1459,finley.moore1459@example.com,(414) 555-1459,Appleton,WI,54911,,,,,
Alex,Smith1460,alex.smith1460@example.com,(414) 555-1460,Milwaukee,WI,53202,,Pat,two kids,new roof last year,sump pump check
Jordan,Brown1461,jordan.brown1461@example.com,(414) 555-1461,Waukesha,WI,53186,Brown Properties,Chris,dog named Buddy,loves gardening,insurance deductible question
Sam,Miller1462,sam.miller1462@example.com,(414) 555-1462,Racine,WI,53403,,Alex,parents nearby,just remodeled kitchen,tree trim quote
Taylor,Martinez1463,taylor.martinez1463@example.com,(414) 555-1463,Madison,WI,53703,,Sam,,,
Casey,Gonzalez1464,casey.gonzalez1464@example.com,(414) 555-1464,Green Bay,WI,54301,Gonzalez Properties,,,,
Riley,Thomas1465,riley.thomas1465@example.com,(414) 555-1465,Chicago,IL,60611,,Pat,two kids,new roof last year,sump pump check
Morgan,Jackson1466,morgan.jackson1466@example.com,(414) 555-1466,Evanston,IL,60201,,Chris,dog named Buddy,loves gardening,insurance deductible question
Avery,Johnson1467,avery.johnson1467@example.com,(414) 555-1467,Brookfield,WI,53005,Johnson Properties,Alex,parents nearby,just remodeled kitchen,tree trim quote
Quinn,Jones1468,quinn.jones1468@example.com,(414) 555-1468,Kenosha,WI,53140,,Sam,,,
Jamie,Davis1469,jamie.davis1469@example.com,(414) 555-1469,Appleton,WI,54911,,,,,
Cameron,Hernandez1470,cameron.hernandez1470@example.com,(414) 555-1470,Milwaukee,WI,53202,Hernandez Properties,Pat,two kids,new roof last year,sump pump check
Drew,Wilson1471,drew.wilson1471@example.com,(414) 555-1471,Waukesha,WI,53186,,Chris,dog named Buddy,loves gardening,insurance deductible question
Reese,Taylor1472,reese.taylor1472@example.com,(414) 555-1472,Racine,WI,53403,,Alex,parents nearby,just remodeled kitchen,tree trim quote
Skyler,Martin1473,skyler.martin1473@example.com,(414) 555-1473,Madison,WI,53703,Martin Properties,Sam,,,
Parker,Williams1474,parker.williams1474@example.com,(414) 555-1474,Green Bay,WI,54301,,,,,
Blake,Garcia1475,blake.garcia1475@example.com,(414) 555-1475,Chicago,IL,60611,,Pat,two kids,new roof last year,sump pump check
Hayden,Rodriguez1476,hayden.rodriguez1476@example.com,(414) 555-1476,Evanston,IL,60201,Rodriguez Properties,Chris,dog named Buddy,loves gardening,insurance deductible question
Rowan,Lopez1477,rowan.lopez1477@example.com,(414) 555-1477,Brookfield,WI,53005,,Alex,parents nearby,just remodeled kitchen,tree trim quote
Sawyer,Anderson1478,sawyer.anderson1478@example.com,(414) 555-1478,Kenosha,WI,53140,,Sam,,,
Finley,Moore1479,finley.moore1479@example.com,(414) 555-1479,Appleton,WI,54911,Moore Properties,,,,
Alex,Smith1480,alex.smith1480@example.com,(414) 555-1480,Milwaukee,WI,53202,,Pat,two kids,new roof last year,sump pump check
Jordan,Brown1481,jordan.brown1481@example.com,(414) 555-1481,Waukesha,WI,53186,,Chris,dog named Buddy,loves gardening,insurance deductible question
Sam,Miller1482,sam.miller1482@example.com,(414) 555-1482,Racine,WI,53403,Miller Properties,Alex,parents nearby,just remodeled kitchen,tree trim quote
Taylor,Martinez1483,taylor.martinez1483@example.com,(414) 555-1483,Madison,WI,53703,,Sam,,,
Casey,Gonzalez1484,casey.gonzalez1484@example.com,(414) 555-1484,Green Bay,WI,54301,,,,,
Riley,Thomas1485,riley.thomas1485@example.com,(414) 555-1485,Chicago,IL,60611,Thomas Properties,Pat,two kids,new roof last year,sump pump check
Morgan,Jackson1486,morgan.jackson1486@example.com,(414) 555-1486,Evanston,IL,60201,,Chris,dog named Buddy,loves gardening,insurance deductible question
Avery,Johnson1487,avery.johnson1487@example.com,(414) 555-1487,Brookfield,WI,53005,,Alex,parents nearby,just remodeled kitchen,tree trim quote
Quinn,Jones1488,quinn.jones1488@example.com,(414) 555-1488,Kenosha,WI,53140,Jones Properties,Sam,,,
Jamie,Davis1489,jamie.davis1489@example.com,(414) 555-1489,Appleton,WI,54911,,,,,
Cameron,Hernandez1490,cameron.hernandez1490@example.com,(414) 555-1490,Milwaukee,WI,53202,,Pat,two kids,new roof last year,sump pump check
Drew,Wilson1491,drew.wilson1491@example.com,(414) 555-1491,Waukesha,WI,53186,Wilson Properties,Chris,dog named Buddy,loves gardening,insurance deductible question
Reese,Taylor1492,reese.taylor1492@example.com,(414) 555-1492,Racine,WI,53403,,Alex,parents nearby,just remodeled kitchen,tree trim quote
Skyler,Martin1493,skyler.martin1493@example.com,(414) 555-1493,Madison,WI,53703,,Sam,,,
Parker,Williams1494,parker.williams1494@example.com,(414) 555-1494,Green Bay,WI,54301,Williams Properties,,,,
Blake,Garcia1495,blake.garcia1495@example.com,(414) 555-1495,Chicago,IL,60611,,Pat,two kids,new roof last year,sump pump check
Hayden,Rodriguez1496,hayden.rodriguez1496@example.com,(414) 555-1496,Evanston,IL,60201,,Chris,dog named Buddy,loves gardening,insurance deductible question
Rowan,Lopez1497,rowan.lopez1497@example.com,(414) 555-1497,Brookfield,WI,53005,Lopez Properties,Alex,parents nearby,just remodeled kitchen,tree trim quote
Sawyer,Anderson1498,sawyer.anderson1498@example.com,(414) 555-1498,Kenosha,WI,53140,,Sam,,,
Finley,Moore1499,finley.moore1499@example.com,(414) 555-1499,Appleton,WI,54911,,,,,
Alex,Smith1500,alex.smith1500@example.com,(414) 555-1500,Milwaukee,WI,53202,Smith Properties,Pat,two kids,new roof last year,sump pump check
Jordan,Brown1501,jordan.brown1501@example.com,(414) 555-1501,Waukesha,WI,53186,,Chris,dog named Buddy,loves gardening,insurance deductible question
Sam,Miller1502,sam.miller1502@example.com,(414) 555-1502,Racine,WI,53403,,Alex,parents nearby,just remodeled kitchen,tree trim quote
Taylor,Martinez1503,taylor.martinez1503@example.com,(414) 555-1503,Madison,WI,53703,Martinez Properties,Sam,,,
Casey,Gonzalez1504,casey.gonzalez1504@example.com,(414) 555-1504,Green Bay,WI,54301,,,,,
Riley,Thomas1505,riley.thomas1505@example.com,(414) 555-1505,Chicago,IL,60611,,Pat,two kids,new roof last year,sump pump check
Morgan,Jackson1506,morgan.jackson1506@example.com,(414) 555-1506,Evanston,IL,60201,Jackson Properties,Chris,dog named Buddy,loves gardening,insurance deductible question
Avery,Johnson1507,avery.johnson1507@example.com,(414) 555-1507,Brookfield,WI,53005,,Alex,parents nearby,just remodeled kitchen,tree trim quote
Quinn,Jones1508,quinn.jones1508@example.com,(414) 555-1508,Kenosha,WI,53140,,Sam,,,
Jamie,Davis1509,jamie.davis1509@example.com,(414) 555-1509,Appleton,WI,54911,Davis Properties,,,,
Cameron,Hernandez1510,cameron.hernandez1510@example.com,(414) 555-1510,Milwaukee,WI,53202,,Pat,two kids,new roof last year,sump pump check
Drew,Wilson1511,drew.wilson1511@example.com,(414) 555-1511,Waukesha,WI,53186,,Chris,dog named Buddy,loves gardening,insurance deductible question
Reese,Taylor1512,reese.taylor1512@example.com,(414) 555-1512,Racine,WI,53403,Taylor Properties,Alex,parents nearby,just remodeled kitchen,tree trim quote
Skyler,Martin1513,skyler.martin1513@example.com,(414) 555-1513,Madison,WI,53703,,Sam,,,
Parker,Williams1514,parker.williams1514@example.com,(414) 555-1514,Green Bay,WI,54301,,,,,
Blake,Garcia1515,blake.garcia1515@example.com,(414) 555-1515,Chicago,IL,60611,Garcia Properties,Pat,two kids,new roof last year,sump pump check
Hayden,Rodriguez1516,hayden.rodriguez1516@example.com,(414) 555-1516,Evanston,IL,60201,,Chris,dog named Buddy,loves gardening,insurance deductible question
Rowan,Lopez1517,rowan.lopez1517@example.com,(414) 555-1517,Brookfield,WI,53005,,Alex,parents nearby,just remodeled kitchen,tree trim quote
Sawyer,Anderson1518,sawyer.anderson1518@example.com,(414) 555-1518,Kenosha,WI,53140,Anderson Properties,Sam,,,
Finley,Moore1519,finley.moore1519@example.com,(414) 555-1519,Appleton,WI,54911,,,,,
Alex,Smith1520,alex.smith1520@example.com,(414) 555-1520,Milwaukee,WI,53202,,Pat,two kids,new roof last year,sump pump check
Jordan,Brown1521,jordan.brown1521@example.com,(414) 555-1521,Waukesha,WI,53186,Brown Properties,Chris,dog named Buddy,loves gardening,insurance deductible question
Sam,Miller1522,sam.miller1522@example.com,(414) 555-1522,Racine,WI,53403,,Alex,parents nearby,just remodeled kitchen,tree trim quote
Taylor,Martinez1523,taylor.martinez1523@example.com,(414) 555-1523,Madison,WI,53703,,Sam,,,
Casey,Gonzalez1524,casey.gonzalez1524@example.com,(414) 555-1524,Green Bay,WI,54301,Gonzalez Properties,,,,
Riley,Thomas1525,riley.thomas1525@example.com,(414) 555-1525,Chicago,IL,60611,,Pat,two kids,new roof last year,sump pump check
Morgan,Jackson1526,morgan.jackson1526@example.com,(414) 555-1526,Evanston,IL,60201,,Chris,dog named Buddy,loves gardening,insurance deductible question
Avery,Johnson1527,avery.johnson1527@example.com,(414) 555-1527,Brookfield,WI,53005,Johnson Properties,Alex,parents nearby,just remodeled kitchen,tree trim quote
Quinn,Jones1528,quinn.jones1528@example.com,(414) 555-1528,Kenosha,WI,53140,,Sam,,,
Jamie,Davis1529,jamie.davis1529@example.com,(414) 555-1529,Appleton,WI,54911,,,,,
Cameron,Hernandez1530,cameron.hernandez1530@example.com,(414) 555-1530,Milwaukee,WI,53202,Hernandez Properties,Pat,two kids,new roof last year,sump pump check
Drew,Wilson1531,drew.wilson1531@example.com,(414) 555-1531,Waukesha,WI,53186,,Chris,dog named Buddy,loves gardening,insurance deductible question
Reese,Taylor1532,reese.taylor1532@example.com,(414) 555-1532,Racine,WI,53403,,Alex,parents nearby,just remodeled kitchen,tree trim quote
Skyler,Martin1533,skyler.martin1533@example.com,(414) 555-1533,Madison,WI,53703,Martin Properties,Sam,,,
Parker,Williams1534,parker.williams1534@example.com,(414) 555-1534,Green Bay,WI,54301,,,,,
Blake,Garcia1535,blake.garcia1535@example.com,(414) 555-1535,Chicago,IL,60611,,Pat,two kids,new roof last year,sump pump check
Hayden,Rodriguez1536,hayden.rodriguez1536@example.com,(414) 555-1536,Evanston,IL,60201,Rodriguez Properties,Chris,dog named Buddy,loves gardening,insurance deductible question
Rowan,Lopez1537,rowan.lopez1537@example.com,(414) 555-1537,Brookfield,WI,53005,,Alex,parents nearby,just remodeled kitchen,tree trim quote
Sawyer,Anderson1538,sawyer.anderson1538@example.com,(414) 555-1538,Kenosha,WI,53140,,Sam,,,
Finley,Moore1539,finley.moore1539@example.com,(414) 555-1539,Appleton,WI,54911,Moore Properties,,,,
Alex,Smith1540,alex.smith1540@example.com,(414) 555-1540,Milwaukee,WI,53202,,Pat,two kids,new roof last year,sump pump check
Jordan,Brown1541,jordan.brown1541@example.com,(414) 555-1541,Waukesha,WI,53186,,Chris,dog named Buddy,loves gardening,insurance deductible question
Sam,Miller1542,sam.miller1542@example.com,(414) 555-1542,Racine,WI,53403,Miller Properties,Alex,parents nearby,just remodeled kitchen,tree trim quote
Taylor,Martinez1543,taylor.martinez1543@example.com,(414) 555-1543,Madison,WI,53703,,Sam,,,
Casey,Gonzalez1544,casey.gonzalez1544@example.com,(414) 555-1544,Green Bay,WI,54301,,,,,
Riley,Thomas1545,riley.thomas1545@example.com,(414) 555-1545,Chicago,IL,60611,Thomas Properties,Pat,two kids,new roof last year,sump pump check
Morgan,Jackson1546,morgan.jackson1546@example.com,(414) 555-1546,Evanston,IL,60201,,Chris,dog named Buddy,loves gardening,insurance deductible question
Avery,Johnson1547,avery.johnson1547@example.com,(414) 555-1547,Brookfield,WI,53005,,Alex,parents nearby,just remodeled kitchen,tree trim quote
Quinn,Jones1548,quinn.jones1548@example.com,(414) 555-1548,Kenosha,WI,53140,Jones Properties,Sam,,,
Jamie,Davis1549,jamie.davis1549@example.com,(414) 555-1549,Appleton,WI,54911,,,,,
Cameron,Hernandez1550,cameron.hernandez1550@example.com,(414) 555-1550,Milwaukee,WI,53202,,Pat,two kids,new roof last year,sump pump check
Drew,Wilson1551,drew.wilson1551@example.com,(414) 555-1551,Waukesha,WI,53186,Wilson Properties,Chris,dog named Buddy,loves gardening,insurance deductible question
Reese,Taylor1552,reese.taylor1552@example.com,(414) 555-1552,Racine,WI,53403,,Alex,parents nearby,just remodeled kitchen,tree trim quote
Skyler,Martin1553,skyler.martin1553@example.com,(414) 555-1553,Madison,WI,53703,,Sam,,,
Parker,Williams1554,parker.williams1554@example.com,(414) 555-1554,Green Bay,WI,54301,Williams Properties,,,,
Blake,Garcia1555,blake.garcia1555@example.com,(414) 555-1555,Chicago,IL,60611,,Pat,two kids,new roof last year,sump pump check
Hayden,Rodriguez1556,hayden.rodriguez1556@example.com,(414) 555-1556,Evanston,IL,60201,,Chris,dog named Buddy,loves gardening,insurance deductible question
Rowan,Lopez1557,rowan.lopez1557@example.com,(414) 555-1557,Brookfield,WI,53005,Lopez Properties,Alex,parents nearby,just remodeled kitchen,tree trim quote
Sawyer,Anderson1558,sawyer.anderson1558@example.com,(414) 555-1558,Kenosha,WI,53140,,Sam,,,
Finley,Moore1559,finley.moore1559@example.com,(414) 555-1559,Appleton,WI,54911,,,,,
Alex,Smith1560,alex.smith1560@example.com,(414) 555-1560,Milwaukee,WI,53202,Smith Properties,Pat,two kids,new roof last year,sump pump check
Jordan,Brown1561,jordan.brown1561@example.com,(414) 555-1561,Waukesha,WI,53186,,Chris,dog named Buddy,loves gardening,insurance deductible question
Sam,Miller1562,sam.miller1562@example.com,(414) 555-1562,Racine,WI,53403,,Alex,parents nearby,just remodeled kitchen,tree trim quote
Taylor,Martinez1563,taylor.martinez1563@example.com,(414) 555-1563,Madison,WI,53703,Martinez Properties,Sam,,,
Casey,Gonzalez1564,casey.gonzalez1564@example.com,(414) 555-1564,Green Bay,WI,54301,,,,,
Riley,Thomas1565,riley.thomas1565@example.com,(414) 555-1565,Chicago,IL,60611,,Pat,two kids,new roof last year,sump pump check
Morgan,Jackson1566,morgan.jackson1566@example.com,(414) 555-1566,Evanston,IL,60201,Jackson Properties,Chris,dog named Buddy,loves gardening,insurance deductible question
Avery,Johnson1567,avery.johnson1567@example.com,(414) 555-1567,Brookfield,WI,53005,,Alex,parents nearby,just remodeled kitchen,tree trim quote
Quinn,Jones1568,quinn.jones1568@example.com,(414) 555-1568,Kenosha,WI,53140,,Sam,,,
Jamie,Davis1569,jamie.davis1569@example.com,(414) 555-1569,Appleton,WI,54911,Davis Properties,,,,
Cameron,Hernandez1570,cameron.hernandez1570@example.com,(414) 555-1570,Milwaukee,WI,53202,,Pat,two kids,new roof last year,sump pump check
Drew,Wilson1571,drew.wilson1571@example.com,(414) 555-1571,Waukesha,WI,53186,,Chris,dog named Buddy,loves gardening,insurance deductible question
Reese,Taylor1572,reese.taylor1572@example.com,(414) 555-1572,Racine,WI,53403,Taylor Properties,Alex,parents nearby,just remodeled kitchen,tree trim quote
Skyler,Martin1573,skyler.martin1573@example.com,(414) 555-1573,Madison,WI,53703,,Sam,,,
Parker,Williams1574,parker.williams1574@example.com,(414) 555-1574,Green Bay,WI,54301,,,,,
Blake,Garcia1575,blake.garcia1575@example.com,(414) 555-1575,Chicago,IL,60611,Garcia Properties,Pat,two kids,new roof last year,sump pump check
Hayden,Rodriguez1576,hayden.rodriguez1576@example.com,(414) 555-1576,Evanston,IL,60201,,Chris,dog named Buddy,loves gardening,insurance deductible question
Rowan,Lopez1577,rowan.lopez1577@example.com,(414) 555-1577,Brookfield,WI,53005,,Alex,parents nearby,just remodeled kitchen,tree trim quote
Sawyer,Anderson1578,sawyer.anderson1578@example.com,(414) 555-1578,Kenosha,WI,53140,Anderson Properties,Sam,,,
Finley,Moore1579,finley.moore1579@example.com,(414) 555-1579,Appleton,WI,54911,,,,,
Alex,Smith1580,alex.smith1580@example.com,(414) 555-1580,Milwaukee,WI,53202,,Pat,two kids,new roof last year,sump pump check
Jordan,Brown1581,jordan.brown1581@example.com,(414) 555-1581,Waukesha,WI,53186,Brown Properties,Chris,dog named Buddy,loves gardening,insurance deductible question
Sam,Miller1582,sam.miller1582@example.com,(414) 555-1582,Racine,WI,53403,,Alex,parents nearby,just remodeled kitchen,tree trim quote
Taylor,Martinez1583,taylor.martinez1583@example.com,(414) 555-1583,Madison,WI,53703,,Sam,,,
Casey,Gonzalez1584,casey.gonzalez1584@example.com,(414) 555-1584,Green Bay,WI,54301,Gonzalez Properties,,,,
Riley,Thomas1585,riley.thomas1585@example.com,(414) 555-1585,Chicago,IL,60611,,Pat,two kids,new roof last year,sump pump check
Morgan,Jackson1586,morgan.jackson1586@example.com,(414) 555-1586,Evanston,IL,60201,,Chris,dog named Buddy,loves gardening,insurance deductible question
Avery,Johnson1587,avery.johnson1587@example.com,(414) 555-1587,Brookfield,WI,53005,Johnson Properties,Alex,parents nearby,just remodeled kitchen,tree trim quote
Quinn,Jones1588,quinn.jones1588@example.com,(414) 555-1588,Kenosha,WI,53140,,Sam,,,
Jamie,Davis1589,jamie.davis1589@example.com,(414) 555-1589,Appleton,WI,54911,,,,,
Cameron,Hernandez1590,cameron.hernandez1590@example.com,(414) 555-1590,Milwaukee,WI,53202,Hernandez Properties,Pat,two kids,new roof last year,sump pump check
Drew,Wilson1591,drew.wilson1591@example.com,(414) 555-1591,Waukesha,WI,53186,,Chris,dog named Buddy,loves gardening,insurance deductible question
Reese,Taylor1592,reese.taylor1592@example.com,(414) 555-1592,Racine,WI,53403,,Alex,parents nearby,just remodeled kitchen,tree trim quote
Skyler,Martin1593,skyler.martin1593@example.com,(414) 555-1593,Madison,WI,53703,Martin Properties,Sam,,,
Parker,Williams1594,parker.williams1594@example.com,(414) 555-1594,Green Bay,WI,54301,,,,,
Blake,Garcia1595,blake.garcia1595@example.com,(414) 555-1595,Chicago,IL,60611,,Pat,two kids,new roof last year,sump pump check
Hayden,Rodriguez1596,hayden.rodriguez1596@example.com,(414) 555-1596,Evanston,IL,60201,Rodriguez Properties,Chris,dog named Buddy,loves gardening,insurance deductible question
Rowan,Lopez1597,rowan.lopez1597@example.com,(414) 555-1597,Brookfield,WI,53005,,Alex,parents nearby,just remodeled kitchen,tree trim quote
Sawyer,Anderson1598,sawyer.anderson1598@example.com,(414) 555-1598,Kenosha,WI,53140,,Sam,,,
Finley,Moore1599,finley.moore1599@example.com,(414) 555-1599,Appleton,WI,54911,Moore Properties,,,,
Alex,Smith1600,alex.smith1600@example.com,(414) 555-1600,Milwaukee,WI,53202,,Pat,two kids,new roof last year,sump pump check
Jordan,Brown1601,jordan.brown1601@example.com,(414) 555-1601,Waukesha,WI,53186,,Chris,dog named Buddy,loves gardening,insurance deductible question
Sam,Miller1602,sam.miller1602@example.com,(414) 555-1602,Racine,WI,53403,Miller Properties,Alex,parents nearby,just remodeled kitchen,tree trim quote
Taylor,Martinez1603,taylor.martinez1603@example.com,(414) 555-1603,Madison,WI,53703,,Sam,,,
Casey,Gonzalez1604,casey.gonzalez1604@example.com,(414) 555-1604,Green Bay,WI,54301,,,,,
Riley,Thomas1605,riley.thomas1605@example.com,(414) 555-1605,Chicago,IL,60611,Thomas Properties,Pat,two kids,new roof last year,sump pump check
Morgan,Jackson1606,morgan.jackson1606@example.com,(414) 555-1606,Evanston,IL,60201,,Chris,dog named Buddy,loves gardening,insurance deductible question
Avery,Johnson1607,avery.johnson1607@example.com,(414) 555-1607,Brookfield,WI,53005,,Alex,parents nearby,just remodeled kitchen,tree trim quote
Quinn,Jones1608,quinn.jones1608@example.com,(414) 555-1608,Kenosha,WI,53140,Jones Properties,Sam,,,
Jamie,Davis1609,jamie.davis1609@example.com,(414) 555-1609,Appleton,WI,54911,,,,,
Cameron,Hernandez1610,cameron.hernandez1610@example.com,(414) 555-1610,Milwaukee,WI,53202,,Pat,two kids,new roof last year,sump pump check
Drew,Wilson1611,drew.wilson1611@example.com,(414) 555-1611,Waukesha,WI,53186,Wilson Properties,Chris,dog named Buddy,loves gardening,insurance deductible question
Reese,Taylor1612,reese.taylor1612@example.com,(414) 555-1612,Racine,WI,53403,,Alex,parents nearby,just remodeled kitchen,tree trim quote
Skyler,Martin1613,skyler.martin1613@example.com,(414) 555-1613,Madison,WI,53703,,Sam,,,
Parker,Williams1614,parker.williams1614@example.com,(414) 555-1614,Green Bay,WI,54301,Williams Properties,,,,
Blake,Garcia1615,blake.garcia1615@example.com,(414) 555-1615,Chicago,IL,60611,,Pat,two kids,new roof last year,sump pump check
Hayden,Rodriguez1616,hayden.rodriguez1616@example.com,(414) 555-1616,Evanston,IL,60201,,Chris,dog named Buddy,loves gardening,insurance deductible question
Rowan,Lopez1617,rowan.lopez1617@example.com,(414) 555-1617,Brookfield,WI,53005,Lopez Properties,Alex,parents nearby,just remodeled kitchen,tree trim quote
Sawyer,Anderson1618,sawyer.anderson1618@example.com,(414) 555-1618,Kenosha,WI,53140,,Sam,,,
Finley,Moore1619,finley.moore1619@example.com,(414) 555-1619,Appleton,WI,54911,,,,,
Alex,Smith1620,alex.smith1620@example.com,(414) 555-1620,Milwaukee,WI,53202,Smith Properties,Pat,two kids,new roof last year,sump pump check
Jordan,Brown1621,jordan.brown1621@example.com,(414) 555-1621,Waukesha,WI,53186,,Chris,dog named Buddy,loves gardening,insurance deductible question
Sam,Miller1622,sam.miller1622@example.com,(414) 555-1622,Racine,WI,53403,,Alex,parents nearby,just remodeled kitchen,tree trim quote
Taylor,Martinez1623,taylor.martinez1623@example.com,(414) 555-1623,Madison,WI,53703,Martinez Properties,Sam,,,
Casey,Gonzalez1624,casey.gonzalez1624@example.com,(414) 555-1624,Green Bay,WI,54301,,,,,
Riley,Thomas1625,riley.thomas1625@example.com,(414) 555-1625,Chicago,IL,60611,,Pat,two kids,new roof last year,sump pump check
Morgan,Jackson1626,morgan.jackson1626@example.com,(414) 555-1626,Evanston,IL,60201,Jackson Properties,Chris,dog named Buddy,loves gardening,insurance deductible question
Avery,Johnson1627,avery.johnson1627@example.com,(414) 555-1627,Brookfield,WI,53005,,Alex,parents nearby,just remodeled kitchen,tree trim quote
Quinn,Jones1628,quinn.jones1628@example.com,(414) 555-1628,Kenosha,WI,53140,,Sam,,,
Jamie,Davis1629,jamie.davis1629@example.com,(414) 555-1629,Appleton,WI,54911,Davis Properties,,,,
Cameron,Hernandez1630,cameron.hernandez1630@example.com,(414) 555-1630,Milwaukee,WI,53202,,Pat,two kids,new roof last year,sump pump check
Drew,Wilson1631,drew.wilson1631@example.com,(414) 555-1631,Waukesha,WI,53186,,Chris,dog named Buddy,loves gardening,insurance deductible question
Reese,Taylor1632,reese.taylor1632@example.com,(414) 555-1632,Racine,WI,53403,Taylor Properties,Alex,parents nearby,just remodeled kitchen,tree trim quote
Skyler,Martin1633,skyler.martin1633@example.com,(414) 555-1633,Madison,WI,53703,,Sam,,,
Parker,Williams1634,parker.williams1634@example.com,(414) 555-1634,Green Bay,WI,54301,,,,,
Blake,Garcia1635,blake.garcia1635@example.com,(414) 555-1635,Chicago,IL,60611,Garcia Properties,Pat,two kids,new roof last year,sump pump check
Hayden,Rodriguez1636,hayden.rodriguez1636@example.com,(414) 555-1636,Evanston,IL,60201,,Chris,dog named Buddy,loves gardening,insurance deductible question
Rowan,Lopez1637,rowan.lopez1637@example.com,(414) 555-1637,Brookfield,WI,53005,,Alex,parents nearby,just remodeled kitchen,tree trim quote
Sawyer,Anderson1638,sawyer.anderson1638@example.com,(414) 555-1638,Kenosha,WI,53140,Anderson Properties,Sam,,,
Finley,Moore1639,finley.moore1639@example.com,(414) 555-1639,Appleton,WI,54911,,,,,
Alex,Smith1640,alex.smith1640@example.com,(414) 555-1640,Milwaukee,WI,53202,,Pat,two kids,new roof last year,sump pump check
Jordan,Brown1641,jordan.brown1641@example.com,(414) 555-1641,Waukesha,WI,53186,Brown Properties,Chris,dog named Buddy,loves gardening,insurance deductible question
Sam,Miller1642,sam.miller1642@example.com,(414) 555-1642,Racine,WI,53403,,Alex,parents nearby,just remodeled kitchen,tree trim quote
Taylor,Martinez1643,taylor.martinez1643@example.com,(414) 555-1643,Madison,WI,53703,,Sam,,,
Casey,Gonzalez1644,casey.gonzalez1644@example.com,(414) 555-1644,Green Bay,WI,54301,Gonzalez Properties,,,,
Riley,Thomas1645,riley.thomas1645@example.com,(414) 555-1645,Chicago,IL,60611,,Pat,two kids,new roof last year,sump pump check
Morgan,Jackson1646,morgan.jackson1646@example.com,(414) 555-1646,Evanston,IL,60201,,Chris,dog named Buddy,loves gardening,insurance deductible question
Avery,Johnson1647,avery.johnson1647@example.com,(414) 555-1647,Brookfield,WI,53005,Johnson Properties,Alex,parents nearby,just remodeled kitchen,tree trim quote
Quinn,Jones1648,quinn.jones1648@example.com,(414) 555-1648,Kenosha,WI,53140,,Sam,,,
Jamie,Davis1649,jamie.davis1649@example.com,(414) 555-1649,Appleton,WI,54911,,,,,
Cameron,Hernandez1650,cameron.hernandez1650@example.com,(414) 555-1650,Milwaukee,WI,53202,Hernandez Properties,Pat,two kids,new roof last year,sump pump check
Drew,Wilson1651,drew.wilson1651@example.com,(414) 555-1651,Waukesha,WI,53186,,Chris,dog named Buddy,loves gardening,insurance deductible question
Reese,Taylor1652,reese.taylor1652@example.com,(414) 555-1652,Racine,WI,53403,,Alex,parents nearby,just remodeled kitchen,tree trim quote
Skyler,Martin1653,skyler.martin1653@example.com,(414) 555-1653,Madison,WI,53703,Martin Properties,Sam,,,
Parker,Williams1654,parker.williams1654@example.com,(414) 555-1654,Green Bay,WI,54301,,,,,
Blake,Garcia1655,blake.garcia1655@example.com,(414) 555-1655,Chicago,IL,60611,,Pat,two kids,new roof last year,sump pump check
Hayden,Rodriguez1656,hayden.rodriguez1656@example.com,(414) 555-1656,Evanston,IL,60201,Rodriguez Properties,Chris,dog named Buddy,loves gardening,insurance deductible question
Rowan,Lopez1657,rowan.lopez1657@example.com,(414) 555-1657,Brookfield,WI,53005,,Alex,parents nearby,just remodeled kitchen,tree trim quote
Sawyer,Anderson1658,sawyer.anderson1658@example.com,(414) 555-1658,Kenosha,WI,53140,,Sam,,,
Finley,Moore1659,finley.moore1659@example.com,(414) 555-1659,Appleton,WI,54911,Moore Properties,,,,
Alex,Smith1660,alex.smith1660@example.com,(414) 555-1660,Milwaukee,WI,53202,,Pat,two kids,new roof last year,sump pump check
Jordan,Brown1661,jordan.brown1661@example.com,(414) 555-1661,Waukesha,WI,53186,,Chris,dog named Buddy,loves gardening,insurance deductible question
Sam,Miller1662,sam.miller1662@example.com,(414) 555-1662,Racine,WI,53403,Miller Properties,Alex,parents nearby,just remodeled kitchen,tree trim quote
Taylor,Martinez1663,taylor.martinez1663@example.com,(414) 555-1663,Madison,WI,53703,,Sam,,,
Casey,Gonzalez1664,casey.gonzalez1664@example.com,(414) 555-1664,Green Bay,WI,54301,,,,,
Riley,Thomas1665,riley.thomas1665@example.com,(414) 555-1665,Chicago,IL,60611,Thomas Properties,Pat,two kids,new roof last year,sump pump check
Morgan,Jackson1666,morgan.jackson1666@example.com,(414) 555-1666,Evanston,IL,60201,,Chris,dog named Buddy,loves gardening,insurance deductible question
Avery,Johnson1667,avery.johnson1667@example.com,(414) 555-1667,Brookfield,WI,53005,,Alex,parents nearby,just remodeled kitchen,tree trim quote
Quinn,Jones1668,quinn.jones1668@example.com,(414) 555-1668,Kenosha,WI,53140,Jones Properties,Sam,,,
Jamie,Davis1669,jamie.davis1669@example.com,(414) 555-1669,Appleton,WI,54911,,,,,
Cameron,Hernandez1670,cameron.hernandez1670@example.com,(414) 555-1670,Milwaukee,WI,53202,,Pat,two kids,new roof last year,sump pump check
Drew,Wilson1671,drew.wilson1671@example.com,(414) 555-1671,Waukesha,WI,53186,Wilson Properties,Chris,dog named Buddy,loves gardening,insurance deductible question
Reese,Taylor1672,reese.taylor1672@example.com,(414) 555-1672,Racine,WI,53403,,Alex,parents nearby,just remodeled kitchen,tree trim quote
Skyler,Martin1673,skyler.martin1673@example.com,(414) 555-1673,Madison,WI,53703,,Sam,,,
Parker,Williams1674,parker.williams1674@example.com,(414) 555-1674,Green Bay,WI,54301,Williams Properties,,,,
Blake,Garcia1675,blake.garcia1675@example.com,(414) 555-1675,Chicago,IL,60611,,Pat,two kids,new roof last year,sump pump check
Hayden,Rodriguez1676,hayden.rodriguez1676@example.com,(414) 555-1676,Evanston,IL,60201,,Chris,dog named Buddy,loves gardening,insurance deductible question
Rowan,Lopez1677,rowan.lopez1677@example.com,(414) 555-1677,Brookfield,WI,53005,Lopez Properties,Alex,parents nearby,just remodeled kitchen,tree trim quote
Sawyer,Anderson1678,sawyer.anderson1678@example.com,(414) 555-1678,Kenosha,WI,53140,,Sam,,,
Finley,Moore1679,finley.moore1679@example.com,(414) 555-1679,Appleton,WI,54911,,,,,
Alex,Smith1680,alex.smith1680@example.com,(414) 555-1680,Milwaukee,WI,53202,Smith Properties,Pat,two kids,new roof last year,sump pump check
Jordan,Brown1681,jordan.brown1681@example.com,(414) 555-1681,Waukesha,WI,53186,,Chris,dog named Buddy,loves gardening,insurance deductible question
Sam,Miller1682,sam.miller1682@example.com,(414) 555-1682,Racine,WI,53403,,Alex,parents nearby,just remodeled kitchen,tree trim quote
Taylor,Martinez1683,taylor.martinez1683@example.com,(414) 555-1683,Madison,WI,53703,Martinez Properties,Sam,,,
Casey,Gonzalez1684,casey.gonzalez1684@example.com,(414) 555-1684,Green Bay,WI,54301,,,,,
Riley,Thomas1685,riley.thomas1685@example.com,(414) 555-1685,Chicago,IL,60611,,Pat,two kids,new roof last year,sump pump check
Morgan,Jackson1686,morgan.jackson1686@example.com,(414) 555-1686,Evanston,IL,60201,Jackson Properties,Chris,dog named Buddy,loves gardening,insurance deductible question
Avery,Johnson1687,avery.johnson1687@example.com,(414) 555-1687,Brookfield,WI,53005,,Alex,parents nearby,just remodeled kitchen,tree trim quote
Quinn,Jones1688,quinn.jones1688@example.com,(414) 555-1688,Kenosha,WI,53140,,Sam,,,
Jamie,Davis1689,jamie.davis1689@example.com,(414) 555-1689,Appleton,WI,54911,Davis Properties,,,,
Cameron,Hernandez1690,cameron.hernandez1690@example.com,(414) 555-1690,Milwaukee,WI,53202,,Pat,two kids,new roof last year,sump pump check
Drew,Wilson1691,drew.wilson1691@example.com,(414) 555-1691,Waukesha,WI,53186,,Chris,dog named Buddy,loves gardening,insurance deductible question
Reese,Taylor1692,reese.taylor1692@example.com,(414) 555-1692,Racine,WI,53403,Taylor Properties,Alex,parents nearby,just remodeled kitchen,tree trim quote
Skyler,Martin1693,skyler.martin1693@example.com,(414) 555-1693,Madison,WI,53703,,Sam,,,
Parker,Williams1694,parker.williams1694@example.com,(414) 555-1694,Green Bay,WI,54301,,,,,
Blake,Garcia1695,blake.garcia1695@example.com,(414) 555-1695,Chicago,IL,60611,Garcia Properties,Pat,two kids,new roof last year,sump pump check
Hayden,Rodriguez1696,hayden.rodriguez1696@example.com,(414) 555-1696,Evanston,IL,60201,,Chris,dog named Buddy,loves gardening,insurance deductible question
Rowan,Lopez1697,rowan.lopez1697@example.com,(414) 555-1697,Brookfield,WI,53005,,Alex,parents nearby,just remodeled kitchen,tree trim quote
Sawyer,Anderson1698,sawyer.anderson1698@example.com,(414) 555-1698,Kenosha,WI,53140,Anderson Properties,Sam,,,
Finley,Moore1699,finley.moore1699@example.com,(414) 555-1699,Appleton,WI,54911,,,,,
Alex,Smith1700,alex.smith1700@example.com,(414) 555-1700,Milwaukee,WI,53202,,Pat,two kids,new roof last year,sump pump check
Jordan,Brown1701,jordan.brown1701@example.com,(414) 555-1701,Waukesha,WI,53186,Brown Properties,Chris,dog named Buddy,loves gardening,insurance deductible question
Sam,Miller1702,sam.miller1702@example.com,(414) 555-1702,Racine,WI,53403,,Alex,parents nearby,just remodeled kitchen,tree trim quote
Taylor,Martinez1703,taylor.martinez1703@example.com,(414) 555-1703,Madison,WI,53703,,Sam,,,
Casey,Gonzalez1704,casey.gonzalez1704@example.com,(414) 555-1704,Green Bay,WI,54301,Gonzalez Properties,,,,
Riley,Thomas1705,riley.thomas1705@example.com,(414) 555-1705,Chicago,IL,60611,,Pat,two kids,new roof last year,sump pump check
Morgan,Jackson1706,morgan.jackson1706@example.com,(414) 555-1706,Evanston,IL,60201,,Chris,dog named Buddy,loves gardening,insurance deductible question
Avery,Johnson1707,avery.johnson1707@example.com,(414) 555-1707,Brookfield,WI,53005,Johnson Properties,Alex,parents nearby,just remodeled kitchen,tree trim quote
Quinn,Jones1708,quinn.jones1708@example.com,(414) 555-1708,Kenosha,WI,53140,,Sam,,,
Jamie,Davis1709,jamie.davis1709@example.com,(414) 555-1709,Appleton,WI,54911,,,,,
Cameron,Hernandez1710,cameron.hernandez1710@example.com,(414) 555-1710,Milwaukee,WI,53202,Hernandez Properties,Pat,two kids,new roof last year,sump pump check
Drew,Wilson1711,drew.wilson1711@example.com,(414) 555-1711,Waukesha,WI,53186,,Chris,dog named Buddy,loves gardening,insurance deductible question
Reese,Taylor1712,reese.taylor1712@example.com,(414) 555-1712,Racine,WI,53403,,Alex,parents nearby,just remodeled kitchen,tree trim quote
Skyler,Martin1713,skyler.martin1713@example.com,(414) 555-1713,Madison,WI,53703,Martin Properties,Sam,,,
Parker,Williams1714,parker.williams1714@example.com,(414) 555-1714,Green Bay,WI,54301,,,,,
Blake,Garcia1715,blake.garcia1715@example.com,(414) 555-1715,Chicago,IL,60611,,Pat,two kids,new roof last year,sump pump check
Hayden,Rodriguez1716,hayden.rodriguez1716@example.com,(414) 555-1716,Evanston,IL,60201,Rodriguez Properties,Chris,dog named Buddy,loves gardening,insurance deductible question
Rowan,Lopez1717,rowan.lopez1717@example.com,(414) 555-1717,Brookfield,WI,53005,,Alex,parents nearby,just remodeled kitchen,tree trim quote
Sawyer,Anderson1718,sawyer.anderson1718@example.com,(414) 555-1718,Kenosha,WI,53140,,Sam,,,
Finley,Moore1719,finley.moore1719@example.com,(414) 555-1719,Appleton,WI,54911,Moore Properties,,,,
Alex,Smith1720,alex.smith1720@example.com,(414) 555-1720,Milwaukee,WI,53202,,Pat,two kids,new roof last year,sump pump check
Jordan,Brown1721,jordan.brown1721@example.com,(414) 555-1721,Waukesha,WI,53186,,Chris,dog named Buddy,loves gardening,insurance deductible question
Sam,Miller1722,sam.miller1722@example.com,(414) 555-1722,Racine,WI,53403,Miller Properties,Alex,parents nearby,just remodeled kitchen,tree trim quote
Taylor,Martinez1723,taylor.martinez1723@example.com,(414) 555-1723,Madison,WI,53703,,Sam,,,
Casey,Gonzalez1724,casey.gonzalez1724@example.com,(414) 555-1724,Green Bay,WI,54301,,,,,
Riley,Thomas1725,riley.thomas1725@example.com,(414) 555-1725,Chicago,IL,60611,Thomas Properties,Pat,two kids,new roof last year,sump pump check
Morgan,Jackson1726,morgan.jackson1726@example.com,(414) 555-1726,Evanston,IL,60201,,Chris,dog named Buddy,loves gardening,insurance deductible question
Avery,Johnson1727,avery.johnson1727@example.com,(414) 555-1727,Brookfield,WI,53005,,Alex,parents nearby,just remodeled kitchen,tree trim quote
Quinn,Jones1728,quinn.jones1728@example.com,(414) 555-1728,Kenosha,WI,53140,Jones Properties,Sam,,,
Jamie,Davis1729,jamie.davis1729@example.com,(414) 555-1729,Appleton,WI,54911,,,,,
Cameron,Hernandez1730,cameron.hernandez1730@example.com,(414) 555-1730,Milwaukee,WI,53202,,Pat,two kids,new roof last year,sump pump check
Drew,Wilson1731,drew.wilson1731@example.com,(414) 555-1731,Waukesha,WI,53186,Wilson Properties,Chris,dog named Buddy,loves gardening,insurance deductible question
Reese,Taylor1732,reese.taylor1732@example.com,(414) 555-1732,Racine,WI,53403,,Alex,parents nearby,just remodeled kitchen,tree trim quote
Skyler,Martin1733,skyler.martin1733@example.com,(414) 555-1733,Madison,WI,53703,,Sam,,,
Parker,Williams1734,parker.williams1734@example.com,(414) 555-1734,Green Bay,WI,54301,Williams Properties,,,,
Blake,Garcia1735,blake.garcia1735@example.com,(414) 555-1735,Chicago,IL,60611,,Pat,two kids,new roof last year,sump pump check
Hayden,Rodriguez1736,hayden.rodriguez1736@example.com,(414) 555-1736,Evanston,IL,60201,,Chris,dog named Buddy,loves gardening,insurance deductible question
Rowan,Lopez1737,rowan.lopez1737@example.com,(414) 555-1737,Brookfield,WI,53005,Lopez Properties,Alex,parents nearby,just remodeled kitchen,tree trim quote
Sawyer,Anderson1738,sawyer.anderson1738@example.com,(414) 555-1738,Kenosha,WI,53140,,Sam,,,
Finley,Moore1739,finley.moore1739@example.com,(414) 555-1739,Appleton,WI,54911,,,,,
Alex,Smith1740,alex.smith1740@example.com,(414) 555-1740,Milwaukee,WI,53202,Smith Properties,Pat,two kids,new roof last year,sump pump check
Jordan,Brown1741,jordan.brown1741@example.com,(414) 555-1741,Waukesha,WI,53186,,Chris,dog named Buddy,loves gardening,insurance deductible question
Sam,Miller1742,sam.miller1742@example.com,(414) 555-1742,Racine,WI,53403,,Alex,parents nearby,just remodeled kitchen,tree trim quote
Taylor,Martinez1743,taylor.martinez1743@example.com,(414) 555-1743,Madison,WI,53703,Martinez Properties,Sam,,,
Casey,Gonzalez1744,casey.gonzalez1744@example.com,(414) 555-1744,Green Bay,WI,54301,,,,,
Riley,Thomas1745,riley.thomas1745@example.com,(414) 555-1745,Chicago,IL,60611,,Pat,two kids,new roof last year,sump pump check
Morgan,Jackson1746,morgan.jackson1746@example.com,(414) 555-1746,Evanston,IL,60201,Jackson Properties,Chris,dog named Buddy,loves gardening,insurance deductible question
Avery,Johnson1747,avery.johnson1747@example.com,(414) 555-1747,Brookfield,WI,53005,,Alex,parents nearby,just remodeled kitchen,tree trim quote
Quinn,Jones1748,quinn.jones1748@example.com,(414) 555-1748,Kenosha,WI,53140,,Sam,,,
Jamie,Davis1749,jamie.davis1749@example.com,(414) 555-1749,Appleton,WI,54911,Davis Properties,,,,
Cameron,Hernandez1750,cameron.hernandez1750@example.com,(414) 555-1750,Milwaukee,WI,53202,,Pat,two kids,new roof last year,sump pump check
Drew,Wilson1751,drew.wilson1751@example.com,(414) 555-1751,Waukesha,WI,53186,,Chris,dog named Buddy,loves gardening,insurance deductible question
Reese,Taylor1752,reese.taylor1752@example.com,(414) 555-1752,Racine,WI,53403,Taylor Properties,Alex,parents nearby,just remodeled kitchen,tree trim quote
Skyler,Martin1753,skyler.martin1753@example.com,(414) 555-1753,Madison,WI,53703,,Sam,,,
Parker,Williams1754,parker.williams1754@example.com,(414) 555-1754,Green Bay,WI,54301,,,,,
Blake,Garcia1755,blake.garcia1755@example.com,(414) 555-1755,Chicago,IL,60611,Garcia Properties,Pat,two kids,new roof last year,sump pump check
Hayden,Rodriguez1756,hayden.rodriguez1756@example.com,(414) 555-1756,Evanston,IL,60201,,Chris,dog named Buddy,loves gardening,insurance deductible question
Rowan,Lopez1757,rowan.lopez1757@example.com,(414) 555-1757,Brookfield,WI,53005,,Alex,parents nearby,just remodeled kitchen,tree trim quote
Sawyer,Anderson1758,sawyer.anderson1758@example.com,(414) 555-1758,Kenosha,WI,53140,Anderson Properties,Sam,,,
Finley,Moore1759,finley.moore1759@example.com,(414) 555-1759,Appleton,WI,54911,,,,,
Alex,Smith1760,alex.smith1760@example.com,(414) 555-1760,Milwaukee,WI,53202,,Pat,two kids,new roof last year,sump pump check
Jordan,Brown1761,jordan.brown1761@example.com,(414) 555-1761,Waukesha,WI,53186,Brown Properties,Chris,dog named Buddy,loves gardening,insurance deductible question
Sam,Miller1762,sam.miller1762@example.com,(414) 555-1762,Racine,WI,53403,,Alex,parents nearby,just remodeled kitchen,tree trim quote
Taylor,Martinez1763,taylor.martinez1763@example.com,(414) 555-1763,Madison,WI,53703,,Sam,,,
Casey,Gonzalez1764,casey.gonzalez1764@example.com,(414) 555-1764,Green Bay,WI,54301,Gonzalez Properties,,,,
Riley,Thomas1765,riley.thomas1765@example.com,(414) 555-1765,Chicago,IL,60611,,Pat,two kids,new roof last year,sump pump check
Morgan,Jackson1766,morgan.jackson1766@example.com,(414) 555-1766,Evanston,IL,60201,,Chris,dog named Buddy,loves gardening,insurance deductible question
Avery,Johnson1767,avery.johnson1767@example.com,(414) 555-1767,Brookfield,WI,53005,Johnson Properties,Alex,parents nearby,just remodeled kitchen,tree trim quote
Quinn,Jones1768,quinn.jones1768@example.com,(414) 555-1768,Kenosha,WI,53140,,Sam,,,
Jamie,Davis1769,jamie.davis1769@example.com,(414) 555-1769,Appleton,WI,54911,,,,,
Cameron,Hernandez1770,cameron.hernandez1770@example.com,(414) 555-1770,Milwaukee,WI,53202,Hernandez Properties,Pat,two kids,new roof last year,sump pump check
Drew,Wilson1771,drew.wilson1771@example.com,(414) 555-1771,Waukesha,WI,53186,,Chris,dog named Buddy,loves gardening,insurance deductible question
Reese,Taylor1772,reese.taylor1772@example.com,(414) 555-1772,Racine,WI,53403,,Alex,parents nearby,just remodeled kitchen,tree trim quote
Skyler,Martin1773,skyler.martin1773@example.com,(414) 555-1773,Madison,WI,53703,Martin Properties,Sam,,,
Parker,Williams1774,parker.williams1774@example.com,(414) 555-1774,Green Bay,WI,54301,,,,,
Blake,Garcia1775,blake.garcia1775@example.com,(414) 555-1775,Chicago,IL,60611,,Pat,two kids,new roof last year,sump pump check
Hayden,Rodriguez1776,hayden.rodriguez1776@example.com,(414) 555-1776,Evanston,IL,60201,Rodriguez Properties,Chris,dog named Buddy,loves gardening,insurance deductible question
Rowan,Lopez1777,rowan.lopez1777@example.com,(414) 555-1777,Brookfield,WI,53005,,Alex,parents nearby,just remodeled kitchen,tree trim quote
Sawyer,Anderson1778,sawyer.anderson1778@example.com,(414) 555-1778,Kenosha,WI,53140,,Sam,,,
Finley,Moore1779,finley.moore1779@example.com,(414) 555-1779,Appleton,WI,54911,Moore Properties,,,,
Alex,Smith1780,alex.smith1780@example.com,(414) 555-1780,Milwaukee,WI,53202,,Pat,two kids,new roof last year,sump pump check
Jordan,Brown1781,jordan.brown1781@example.com,(414) 555-1781,Waukesha,WI,53186,,Chris,dog named Buddy,loves gardening,insurance deductible question
Sam,Miller1782,sam.miller1782@example.com,(414) 555-1782,Racine,WI,53403,Miller Properties,Alex,parents nearby,just remodeled kitchen,tree trim quote
Taylor,Martinez1783,taylor.martinez1783@example.com,(414) 555-1783,Madison,WI,53703,,Sam,,,
Casey,Gonzalez1784,casey.gonzalez1784@example.com,(414) 555-1784,Green Bay,WI,54301,,,,,
Riley,Thomas1785,riley.thomas1785@example.com,(414) 555-1785,Chicago,IL,60611,Thomas Properties,Pat,two kids,new roof last year,sump pump check
Morgan,Jackson1786,morgan.jackson1786@example.com,(414) 555-1786,Evanston,IL,60201,,Chris,dog named Buddy,loves gardening,insurance deductible question
Avery,Johnson1787,avery.johnson1787@example.com,(414) 555-1787,Brookfield,WI,53005,,Alex,parents nearby,just remodeled kitchen,tree trim quote
Quinn,Jones1788,quinn.jones1788@example.com,(414) 555-1788,Kenosha,WI,53140,Jones Properties,Sam,,,
Jamie,Davis1789,jamie.davis1789@example.com,(414) 555-1789,Appleton,WI,54911,,,,,
Cameron,Hernandez1790,cameron.hernandez1790@example.com,(414) 555-1790,Milwaukee,WI,53202,,Pat,two kids,new roof last year,sump pump check
Drew,Wilson1791,drew.wilson1791@example.com,(414) 555-1791,Waukesha,WI,53186,Wilson Properties,Chris,dog named Buddy,loves gardening,insurance deductible question
Reese,Taylor1792,reese.taylor1792@example.com,(414) 555-1792,Racine,WI,53403,,Alex,parents nearby,just remodeled kitchen,tree trim quote
Skyler,Martin1793,skyler.martin1793@example.com,(414) 555-1793,Madison,WI,53703,,Sam,,,
Parker,Williams1794,parker.williams1794@example.com,(414) 555-1794,Green Bay,WI,54301,Williams Properties,,,,
Blake,Garcia1795,blake.garcia1795@example.com,(414) 555-1795,Chicago,IL,60611,,Pat,two kids,new roof last year,sump pump check
Hayden,Rodriguez1796,hayden.rodriguez1796@example.com,(414) 555-1796,Evanston,IL,60201,,Chris,dog named Buddy,loves gardening,insurance deductible question
Rowan,Lopez1797,rowan.lopez1797@example.com,(414) 555-1797,Brookfield,WI,53005,Lopez Properties,Alex,parents nearby,just remodeled kitchen,tree trim quote
Sawyer,Anderson1798,sawyer.anderson1798@example.com,(414) 555-1798,Kenosha,WI,53140,,Sam,,,
Finley,Moore1799,finley.moore1799@example.com,(414) 555-1799,Appleton,WI,54911,,,,,
Alex,Smith1800,alex.smith1800@example.com,(414) 555-1800,Milwaukee,WI,53202,Smith Properties,Pat,two kids,new roof last year,sump pump check
Jordan,Brown1801,jordan.brown1801@example.com,(414) 555-1801,Waukesha,WI,53186,,Chris,dog named Buddy,loves gardening,insurance deductible question
Sam,Miller1802,sam.miller1802@example.com,(414) 555-1802,Racine,WI,53403,,Alex,parents nearby,just remodeled kitchen,tree trim quote
Taylor,Martinez1803,taylor.martinez1803@example.com,(414) 555-1803,Madison,WI,53703,Martinez Properties,Sam,,,
Casey,Gonzalez1804,casey.gonzalez1804@example.com,(414) 555-1804,Green Bay,WI,54301,,,,,
Riley,Thomas1805,riley.thomas1805@example.com,(414) 555-1805,Chicago,IL,60611,,Pat,two kids,new roof last year,sump pump check
Morgan,Jackson1806,morgan.jackson1806@example.com,(414) 555-1806,Evanston,IL,60201,Jackson Properties,Chris,dog named Buddy,loves gardening,insurance deductible question
Avery,Johnson1807,avery.johnson1807@example.com,(414) 555-1807,Brookfield,WI,53005,,Alex,parents nearby,just remodeled kitchen,tree trim quote
Quinn,Jones1808,quinn.jones1808@example.com,(414) 555-1808,Kenosha,WI,53140,,Sam,,,
Jamie,Davis1809,jamie.davis1809@example.com,(414) 555-1809,Appleton,WI,54911,Davis Properties,,,,
Cameron,Hernandez1810,cameron.hernandez1810@example.com,(414) 555-1810,Milwaukee,WI,53202,,Pat,two kids,new roof last year,sump pump check
Drew,Wilson1811,drew.wilson1811@example.com,(414) 555-1811,Waukesha,WI,53186,,Chris,dog named Buddy,loves gardening,insurance deductible question
Reese,Taylor1812,reese.taylor1812@example.com,(414) 555-1812,Racine,WI,53403,Taylor Properties,Alex,parents nearby,just remodeled kitchen,tree trim quote
Skyler,Martin1813,skyler.martin1813@example.com,(414) 555-1813,Madison,WI,53703,,Sam,,,
Parker,Williams1814,parker.williams1814@example.com,(414) 555-1814,Green Bay,WI,54301,,,,,
Blake,Garcia1815,blake.garcia1815@example.com,(414) 555-1815,Chicago,IL,60611,Garcia Properties,Pat,two kids,new roof last year,sump pump check
Hayden,Rodriguez1816,hayden.rodriguez1816@example.com,(414) 555-1816,Evanston,IL,60201,,Chris,dog named Buddy,loves gardening,insurance deductible question
Rowan,Lopez1817,rowan.lopez1817@example.com,(414) 555-1817,Brookfield,WI,53005,,Alex,parents nearby,just remodeled kitchen,tree trim quote
Sawyer,Anderson1818,sawyer.anderson1818@example.com,(414) 555-1818,Kenosha,WI,53140,Anderson Properties,Sam,,,
Finley,Moore1819,finley.moore1819@example.com,(414) 555-1819,Appleton,WI,54911,,,,,
Alex,Smith1820,alex.smith1820@example.com,(414) 555-1820,Milwaukee,WI,53202,,Pat,two kids,new roof last year,sump pump check
Jordan,Brown1821,jordan.brown1821@example.com,(414) 555-1821,Waukesha,WI,53186,Brown Properties,Chris,dog named Buddy,loves gardening,insurance deductible question
Sam,Miller1822,sam.miller1822@example.com,(414) 555-1822,Racine,WI,53403,,Alex,parents nearby,just remodeled kitchen,tree trim quote
Taylor,Martinez1823,taylor.martinez1823@example.com,(414) 555-1823,Madison,WI,53703,,Sam,,,
Casey,Gonzalez1824,casey.gonzalez1824@example.com,(414) 555-1824,Green Bay,WI,54301,Gonzalez Properties,,,,
Riley,Thomas1825,riley.thomas1825@example.com,(414) 555-1825,Chicago,IL,60611,,Pat,two kids,new roof last year,sump pump check
Morgan,Jackson1826,morgan.jackson1826@example.com,(414) 555-1826,Evanston,IL,60201,,Chris,dog named Buddy,loves gardening,insurance deductible question
Avery,Johnson1827,avery.johnson1827@example.com,(414) 555-1827,Brookfield,WI,53005,Johnson Properties,Alex,parents nearby,just remodeled kitchen,tree trim quote
Quinn,Jones1828,quinn.jones1828@example.com,(414) 555-1828,Kenosha,WI,53140,,Sam,,,
Jamie,Davis1829,jamie.davis1829@example.com,(414) 555-1829,Appleton,WI,54911,,,,,
Cameron,Hernandez1830,cameron.hernandez1830@example.com,(414) 555-1830,Milwaukee,WI,53202,Hernandez Properties,Pat,two kids,new roof last year,sump pump check
Drew,Wilson1831,drew.wilson1831@example.com,(414) 555-1831,Waukesha,WI,53186,,Chris,dog named Buddy,loves gardening,insurance deductible question
Reese,Taylor1832,reese.taylor1832@example.com,(414) 555-1832,Racine,WI,53403,,Alex,parents nearby,just remodeled kitchen,tree trim quote
Skyler,Martin1833,skyler.martin1833@example.com,(414) 555-1833,Madison,WI,53703,Martin Properties,Sam,,,
Parker,Williams1834,parker.williams1834@example.com,(414) 555-1834,Green Bay,WI,54301,,,,,
Blake,Garcia1835,blake.garcia1835@example.com,(414) 555-1835,Chicago,IL,60611,,Pat,two kids,new roof last year,sump pump check
Hayden,Rodriguez1836,hayden.rodriguez1836@example.com,(414) 555-1836,Evanston,IL,60201,Rodriguez Properties,Chris,dog named Buddy,loves gardening,insurance deductible question
Rowan,Lopez1837,rowan.lopez1837@example.com,(414) 555-1837,Brookfield,WI,53005,,Alex,parents nearby,just remodeled kitchen,tree trim quote
Sawyer,Anderson1838,sawyer.anderson1838@example.com,(414) 555-1838,Kenosha,WI,53140,,Sam,,,
Finley,Moore1839,finley.moore1839@example.com,(414) 555-1839,Appleton,WI,54911,Moore Properties,,,,
Alex,Smith1840,alex.smith1840@example.com,(414) 555-1840,Milwaukee,WI,53202,,Pat,two kids,new roof last year,sump pump check
Jordan,Brown1841,jordan.brown1841@example.com,(414) 555-1841,Waukesha,WI,53186,,Chris,dog named Buddy,loves gardening,insurance deductible question
Sam,Miller1842,sam.miller1842@example.com,(414) 555-1842,Racine,WI,53403,Miller Properties,Alex,parents nearby,just remodeled kitchen,tree trim quote
Taylor,Martinez1843,taylor.martinez1843@example.com,(414) 555-1843,Madison,WI,53703,,Sam,,,
Casey,Gonzalez1844,casey.gonzalez1844@example.com,(414) 555-1844,Green Bay,WI,54301,,,,,
Riley,Thomas1845,riley.thomas1845@example.com,(414) 555-1845,Chicago,IL,60611,Thomas Properties,Pat,two kids,new roof last year,sump pump check
Morgan,Jackson1846,morgan.jackson1846@example.com,(414) 555-1846,Evanston,IL,60201,,Chris,dog named Buddy,loves gardening,insurance deductible question
Avery,Johnson1847,avery.johnson1847@example.com,(414) 555-1847,Brookfield,WI,53005,,Alex,parents nearby,just remodeled kitchen,tree trim quote
Quinn,Jones1848,quinn.jones1848@example.com,(414) 555-1848,Kenosha,WI,53140,Jones Properties,Sam,,,
Jamie,Davis1849,jamie.davis1849@example.com,(414) 555-1849,Appleton,WI,54911,,,,,
Cameron,Hernandez1850,cameron.hernandez1850@example.com,(414) 555-1850,Milwaukee,WI,53202,,Pat,two kids,new roof last year,sump pump check
Drew,Wilson1851,drew.wilson1851@example.com,(414) 555-1851,Waukesha,WI,53186,Wilson Properties,Chris,dog named Buddy,loves gardening,insurance deductible question
Reese,Taylor1852,reese.taylor1852@example.com,(414) 555-1852,Racine,WI,53403,,Alex,parents nearby,just remodeled kitchen,tree trim quote
Skyler,Martin1853,skyler.martin1853@example.com,(414) 555-1853,Madison,WI,53703,,Sam,,,
Parker,Williams1854,parker.williams1854@example.com,(414) 555-1854,Green Bay,WI,54301,Williams Properties,,,,
Blake,Garcia1855,blake.garcia1855@example.com,(414) 555-1855,Chicago,IL,60611,,Pat,two kids,new roof last year,sump pump check
Hayden,Rodriguez1856,hayden.rodriguez1856@example.com,(414) 555-1856,Evanston,IL,60201,,Chris,dog named Buddy,loves gardening,insurance deductible question
Rowan,Lopez1857,rowan.lopez1857@example.com,(414) 555-1857,Brookfield,WI,53005,Lopez Properties,Alex,parents nearby,just remodeled kitchen,tree trim quote
Sawyer,Anderson1858,sawyer.anderson1858@example.com,(414) 555-1858,Kenosha,WI,53140,,Sam,,,
Finley,Moore1859,finley.moore1859@example.com,(414) 555-1859,Appleton,WI,54911,,,,,
Alex,Smith1860,alex.smith1860@example.com,(414) 555-1860,Milwaukee,WI,53202,Smith Properties,Pat,two kids,new roof last year,sump pump check
Jordan,Brown1861,jordan.brown1861@example.com,(414) 555-1861,Waukesha,WI,53186,,Chris,dog named Buddy,loves gardening,insurance deductible question
Sam,Miller1862,sam.miller1862@example.com,(414) 555-1862,Racine,WI,53403,,Alex,parents nearby,just remodeled kitchen,tree trim quote
Taylor,Martinez1863,taylor.martinez1863@example.com,(414) 555-1863,Madison,WI,53703,Martinez Properties,Sam,,,
Casey,Gonzalez1864,casey.gonzalez1864@example.com,(414) 555-1864,Green Bay,WI,54301,,,,,
Riley,Thomas1865,riley.thomas1865@example.com,(414) 555-1865,Chicago,IL,60611,,Pat,two kids,new roof last year,sump pump check
Morgan,Jackson1866,morgan.jackson1866@example.com,(414) 555-1866,Evanston,IL,60201,Jackson Properties,Chris,dog named Buddy,loves gardening,insurance deductible question
Avery,Johnson1867,avery.johnson1867@example.com,(414) 555-1867,Brookfield,WI,53005,,Alex,parents nearby,just remodeled kitchen,tree trim quote
Quinn,Jones1868,quinn.jones1868@example.com,(414) 555-1868,Kenosha,WI,53140,,Sam,,,
Jamie,Davis1869,jamie.davis1869@example.com,(414) 555-1869,Appleton,WI,54911,Davis Properties,,,,
Cameron,Hernandez1870,cameron.hernandez1870@example.com,(414) 555-1870,Milwaukee,WI,53202,,Pat,two kids,new roof last year,sump pump check
Drew,Wilson1871,drew.wilson1871@example.com,(414) 555-1871,Waukesha,WI,53186,,Chris,dog named Buddy,loves gardening,insurance deductible question
Reese,Taylor1872,reese.taylor1872@example.com,(414) 555-1872,Racine,WI,53403,Taylor Properties,Alex,parents nearby,just remodeled kitchen,tree trim quote
Skyler,Martin1873,skyler.martin1873@example.com,(414) 555-1873,Madison,WI,53703,,Sam,,,
Parker,Williams1874,parker.williams1874@example.com,(414) 555-1874,Green Bay,WI,54301,,,,,
Blake,Garcia1875,blake.garcia1875@example.com,(414) 555-1875,Chicago,IL,60611,Garcia Properties,Pat,two kids,new roof last year,sump pump check
Hayden,Rodriguez1876,hayden.rodriguez1876@example.com,(414) 555-1876,Evanston,IL,60201,,Chris,dog named Buddy,loves gardening,insurance deductible question
Rowan,Lopez1877,rowan.lopez1877@example.com,(414) 555-1877,Brookfield,WI,53005,,Alex,parents nearby,just remodeled kitchen,tree trim quote
Sawyer,Anderson1878,sawyer.anderson1878@example.com,(414) 555-1878,Kenosha,WI,53140,Anderson Properties,Sam,,,
Finley,Moore1879,finley.moore1879@example.com,(414) 555-1879,Appleton,WI,54911,,,,,
Alex,Smith1880,alex.smith1880@example.com,(414) 555-1880,Milwaukee,WI,53202,,Pat,two kids,new roof last year,sump pump check
Jordan,Brown1881,jordan.brown1881@example.com,(414) 555-1881,Waukesha,WI,53186,Brown Properties,Chris,dog named Buddy,loves gardening,insurance deductible question
Sam,Miller1882,sam.miller1882@example.com,(414) 555-1882,Racine,WI,53403,,Alex,parents nearby,just remodeled kitchen,tree trim quote
Taylor,Martinez1883,taylor.martinez1883@example.com,(414) 555-1883,Madison,WI,53703,,Sam,,,
Casey,Gonzalez1884,casey.gonzalez1884@example.com,(414) 555-1884,Green Bay,WI,54301,Gonzalez Properties,,,,
Riley,Thomas1885,riley.thomas1885@example.com,(414) 555-1885,Chicago,IL,60611,,Pat,two kids,new roof last year,sump pump check
Morgan,Jackson1886,morgan.jackson1886@example.com,(414) 555-1886,Evanston,IL,60201,,Chris,dog named Buddy,loves gardening,insurance deductible question
Avery,Johnson1887,avery.johnson1887@example.com,(414) 555-1887,Brookfield,WI,53005,Johnson Properties,Alex,parents nearby,just remodeled kitchen,tree trim quote
Quinn,Jones1888,quinn.jones1888@example.com,(414) 555-1888,Kenosha,WI,53140,,Sam,,,
Jamie,Davis1889,jamie.davis1889@example.com,(414) 555-1889,Appleton,WI,54911,,,,,
Cameron,Hernandez1890,cameron.hernandez1890@example.com,(414) 555-1890,Milwaukee,WI,53202,Hernandez Properties,Pat,two kids,new roof last year,sump pump check
Drew,Wilson1891,drew.wilson1891@example.com,(414) 555-1891,Waukesha,WI,53186,,Chris,dog named Buddy,loves gardening,insurance deductible question
Reese,Taylor1892,reese.taylor1892@example.com,(414) 555-1892,Racine,WI,53403,,Alex,parents nearby,just remodeled kitchen,tree trim quote
Skyler,Martin1893,skyler.martin1893@example.com,(414) 555-1893,Madison,WI,53703,Martin Properties,Sam,,,
Parker,Williams1894,parker.williams1894@example.com,(414) 555-1894,Green Bay,WI,54301,,,,,
Blake,Garcia1895,blake.garcia1895@example.com,(414) 555-1895,Chicago,IL,60611,,Pat,two kids,new roof last year,sump pump check
Hayden,Rodriguez1896,hayden.rodriguez1896@example.com,(414) 555-1896,Evanston,IL,60201,Rodriguez Properties,Chris,dog named Buddy,loves gardening,insurance deductible question
Rowan,Lopez1897,rowan.lopez1897@example.com,(414) 555-1897,Brookfield,WI,53005,,Alex,parents nearby,just remodeled kitchen,tree trim quote
Sawyer,Anderson1898,sawyer.anderson1898@example.com,(414) 555-1898,Kenosha,WI,53140,,Sam,,,
Finley,Moore1899,finley.moore1899@example.com,(414) 555-1899,Appleton,WI,54911,Moore Properties,,,,
Alex,Smith1900,alex.smith1900@example.com,(414) 555-1900,Milwaukee,WI,53202,,Pat,two kids,new roof last year,sump pump check
Jordan,Brown1901,jordan.brown1901@example.com,(414) 555-1901,Waukesha,WI,53186,,Chris,dog named Buddy,loves gardening,insurance deductible question
Sam,Miller1902,sam.miller1902@example.com,(414) 555-1902,Racine,WI,53403,Miller Properties,Alex,parents nearby,just remodeled kitchen,tree trim quote
Taylor,Martinez1903,taylor.martinez1903@example.com,(414) 555-1903,Madison,WI,53703,,Sam,,,
Casey,Gonzalez1904,casey.gonzalez1904@example.com,(414) 555-1904,Green Bay,WI,54301,,,,,
Riley,Thomas1905,riley.thomas1905@example.com,(414) 555-1905,Chicago,IL,60611,Thomas Properties,Pat,two kids,new roof last year,sump pump check
Morgan,Jackson1906,morgan.jackson1906@example.com,(414) 555-1906,Evanston,IL,60201,,Chris,dog named Buddy,loves gardening,insurance deductible question
Avery,Johnson1907,avery.johnson1907@example.com,(414) 555-1907,Brookfield,WI,53005,,Alex,parents nearby,just remodeled kitchen,tree trim quote
Quinn,Jones1908,quinn.jones1908@example.com,(414) 555-1908,Kenosha,WI,53140,Jones Properties,Sam,,,
Jamie,Davis1909,jamie.davis1909@example.com,(414) 555-1909,Appleton,WI,54911,,,,,
Cameron,Hernandez1910,cameron.hernandez1910@example.com,(414) 555-1910,Milwaukee,WI,53202,,Pat,two kids,new roof last year,sump pump check
Drew,Wilson1911,drew.wilson1911@example.com,(414) 555-1911,Waukesha,WI,53186,Wilson Properties,Chris,dog named Buddy,loves gardening,insurance deductible question
Reese,Taylor1912,reese.taylor1912@example.com,(414) 555-1912,Racine,WI,53403,,Alex,parents nearby,just remodeled kitchen,tree trim quote
Skyler,Martin1913,skyler.martin1913@example.com,(414) 555-1913,Madison,WI,53703,,Sam,,,
Parker,Williams1914,parker.williams1914@example.com,(414) 555-1914,Green Bay,WI,54301,Williams Properties,,,,
Blake,Garcia1915,blake.garcia1915@example.com,(414) 555-1915,Chicago,IL,60611,,Pat,two kids,new roof last year,sump pump check
Hayden,Rodriguez1916,hayden.rodriguez1916@example.com,(414) 555-1916,Evanston,IL,60201,,Chris,dog named Buddy,loves gardening,insurance deductible question
Rowan,Lopez1917,rowan.lopez1917@example.com,(414) 555-1917,Brookfield,WI,53005,Lopez Properties,Alex,parents nearby,just remodeled kitchen,tree trim quote
Sawyer,Anderson1918,sawyer.anderson1918@example.com,(414) 555-1918,Kenosha,WI,53140,,Sam,,,
Finley,Moore1919,finley.moore1919@example.com,(414) 555-1919,Appleton,WI,54911,,,,,
Alex,Smith1920,alex.smith1920@example.com,(414) 555-1920,Milwaukee,WI,53202,Smith Properties,Pat,two kids,new roof last year,sump pump check
Jordan,Brown1921,jordan.brown1921@example.com,(414) 555-1921,Waukesha,WI,53186,,Chris,dog named Buddy,loves gardening,insurance deductible question
Sam,Miller1922,sam.miller1922@example.com,(414) 555-1922,Racine,WI,53403,,Alex,parents nearby,just remodeled kitchen,tree trim quote
Taylor,Martinez1923,taylor.martinez1923@example.com,(414) 555-1923,Madison,WI,53703,Martinez Properties,Sam,,,
Casey,Gonzalez1924,casey.gonzalez1924@example.com,(414) 555-1924,Green Bay,WI,54301,,,,,
Riley,Thomas1925,riley.thomas1925@example.com,(414) 555-1925,Chicago,IL,60611,,Pat,two kids,new roof last year,sump pump check
Morgan,Jackson1926,morgan.jackson1926@example.com,(414) 555-1926,Evanston,IL,60201,Jackson Properties,Chris,dog named Buddy,loves gardening,insurance deductible question
Avery,Johnson1927,avery.johnson1927@example.com,(414) 555-1927,Brookfield,WI,53005,,Alex,parents nearby,just remodeled kitchen,tree trim quote
Quinn,Jones1928,quinn.jones1928@example.com,(414) 555-1928,Kenosha,WI,53140,,Sam,,,
Jamie,Davis1929,jamie.davis1929@example.com,(414) 555-1929,Appleton,WI,54911,Davis Properties,,,,
Cameron,Hernandez1930,cameron.hernandez1930@example.com,(414) 555-1930,Milwaukee,WI,53202,,Pat,two kids,new roof last year,sump pump check
Drew,Wilson1931,drew.wilson1931@example.com,(414) 555-1931,Waukesha,WI,53186,,Chris,dog named Buddy,loves gardening,insurance deductible question
Reese,Taylor1932,reese.taylor1932@example.com,(414) 555-1932,Racine,WI,53403,Taylor Properties,Alex,parents nearby,just remodeled kitchen,tree trim quote
Skyler,Martin1933,skyler.martin1933@example.com,(414) 555-1933,Madison,WI,53703,,Sam,,,
Parker,Williams1934,parker.williams1934@example.com,(414) 555-1934,Green Bay,WI,54301,,,,,
Blake,Garcia1935,blake.garcia1935@example.com,(414) 555-1935,Chicago,IL,60611,Garcia Properties,Pat,two kids,new roof last year,sump pump check
Hayden,Rodriguez1936,hayden.rodriguez1936@example.com,(414) 555-1936,Evanston,IL,60201,,Chris,dog named Buddy,loves gardening,insurance deductible question
Rowan,Lopez1937,rowan.lopez1937@example.com,(414) 555-1937,Brookfield,WI,53005,,Alex,parents nearby,just remodeled kitchen,tree trim quote
Sawyer,Anderson1938,sawyer.anderson1938@example.com,(414) 555-1938,Kenosha,WI,53140,Anderson Properties,Sam,,,
Finley,Moore1939,finley.moore1939@example.com,(414) 555-1939,Appleton,WI,54911,,,,,
Alex,Smith1940,alex.smith1940@example.com,(414) 555-1940,Milwaukee,WI,53202,,Pat,two kids,new roof last year,sump pump check
Jordan,Brown1941,jordan.brown1941@example.com,(414) 555-1941,Waukesha,WI,53186,Brown Properties,Chris,dog named Buddy,loves gardening,insurance deductible question
Sam,Miller1942,sam.miller1942@example.com,(414) 555-1942,Racine,WI,53403,,Alex,parents nearby,just remodeled kitchen,tree trim quote
Taylor,Martinez1943,taylor.martinez1943@example.com,(414) 555-1943,Madison,WI,53703,,Sam,,,
Casey,Gonzalez1944,casey.gonzalez1944@example.com,(414) 555-1944,Green Bay,WI,54301,Gonzalez Properties,,,,
Riley,Thomas1945,riley.thomas1945@example.com,(414) 555-1945,Chicago,IL,60611,,Pat,two kids,new roof last year,sump pump check
Morgan,Jackson1946,morgan.jackson1946@example.com,(414) 555-1946,Evanston,IL,60201,,Chris,dog named Buddy,loves gardening,insurance deductible question
Avery,Johnson1947,avery.johnson1947@example.com,(414) 555-1947,Brookfield,WI,53005,Johnson Properties,Alex,parents nearby,just remodeled kitchen,tree trim quote
Quinn,Jones1948,quinn.jones1948@example.com,(414) 555-1948,Kenosha,WI,53140,,Sam,,,
Jamie,Davis1949,jamie.davis1949@example.com,(414) 555-1949,Appleton,WI,54911,,,,,
Cameron,Hernandez1950,cameron.hernandez1950@example.com,(414) 555-1950,Milwaukee,WI,53202,Hernandez Properties,Pat,two kids,new roof last year,sump pump check
Drew,Wilson1951,drew.wilson1951@example.com,(414) 555-1951,Waukesha,WI,53186,,Chris,dog named Buddy,loves gardening,insurance deductible question
Reese,Taylor1952,reese.taylor1952@example.com,(414) 555-1952,Racine,WI,53403,,Alex,parents nearby,just remodeled kitchen,tree trim quote
Skyler,Martin1953,skyler.martin1953@example.com,(414) 555-1953,Madison,WI,53703,Martin Properties,Sam,,,
Parker,Williams1954,parker.williams1954@example.com,(414) 555-1954,Green Bay,WI,54301,,,,,
Blake,Garcia1955,blake.garcia1955@example.com,(414) 555-1955,Chicago,IL,60611,,Pat,two kids,new roof last year,sump pump check
Hayden,Rodriguez1956,hayden.rodriguez1956@example.com,(414) 555-1956,Evanston,IL,60201,Rodriguez Properties,Chris,dog named Buddy,loves gardening,insurance deductible question
Rowan,Lopez1957,rowan.lopez1957@example.com,(414) 555-1957,Brookfield,WI,53005,,Alex,parents nearby,just remodeled kitchen,tree trim quote
Sawyer,Anderson1958,sawyer.anderson1958@example.com,(414) 555-1958,Kenosha,WI,53140,,Sam,,,
Finley,Moore1959,finley.moore1959@example.com,(414) 555-1959,Appleton,WI,54911,Moore Properties,,,,
Alex,Smith1960,alex.smith1960@example.com,(414) 555-1960,Milwaukee,WI,53202,,Pat,two kids,new roof last year,sump pump check
Jordan,Brown1961,jordan.brown1961@example.com,(414) 555-1961,Waukesha,WI,53186,,Chris,dog named Buddy,loves gardening,insurance deductible question
Sam,Miller1962,sam.miller1962@example.com,(414) 555-1962,Racine,WI,53403,Miller Properties,Alex,parents nearby,just remodeled kitchen,tree trim quote
Taylor,Martinez1963,taylor.martinez1963@example.com,(414) 555-1963,Madison,WI,53703,,Sam,,,
Casey,Gonzalez1964,casey.gonzalez1964@example.com,(414) 555-1964,Green Bay,WI,54301,,,,,
Riley,Thomas1965,riley.thomas1965@example.com,(414) 555-1965,Chicago,IL,60611,Thomas Properties,Pat,two kids,new roof last year,sump pump check
Morgan,Jackson1966,morgan.jackson1966@example.com,(414) 555-1966,Evanston,IL,60201,,Chris,dog named Buddy,loves gardening,insurance deductible question
Avery,Johnson1967,avery.johnson1967@example.com,(414) 555-1967,Brookfield,WI,53005,,Alex,parents nearby,just remodeled kitchen,tree trim quote
Quinn,Jones1968,quinn.jones1968@example.com,(414) 555-1968,Kenosha,WI,53140,Jones Properties,Sam,,,
Jamie,Davis1969,jamie.davis1969@example.com,(414) 555-1969,Appleton,WI,54911,,,,,
Cameron,Hernandez1970,cameron.hernandez1970@example.com,(414) 555-1970,Milwaukee,WI,53202,,Pat,two kids,new roof last year,sump pump check
Drew,Wilson1971,drew.wilson1971@example.com,(414) 555-1971,Waukesha,WI,53186,Wilson Properties,Chris,dog named Buddy,loves gardening,insurance deductible question
Reese,Taylor1972,reese.taylor1972@example.com,(414) 555-1972,Racine,WI,53403,,Alex,parents nearby,just remodeled kitchen,tree trim quote
Skyler,Martin1973,skyler.martin1973@example.com,(414) 555-1973,Madison,WI,53703,,Sam,,,
Parker,Williams1974,parker.williams1974@example.com,(414) 555-1974,Green Bay,WI,54301,Williams Properties,,,,
Blake,Garcia1975,blake.garcia1975@example.com,(414) 555-1975,Chicago,IL,60611,,Pat,two kids,new roof last year,sump pump check
Hayden,Rodriguez1976,hayden.rodriguez1976@example.com,(414) 555-1976,Evanston,IL,60201,,Chris,dog named Buddy,loves gardening,insurance deductible question
Rowan,Lopez1977,rowan.lopez1977@example.com,(414) 555-1977,Brookfield,WI,53005,Lopez Properties,Alex,parents nearby,just remodeled kitchen,tree trim quote
Sawyer,Anderson1978,sawyer.anderson1978@example.com,(414) 555-1978,Kenosha,WI,53140,,Sam,,,
Finley,Moore1979,finley.moore1979@example.com,(414) 555-1979,Appleton,WI,54911,,,,,
Alex,Smith1980,alex.smith1980@example.com,(414) 555-1980,Milwaukee,WI,53202,Smith Properties,Pat,two kids,new roof last year,sump pump check
Jordan,Brown1981,jordan.brown1981@example.com,(414) 555-1981,Waukesha,WI,53186,,Chris,dog named Buddy,loves gardening,insurance deductible question
Sam,Miller1982,sam.miller1982@example.com,(414) 555-1982,Racine,WI,53403,,Alex,parents nearby,just remodeled kitchen,tree trim quote
Taylor,Martinez1983,taylor.martinez1983@example.com,(414) 555-1983,Madison,WI,53703,Martinez Properties,Sam,,,
Casey,Gonzalez1984,casey.gonzalez1984@example.com,(414) 555-1984,Green Bay,WI,54301,,,,,
Riley,Thomas1985,riley.thomas1985@example.com,(414) 555-1985,Chicago,IL,60611,,Pat,two kids,new roof last year,sump pump check
Morgan,Jackson1986,morgan.jackson1986@example.com,(414) 555-1986,Evanston,IL,60201,Jackson Properties,Chris,dog named Buddy,loves gardening,insurance deductible question
Avery,Johnson1987,avery.johnson1987@example.com,(414) 555-1987,Brookfield,WI,53005,,Alex,parents nearby,just remodeled kitchen,tree trim quote
Quinn,Jones1988,quinn.jones1988@example.com,(414) 555-1988,Kenosha,WI,53140,,Sam,,,
Jamie,Davis1989,jamie.davis1989@example.com,(414) 555-1989,Appleton,WI,54911,Davis Properties,,,,
Cameron,Hernandez1990,cameron.hernandez1990@example.com,(414) 555-1990,Milwaukee,WI,53202,,Pat,two kids,new roof last year,sump pump check
Drew,Wilson1991,drew.wilson1991@example.com,(414) 555-1991,Waukesha,WI,53186,,Chris,dog named Buddy,loves gardening,insurance deductible question
Reese,Taylor1992,reese.taylor1992@example.com,(414) 555-1992,Racine,WI,53403,Taylor Properties,Alex,parents nearby,just remodeled kitchen,tree trim quote
Skyler,Martin1993,skyler.martin1993@example.com,(414) 555-1993,Madison,WI,53703,,Sam,,,
Parker,Williams1994,parker.williams1994@example.com,(414) 555-1994,Green Bay,WI,54301,,,,,
Blake,Garcia1995,blake.garcia1995@example.com,(414) 555-1995,Chicago,IL,60611,Garcia Properties,Pat,two kids,new roof last year,sump pump check
Hayden,Rodriguez1996,hayden.rodriguez1996@example.com,(414) 555-1996,Evanston,IL,60201,,Chris,dog named Buddy,loves gardening,insurance deductible question
Rowan,Lopez1997,rowan.lopez1997@example.com,(414) 555-1997,Brookfield,WI,53005,,Alex,parents nearby,just remodeled kitchen,tree trim quote
Sawyer,Anderson1998,sawyer.anderson1998@example.com,(414) 555-1998,Kenosha,WI,53140,Anderson Properties,Sam,,,
Finley,Moore1999,finley.moore1999@example.com,(414) 555-1999,Appleton,WI,54911,,,,,
Alex,Smith2000,alex.smith2000@example.com,(414) 555-2000,Milwaukee,WI,53202,,Pat,two kids,new roof last year,sump pump check
Jordan,Brown2001,jordan.brown2001@example.com,(414) 555-2001,Waukesha,WI,53186,Brown Properties,Chris,dog named Buddy,loves gardening,insurance deductible question
Sam,Miller2002,sam.miller2002@example.com,(414) 555-2002,Racine,WI,53403,,Alex,parents nearby,just remodeled kitchen,tree trim quote
Taylor,Martinez2003,taylor.martinez2003@example.com,(414) 555-2003,Madison,WI,53703,,Sam,,,
Casey,Gonzalez2004,casey.gonzalez2004@example.com,(414) 555-2004,Green Bay,WI,54301,Gonzalez Properties,,,,
Riley,Thomas2005,riley.thomas2005@example.com,(414) 555-2005,Chicago,IL,60611,,Pat,two kids,new roof last year,sump pump check
Morgan,Jackson2006,morgan.jackson2006@example.com,(414) 555-2006,Evanston,IL,60201,,Chris,dog named Buddy,loves gardening,insurance deductible question
Avery,Johnson2007,avery.johnson2007@example.com,(414) 555-2007,Brookfield,WI,53005,Johnson Properties,Alex,parents nearby,just remodeled kitchen,tree trim quote
Quinn,Jones2008,quinn.jones2008@example.com,(414) 555-2008,Kenosha,WI,53140,,Sam,,,
Jamie,Davis2009,jamie.davis2009@example.com,(414) 555-2009,Appleton,WI,54911,,,,,
Cameron,Hernandez2010,cameron.hernandez2010@example.com,(414) 555-2010,Milwaukee,WI,53202,Hernandez Properties,Pat,two kids,new roof last year,sump pump check
Drew,Wilson2011,drew.wilson2011@example.com,(414) 555-2011,Waukesha,WI,53186,,Chris,dog named Buddy,loves gardening,insurance deductible question
Reese,Taylor2012,reese.taylor2012@example.com,(414) 555-2012,Racine,WI,53403,,Alex,parents nearby,just remodeled kitchen,tree trim quote
Skyler,Martin2013,skyler.martin2013@example.com,(414) 555-2013,Madison,WI,53703,Martin Properties,Sam,,,
Parker,Williams2014,parker.williams2014@example.com,(414) 555-2014,Green Bay,WI,54301,,,,,
Blake,Garcia2015,blake.garcia2015@example.com,(414) 555-2015,Chicago,IL,60611,,Pat,two kids,new roof last year,sump pump check
Hayden,Rodriguez2016,hayden.rodriguez2016@example.com,(414) 555-2016,Evanston,IL,60201,Rodriguez Properties,Chris,dog named Buddy,loves gardening,insurance deductible question
Rowan,Lopez2017,rowan.lopez2017@example.com,(414) 555-2017,Brookfield,WI,53005,,Alex,parents nearby,just remodeled kitchen,tree trim quote
Sawyer,Anderson2018,sawyer.anderson2018@example.com,(414) 555-2018,Kenosha,WI,53140,,Sam,,,
Finley,Moore2019,finley.moore2019@example.com,(414) 555-2019,Appleton,WI,54911,Moore Properties,,,,
Alex,Smith2020,alex.smith2020@example.com,(414) 555-2020,Milwaukee,WI,53202,,Pat,two kids,new roof last year,sump pump check
Jordan,Brown2021,jordan.brown2021@example.com,(414) 555-2021,Waukesha,WI,53186,,Chris,dog named Buddy,loves gardening,insurance deductible question
Sam,Miller2022,sam.miller2022@example.com,(414) 555-2022,Racine,WI,53403,Miller Properties,Alex,parents nearby,just remodeled kitchen,tree trim quote
Taylor,Martinez2023,taylor.martinez2023@example.com,(414) 555-2023,Madison,WI,53703,,Sam,,,
Casey,Gonzalez2024,casey.gonzalez2024@example.com,(414) 555-2024,Green Bay,WI,54301,,,,,
Riley,Thomas2025,riley.thomas2025@example.com,(414) 555-2025,Chicago,IL,60611,Thomas Properties,Pat,two kids,new roof last year,sump pump check
Morgan,Jackson2026,morgan.jackson2026@example.com,(414) 555-2026,Evanston,IL,60201,,Chris,dog named Buddy,loves gardening,insurance deductible question
Avery,Johnson2027,avery.johnson2027@example.com,(414) 555-2027,Brookfield,WI,53005,,Alex,parents nearby,just remodeled kitchen,tree trim quote
Quinn,Jones2028,quinn.jones2028@example.com,(414) 555-2028,Kenosha,WI,53140,Jones Properties,Sam,,,
Jamie,Davis2029,jamie.davis2029@example.com,(414) 555-2029,Appleton,WI,54911,,,,,
Cameron,Hernandez2030,cameron.hernandez2030@example.com,(414) 555-2030,Milwaukee,WI,53202,,Pat,two kids,new roof last year,sump pump check
Drew,Wilson2031,drew.wilson2031@example.com,(414) 555-2031,Waukesha,WI,53186,Wilson Properties,Chris,dog named Buddy,loves gardening,insurance deductible question
Reese,Taylor2032,reese.taylor2032@example.com,(414) 555-2032,Racine,WI,53403,,Alex,parents nearby,just remodeled kitchen,tree trim quote
Skyler,Martin2033,skyler.martin2033@example.com,(414) 555-2033,Madison,WI,53703,,Sam,,,
Parker,Williams2034,parker.williams2034@example.com,(414) 555-2034,Green Bay,WI,54301,Williams Properties,,,,
Blake,Garcia2035,blake.garcia2035@example.com,(414) 555-2035,Chicago,IL,60611,,Pat,two kids,new roof last year,sump pump check
Hayden,Rodriguez2036,hayden.rodriguez2036@example.com,(414) 555-2036,Evanston,IL,60201,,Chris,dog named Buddy,loves gardening,insurance deductible question
Rowan,Lopez2037,rowan.lopez2037@example.com,(414) 555-2037,Brookfield,WI,53005,Lopez Properties,Alex,parents nearby,just remodeled kitchen,tree trim quote
Sawyer,Anderson2038,sawyer.anderson2038@example.com,(414) 555-2038,Kenosha,WI,53140,,Sam,,,
Finley,Moore2039,finley.moore2039@example.com,(414) 555-2039,Appleton,WI,54911,,,,,
Alex,Smith2040,alex.smith2040@example.com,(414) 555-2040,Milwaukee,WI,53202,Smith Properties,Pat,two kids,new roof last year,sump pump check
Jordan,Brown2041,jordan.brown2041@example.com,(414) 555-2041,Waukesha,WI,53186,,Chris,dog named Buddy,loves gardening,insurance deductible question
Sam,Miller2042,sam.miller2042@example.com,(414) 555-2042,Racine,WI,53403,,Alex,parents nearby,just remodeled kitchen,tree trim quote
Taylor,Martinez2043,taylor.martinez2043@example.com,(414) 555-2043,Madison,WI,53703,Martinez Properties,Sam,,,
Casey,Gonzalez2044,casey.gonzalez2044@example.com,(414) 555-2044,Green Bay,WI,54301,,,,,
Riley,Thomas2045,riley.thomas2045@example.com,(414) 555-2045,Chicago,IL,60611,,Pat,two kids,new roof last year,sump pump check
Morgan,Jackson2046,morgan.jackson2046@example.com,(414) 555-2046,Evanston,IL,60201,Jackson Properties,Chris,dog named Buddy,loves gardening,insurance deductible question
Avery,Johnson2047,avery.johnson2047@example.com,(414) 555-2047,Brookfield,WI,53005,,Alex,parents nearby,just remodeled kitchen,tree trim quote
Quinn,Jones2048,quinn.jones2048@example.com,(414) 555-2048,Kenosha,WI,53140,,Sam,,,
Jamie,Davis2049,jamie.davis2049@example.com,(414) 555-2049,Appleton,WI,54911,Davis Properties,,,,
Cameron,Hernandez2050,cameron.hernandez2050@example.com,(414) 555-2050,Milwaukee,WI,53202,,Pat,two kids,new roof last year,sump pump check
Drew,Wilson2051,drew.wilson2051@example.com,(414) 555-2051,Waukesha,WI,53186,,Chris,dog named Buddy,loves gardening,insurance deductible question
Reese,Taylor2052,reese.taylor2052@example.com,(414) 555-2052,Racine,WI,53403,Taylor Properties,Alex,parents nearby,just remodeled kitchen,tree trim quote
Skyler,Martin2053,skyler.martin2053@example.com,(414) 555-2053,Madison,WI,53703,,Sam,,,
Parker,Williams2054,parker.williams2054@example.com,(414) 555-2054,Green Bay,WI,54301,,,,,
Blake,Garcia2055,blake.garcia2055@example.com,(414) 555-2055,Chicago,IL,60611,Garcia Properties,Pat,two kids,new roof last year,sump pump check
Hayden,Rodriguez2056,hayden.rodriguez2056@example.com,(414) 555-2056,Evanston,IL,60201,,Chris,dog named Buddy,loves gardening,insurance deductible question
Rowan,Lopez2057,rowan.lopez2057@example.com,(414) 555-2057,Brookfield,WI,53005,,Alex,parents nearby,just remodeled kitchen,tree trim quote
Sawyer,Anderson2058,sawyer.anderson2058@example.com,(414) 555-2058,Kenosha,WI,53140,Anderson Properties,Sam,,,
Finley,Moore2059,finley.moore2059@example.com,(414) 555-2059,Appleton,WI,54911,,,,,
Alex,Smith2060,alex.smith2060@example.com,(414) 555-2060,Milwaukee,WI,53202,,Pat,two kids,new roof last year,sump pump check
Jordan,Brown2061,jordan.brown2061@example.com,(414) 555-2061,Waukesha,WI,53186,Brown Properties,Chris,dog named Buddy,loves gardening,insurance deductible question
Sam,Miller2062,sam.miller2062@example.com,(414) 555-2062,Racine,WI,53403,,Alex,parents nearby,just remodeled kitchen,tree trim quote
Taylor,Martinez2063,taylor.martinez2063@example.com,(414) 555-2063,Madison,WI,53703,,Sam,,,
Casey,Gonzalez2064,casey.gonzalez2064@example.com,(414) 555-2064,Green Bay,WI,54301,Gonzalez Properties,,,,
Riley,Thomas2065,riley.thomas2065@example.com,(414) 555-2065,Chicago,IL,60611,,Pat,two kids,new roof last year,sump pump check
Morgan,Jackson2066,morgan.jackson2066@example.com,(414) 555-2066,Evanston,IL,60201,,Chris,dog named Buddy,loves gardening,insurance deductible question
Avery,Johnson2067,avery.johnson2067@example.com,(414) 555-2067,Brookfield,WI,53005,Johnson Properties,Alex,parents nearby,just remodeled kitchen,tree trim quote
Quinn,Jones2068,quinn.jones2068@example.com,(414) 555-2068,Kenosha,WI,53140,,Sam,,,
Jamie,Davis2069,jamie.davis2069@example.com,(414) 555-2069,Appleton,WI,54911,,,,,
Cameron,Hernandez2070,cameron.hernandez2070@example.com,(414) 555-2070,Milwaukee,WI,53202,Hernandez Properties,Pat,two kids,new roof last year,sump pump check
Drew,Wilson2071,drew.wilson2071@example.com,(414) 555-2071,Waukesha,WI,53186,,Chris,dog named Buddy,loves gardening,insurance deductible question
Reese,Taylor2072,reese.taylor2072@example.com,(414) 555-2072,Racine,WI,53403,,Alex,parents nearby,just remodeled kitchen,tree trim quote
Skyler,Martin2073,skyler.martin2073@example.com,(414) 555-2073,Madison,WI,53703,Martin Properties,Sam,,,
Parker,Williams2074,parker.williams2074@example.com,(414) 555-2074,Green Bay,WI,54301,,,,,
Blake,Garcia2075,blake.garcia2075@example.com,(414) 555-2075,Chicago,IL,60611,,Pat,two kids,new roof last year,sump pump check
Hayden,Rodriguez2076,hayden.rodriguez2076@example.com,(414) 555-2076,Evanston,IL,60201,Rodriguez Properties,Chris,dog named Buddy,loves gardening,insurance deductible question
Rowan,Lopez2077,rowan.lopez2077@example.com,(414) 555-2077,Brookfield,WI,53005,,Alex,parents nearby,just remodeled kitchen,tree trim quote
Sawyer,Anderson2078,sawyer.anderson2078@example.com,(414) 555-2078,Kenosha,WI,53140,,Sam,,,
Finley,Moore2079,finley.moore2079@example.com,(414) 555-2079,Appleton,WI,54911,Moore Properties,,,,
Alex,Smith2080,alex.smith2080@example.com,(414) 555-2080,Milwaukee,WI,53202,,Pat,two kids,new roof last year,sump pump check
Jordan,Brown2081,jordan.brown2081@example.com,(414) 555-2081,Waukesha,WI,53186,,Chris,dog named Buddy,loves gardening,insurance deductible question
Sam,Miller2082,sam.miller2082@example.com,(414) 555-2082,Racine,WI,53403,Miller Properties,Alex,parents nearby,just remodeled kitchen,tree trim quote
Taylor,Martinez2083,taylor.martinez2083@example.com,(414) 555-2083,Madison,WI,53703,,Sam,,,
Casey,Gonzalez2084,casey.gonzalez2084@example.com,(414) 555-2084,Green Bay,WI,54301,,,,,
Riley,Thomas2085,riley.thomas2085@example.com,(414) 555-2085,Chicago,IL,60611,Thomas Properties,Pat,two kids,new roof last year,sump pump check
Morgan,Jackson2086,morgan.jackson2086@example.com,(414) 555-2086,Evanston,IL,60201,,Chris,dog named Buddy,loves gardening,insurance deductible question
Avery,Johnson2087,avery.johnson2087@example.com,(414) 555-2087,Brookfield,WI,53005,,Alex,parents nearby,just remodeled kitchen,tree trim quote
Quinn,Jones2088,quinn.jones2088@example.com,(414) 555-2088,Kenosha,WI,53140,Jones Properties,Sam,,,
Jamie,Davis2089,jamie.davis2089@example.com,(414) 555-2089,Appleton,WI,54911,,,,,
Cameron,Hernandez2090,cameron.hernandez2090@example.com,(414) 555-2090,Milwaukee,WI,53202,,Pat,two kids,new roof last year,sump pump check
Drew,Wilson2091,drew.wilson2091@example.com,(414) 555-2091,Waukesha,WI,53186,Wilson Properties,Chris,dog named Buddy,loves gardening,insurance deductible question
Reese,Taylor2092,reese.taylor2092@example.com,(414) 555-2092,Racine,WI,53403,,Alex,parents nearby,just remodeled kitchen,tree trim quote
Skyler,Martin2093,skyler.martin2093@example.com,(414) 555-2093,Madison,WI,53703,,Sam,,,
Parker,Williams2094,parker.williams2094@example.com,(414) 555-2094,Green Bay,WI,54301,Williams Properties,,,,
Blake,Garcia2095,blake.garcia2095@example.com,(414) 555-2095,Chicago,IL,60611,,Pat,two kids,new roof last year,sump pump check
Hayden,Rodriguez2096,hayden.rodriguez2096@example.com,(414) 555-2096,Evanston,IL,60201,,Chris,dog named Buddy,loves gardening,insurance deductible question
Rowan,Lopez2097,rowan.lopez2097@example.com,(414) 555-2097,Brookfield,WI,53005,Lopez Properties,Alex,parents nearby,just remodeled kitchen,tree trim quote
Sawyer,Anderson2098,sawyer.anderson2098@example.com,(414) 555-2098,Kenosha,WI,53140,,Sam,,,
Finley,Moore2099,finley.moore2099@example.com,(414) 555-2099,Appleton,WI,54911,,,,,
Alex,Smith2100,alex.smith2100@example.com,(414) 555-2100,Milwaukee,WI,53202,Smith Properties,Pat,two kids,new roof last year,sump pump check
Jordan,Brown2101,jordan.brown2101@example.com,(414) 555-2101,Waukesha,WI,53186,,Chris,dog named Buddy,loves gardening,insurance deductible question
Sam,Miller2102,sam.miller2102@example.com,(414) 555-2102,Racine,WI,53403,,Alex,parents nearby,just remodeled kitchen,tree trim quote
Taylor,Martinez2103,taylor.martinez2103@example.com,(414) 555-2103,Madison,WI,53703,Martinez Properties,Sam,,,
Casey,Gonzalez2104,casey.gonzalez2104@example.com,(414) 555-2104,Green Bay,WI,54301,,,,,
Riley,Thomas2105,riley.thomas2105@example.com,(414) 555-2105,Chicago,IL,60611,,Pat,two kids,new roof last year,sump pump check
Morgan,Jackson2106,morgan.jackson2106@example.com,(414) 555-2106,Evanston,IL,60201,Jackson Properties,Chris,dog named Buddy,loves gardening,insurance deductible question
Avery,Johnson2107,avery.johnson2107@example.com,(414) 555-2107,Brookfield,WI,53005,,Alex,parents nearby,just remodeled kitchen,tree trim quote
Quinn,Jones2108,quinn.jones2108@example.com,(414) 555-2108,Kenosha,WI,53140,,Sam,,,
Jamie,Davis2109,jamie.davis2109@example.com,(414) 555-2109,Appleton,WI,54911,Davis Properties,,,,
Cameron,Hernandez2110,cameron.hernandez2110@example.com,(414) 555-2110,Milwaukee,WI,53202,,Pat,two kids,new roof last year,sump pump check
Drew,Wilson2111,drew.wilson2111@example.com,(414) 555-2111,Waukesha,WI,53186,,Chris,dog named Buddy,loves gardening,insurance deductible question
Reese,Taylor2112,reese.taylor2112@example.com,(414) 555-2112,Racine,WI,53403,Taylor Properties,Alex,parents nearby,just remodeled kitchen,tree trim quote
Skyler,Martin2113,skyler.martin2113@example.com,(414) 555-2113,Madison,WI,53703,,Sam,,,
Parker,Williams2114,parker.williams2114@example.com,(414) 555-2114,Green Bay,WI,54301,,,,,
Blake,Garcia2115,blake.garcia2115@example.com,(414) 555-2115,Chicago,IL,60611,Garcia Properties,Pat,two kids,new roof last year,sump pump check
Hayden,Rodriguez2116,hayden.rodriguez2116@example.com,(414) 555-2116,Evanston,IL,60201,,Chris,dog named Buddy,loves gardening,insurance deductible question
Rowan,Lopez2117,rowan.lopez2117@example.com,(414) 555-2117,Brookfield,WI,53005,,Alex,parents nearby,just remodeled kitchen,tree trim quote
Sawyer,Anderson2118,sawyer.anderson2118@example.com,(414) 555-2118,Kenosha,WI,53140,Anderson Properties,Sam,,,
Finley,Moore2119,finley.moore2119@example.com,(414) 555-2119,Appleton,WI,54911,,,,,
Alex,Smith2120,alex.smith2120@example.com,(414) 555-2120,Milwaukee,WI,53202,,Pat,two kids,new roof last year,sump pump check
Jordan,Brown2121,jordan.brown2121@example.com,(414) 555-2121,Waukesha,WI,53186,Brown Properties,Chris,dog named Buddy,loves gardening,insurance deductible question
Sam,Miller2122,sam.miller2122@example.com,(414) 555-2122,Racine,WI,53403,,Alex,parents nearby,just remodeled kitchen,tree trim quote
Taylor,Martinez2123,taylor.martinez2123@example.com,(414) 555-2123,Madison,WI,53703,,Sam,,,
Casey,Gonzalez2124,casey.gonzalez2124@example.com,(414) 555-2124,Green Bay,WI,54301,Gonzalez Properties,,,,
Riley,Thomas2125,riley.thomas2125@example.com,(414) 555-2125,Chicago,IL,60611,,Pat,two kids,new roof last year,sump pump check
Morgan,Jackson2126,morgan.jackson2126@example.com,(414) 555-2126,Evanston,IL,60201,,Chris,dog named Buddy,loves gardening,insurance deductible question
Avery,Johnson2127,avery.johnson2127@example.com,(414) 555-2127,Brookfield,WI,53005,Johnson Properties,Alex,parents nearby,just remodeled kitchen,tree trim quote
Quinn,Jones2128,quinn.jones2128@example.com,(414) 555-2128,Kenosha,WI,53140,,Sam,,,
Jamie,Davis2129,jamie.davis2129@example.com,(414) 555-2129,Appleton,WI,54911,,,,,
Cameron,Hernandez2130,cameron.hernandez2130@example.com,(414) 555-2130,Milwaukee,WI,53202,Hernandez Properties,Pat,two kids,new roof last year,sump pump check
Drew,Wilson2131,drew.wilson2131@example.com,(414) 555-2131,Waukesha,WI,53186,,Chris,dog named Buddy,loves gardening,insurance deductible question
Reese,Taylor2132,reese.taylor2132@example.com,(414) 555-2132,Racine,WI,53403,,Alex,parents nearby,just remodeled kitchen,tree trim quote
Skyler,Martin2133,skyler.martin2133@example.com,(414) 555-2133,Madison,WI,53703,Martin Properties,Sam,,,
Parker,Williams2134,parker.williams2134@example.com,(414) 555-2134,Green Bay,WI,54301,,,,,
Blake,Garcia2135,blake.garcia2135@example.com,(414) 555-2135,Chicago,IL,60611,,Pat,two kids,new roof last year,sump pump check
Hayden,Rodriguez2136,hayden.rodriguez2136@example.com,(414) 555-2136,Evanston,IL,60201,Rodriguez Properties,Chris,dog named Buddy,loves gardening,insurance deductible question
Rowan,Lopez2137,rowan.lopez2137@example.com,(414) 555-2137,Brookfield,WI,53005,,Alex,parents nearby,just remodeled kitchen,tree trim quote
Sawyer,Anderson2138,sawyer.anderson2138@example.com,(414) 555-2138,Kenosha,WI,53140,,Sam,,,
Finley,Moore2139,finley.moore2139@example.com,(414) 555-2139,Appleton,WI,54911,Moore Properties,,,,
Alex,Smith2140,alex.smith2140@example.com,(414) 555-2140,Milwaukee,WI,53202,,Pat,two kids,new roof last year,sump pump check
Jordan,Brown2141,jordan.brown2141@example.com,(414) 555-2141,Waukesha,WI,53186,,Chris,dog named Buddy,loves gardening,insurance deductible question
Sam,Miller2142,sam.miller2142@example.com,(414) 555-2142,Racine,WI,53403,Miller Properties,Alex,parents nearby,just remodeled kitchen,tree trim quote
Taylor,Martinez2143,taylor.martinez2143@example.com,(414) 555-2143,Madison,WI,53703,,Sam,,,
Casey,Gonzalez2144,casey.gonzalez2144@example.com,(414) 555-2144,Green Bay,WI,54301,,,,,
Riley,Thomas2145,riley.thomas2145@example.com,(414) 555-2145,Chicago,IL,60611,Thomas Properties,Pat,two kids,new roof last year,sump pump check
Morgan,Jackson2146,morgan.jackson2146@example.com,(414) 555-2146,Evanston,IL,60201,,Chris,dog named Buddy,loves gardening,insurance deductible question
Avery,Johnson2147,avery.johnson2147@example.com,(414) 555-2147,Brookfield,WI,53005,,Alex,parents nearby,just remodeled kitchen,tree trim quote
Quinn,Jones2148,quinn.jones2148@example.com,(414) 555-2148,Kenosha,WI,53140,Jones Properties,Sam,,,
Jamie,Davis2149,jamie.davis2149@example.com,(414) 555-2149,Appleton,WI,54911,,,,,
Cameron,Hernandez2150,cameron.hernandez2150@example.com,(414) 555-2150,Milwaukee,WI,53202,,Pat,two kids,new roof last year,sump pump check
Drew,Wilson2151,drew.wilson2151@example.com,(414) 555-2151,Waukesha,WI,53186,Wilson Properties,Chris,dog named Buddy,loves gardening,insurance deductible question
Reese,Taylor2152,reese.taylor2152@example.com,(414) 555-2152,Racine,WI,53403,,Alex,parents nearby,just remodeled kitchen,tree trim quote
Skyler,Martin2153,skyler.martin2153@example.com,(414) 555-2153,Madison,WI,53703,,Sam,,,
Parker,Williams2154,parker.williams2154@example.com,(414) 555-2154,Green Bay,WI,54301,Williams Properties,,,,
Blake,Garcia2155,blake.garcia2155@example.com,(414) 555-2155,Chicago,IL,60611,,Pat,two kids,new roof last year,sump pump check
Hayden,Rodriguez2156,hayden.rodriguez2156@example.com,(414) 555-2156,Evanston,IL,60201,,Chris,dog named Buddy,loves gardening,insurance deductible question
Rowan,Lopez2157,rowan.lopez2157@example.com,(414) 555-2157,Brookfield,WI,53005,Lopez Properties,Alex,parents nearby,just remodeled kitchen,tree trim quote
Sawyer,Anderson2158,sawyer.anderson2158@example.com,(414) 555-2158,Kenosha,WI,53140,,Sam,,,
Finley,Moore2159,finley.moore2159@example.com,(414) 555-2159,Appleton,WI,54911,,,,,
Alex,Smith2160,alex.smith2160@example.com,(414) 555-2160,Milwaukee,WI,53202,Smith Properties,Pat,two kids,new roof last year,sump pump check
Jordan,Brown2161,jordan.brown2161@example.com,(414) 555-2161,Waukesha,WI,53186,,Chris,dog named Buddy,loves gardening,insurance deductible question
Sam,Miller2162,sam.miller2162@example.com,(414) 555-2162,Racine,WI,53403,,Alex,parents nearby,just remodeled kitchen,tree trim quote
Taylor,Martinez2163,taylor.martinez2163@example.com,(414) 555-2163,Madison,WI,53703,Martinez Properties,Sam,,,
Casey,Gonzalez2164,casey.gonzalez2164@example.com,(414) 555-2164,Green Bay,WI,54301,,,,,
Riley,Thomas2165,riley.thomas2165@example.com,(414) 555-2165,Chicago,IL,60611,,Pat,two kids,new roof last year,sump pump check
Morgan,Jackson2166,morgan.jackson2166@example.com,(414) 555-2166,Evanston,IL,60201,Jackson Properties,Chris,dog named Buddy,loves gardening,insurance deductible question
Avery,Johnson2167,avery.johnson2167@example.com,(414) 555-2167,Brookfield,WI,53005,,Alex,parents nearby,just remodeled kitchen,tree trim quote
Quinn,Jones2168,quinn.jones2168@example.com,(414) 555-2168,Kenosha,WI,53140,,Sam,,,
Jamie,Davis2169,jamie.davis2169@example.com,(414) 555-2169,Appleton,WI,54911,Davis Properties,,,,
Cameron,Hernandez2170,cameron.hernandez2170@example.com,(414) 555-2170,Milwaukee,WI,53202,,Pat,two kids,new roof last year,sump pump check
Drew,Wilson2171,drew.wilson2171@example.com,(414) 555-2171,Waukesha,WI,53186,,Chris,dog named Buddy,loves gardening,insurance deductible question
Reese,Taylor2172,reese.taylor2172@example.com,(414) 555-2172,Racine,WI,53403,Taylor Properties,Alex,parents nearby,just remodeled kitchen,tree trim quote
Skyler,Martin2173,skyler.martin2173@example.com,(414) 555-2173,Madison,WI,53703,,Sam,,,
Parker,Williams2174,parker.williams2174@example.com,(414) 555-2174,Green Bay,WI,54301,,,,,
Blake,Garcia2175,blake.garcia2175@example.com,(414) 555-2175,Chicago,IL,60611,Garcia Properties,Pat,two kids,new roof last year,sump pump check
Hayden,Rodriguez2176,hayden.rodriguez2176@example.com,(414) 555-2176,Evanston,IL,60201,,Chris,dog named Buddy,loves gardening,insurance deductible question
Rowan,Lopez2177,rowan.lopez2177@example.com,(414) 555-2177,Brookfield,WI,53005,,Alex,parents nearby,just remodeled kitchen,tree trim quote
Sawyer,Anderson2178,sawyer.anderson2178@example.com,(414) 555-2178,Kenosha,WI,53140,Anderson Properties,Sam,,,
Finley,Moore2179,finley.moore2179@example.com,(414) 555-2179,Appleton,WI,54911,,,,,
Alex,Smith2180,alex.smith2180@example.com,(414) 555-2180,Milwaukee,WI,53202,,Pat,two kids,new roof last year,sump pump check
Jordan,Brown2181,jordan.brown2181@example.com,(414) 555-2181,Waukesha,WI,53186,Brown Properties,Chris,dog named Buddy,loves gardening,insurance deductible question
Sam,Miller2182,sam.miller2182@example.com,(414) 555-2182,Racine,WI,53403,,Alex,parents nearby,just remodeled kitchen,tree trim quote
Taylor,Martinez2183,taylor.martinez2183@example.com,(414) 555-2183,Madison,WI,53703,,Sam,,,
Casey,Gonzalez2184,casey.gonzalez2184@example.com,(414) 555-2184,Green Bay,WI,54301,Gonzalez Properties,,,,
Riley,Thomas2185,riley.thomas2185@example.com,(414) 555-2185,Chicago,IL,60611,,Pat,two kids,new roof last year,sump pump check
Morgan,Jackson2186,morgan.jackson2186@example.com,(414) 555-2186,Evanston,IL,60201,,Chris,dog named Buddy,loves gardening,insurance deductible question
Avery,Johnson2187,avery.johnson2187@example.com,(414) 555-2187,Brookfield,WI,53005,Johnson Properties,Alex,parents nearby,just remodeled kitchen,tree trim quote
Quinn,Jones2188,quinn.jones2188@example.com,(414) 555-2188,Kenosha,WI,53140,,Sam,,,
Jamie,Davis2189,jamie.davis2189@example.com,(414) 555-2189,Appleton,WI,54911,,,,,
Cameron,Hernandez2190,cameron.hernandez2190@example.com,(414) 555-2190,Milwaukee,WI,53202,Hernandez Properties,Pat,two kids,new roof last year,sump pump check
Drew,Wilson2191,drew.wilson2191@example.com,(414) 555-2191,Waukesha,WI,53186,,Chris,dog named Buddy,loves gardening,insurance deductible question
Reese,Taylor2192,reese.taylor2192@example.com,(414) 555-2192,Racine,WI,53403,,Alex,parents nearby,just remodeled kitchen,tree trim quote
Skyler,Martin2193,skyler.martin2193@example.com,(414) 555-2193,Madison,WI,53703,Martin Properties,Sam,,,
Parker,Williams2194,parker.williams2194@example.com,(414) 555-2194,Green Bay,WI,54301,,,,,
Blake,Garcia2195,blake.garcia2195@example.com,(414) 555-2195,Chicago,IL,60611,,Pat,two kids,new roof last year,sump pump check
Hayden,Rodriguez2196,hayden.rodriguez2196@example.com,(414) 555-2196,Evanston,IL,60201,Rodriguez Properties,Chris,dog named Buddy,loves gardening,insurance deductible question
Rowan,Lopez2197,rowan.lopez2197@example.com,(414) 555-2197,Brookfield,WI,53005,,Alex,parents nearby,just remodeled kitchen,tree trim quote
Sawyer,Anderson2198,sawyer.anderson2198@example.com,(414) 555-2198,Kenosha,WI,53140,,Sam,,,
Finley,Moore2199,finley.moore2199@example.com,(414) 555-2199,Appleton,WI,54911,Moore Properties,,,,
Alex,Smith2200,alex.smith2200@example.com,(414) 555-2200,Milwaukee,WI,53202,,Pat,two kids,new roof last year,sump pump check
Jordan,Brown2201,jordan.brown2201@example.com,(414) 555-2201,Waukesha,WI,53186,,Chris,dog named Buddy,loves gardening,insurance deductible question
Sam,Miller2202,sam.miller2202@example.com,(414) 555-2202,Racine,WI,53403,Miller Properties,Alex,parents nearby,just remodeled kitchen,tree trim quote
Taylor,Martinez2203,taylor.martinez2203@example.com,(414) 555-2203,Madison,WI,53703,,Sam,,,
Casey,Gonzalez2204,casey.gonzalez2204@example.com,(414) 555-2204,Green Bay,WI,54301,,,,,
Riley,Thomas2205,riley.thomas2205@example.com,(414) 555-2205,Chicago,IL,60611,Thomas Properties,Pat,two kids,new roof last year,sump pump check
Morgan,Jackson2206,morgan.jackson2206@example.com,(414) 555-2206,Evanston,IL,60201,,Chris,dog named Buddy,loves gardening,insurance deductible question
Avery,Johnson2207,avery.johnson2207@example.com,(414) 555-2207,Brookfield,WI,53005,,Alex,parents nearby,just remodeled kitchen,tree trim quote
Quinn,Jones2208,quinn.jones2208@example.com,(414) 555-2208,Kenosha,WI,53140,Jones Properties,Sam,,,
Jamie,Davis2209,jamie.davis2209@example.com,(414) 555-2209,Appleton,WI,54911,,,,,
Cameron,Hernandez2210,cameron.hernandez2210@example.com,(414) 555-2210,Milwaukee,WI,53202,,Pat,two kids,new roof last year,sump pump check
Drew,Wilson2211,drew.wilson2211@example.com,(414) 555-2211,Waukesha,WI,53186,Wilson Properties,Chris,dog named Buddy,loves gardening,insurance deductible question
Reese,Taylor2212,reese.taylor2212@example.com,(414) 555-2212,Racine,WI,53403,,Alex,parents nearby,just remodeled kitchen,tree trim quote
Skyler,Martin2213,skyler.martin2213@example.com,(414) 555-2213,Madison,WI,53703,,Sam,,,
Parker,Williams2214,parker.williams2214@example.com,(414) 555-2214,Green Bay,WI,54301,Williams Properties,,,,
Blake,Garcia2215,blake.garcia2215@example.com,(414) 555-2215,Chicago,IL,60611,,Pat,two kids,new roof last year,sump pump check
Hayden,Rodriguez2216,hayden.rodriguez2216@example.com,(414) 555-2216,Evanston,IL,60201,,Chris,dog named Buddy,loves gardening,insurance deductible question
Rowan,Lopez2217,rowan.lopez2217@example.com,(414) 555-2217,Brookfield,WI,53005,Lopez Properties,Alex,parents nearby,just remodeled kitchen,tree trim quote
Sawyer,Anderson2218,sawyer.anderson2218@example.com,(414) 555-2218,Kenosha,WI,53140,,Sam,,,
Finley,Moore2219,finley.moore2219@example.com,(414) 555-2219,Appleton,WI,54911,,,,,
Alex,Smith2220,alex.smith2220@example.com,(414) 555-2220,Milwaukee,WI,53202,Smith Properties,Pat,two kids,new roof last year,sump pump check
Jordan,Brown2221,jordan.brown2221@example.com,(414) 555-2221,Waukesha,WI,53186,,Chris,dog named Buddy,loves gardening,insurance deductible question
Sam,Miller2222,sam.miller2222@example.com,(414) 555-2222,Racine,WI,53403,,Alex,parents nearby,just remodeled kitchen,tree trim quote
Taylor,Martinez2223,taylor.martinez2223@example.com,(414) 555-2223,Madison,WI,53703,Martinez Properties,Sam,,,
Casey,Gonzalez2224,casey.gonzalez2224@example.com,(414) 555-2224,Green Bay,WI,54301,,,,,
Riley,Thomas2225,riley.thomas2225@example.com,(414) 555-2225,Chicago,IL,60611,,Pat,two kids,new roof last year,sump pump check
Morgan,Jackson2226,morgan.jackson2226@example.com,(414) 555-2226,Evanston,IL,60201,Jackson Properties,Chris,dog named Buddy,loves gardening,insurance deductible question
Avery,Johnson2227,avery.johnson2227@example.com,(414) 555-2227,Brookfield,WI,53005,,Alex,parents nearby,just remodeled kitchen,tree trim quote
Quinn,Jones2228,quinn.jones2228@example.com,(414) 555-2228,Kenosha,WI,53140,,Sam,,,
Jamie,Davis2229,jamie.davis2229@example.com,(414) 555-2229,Appleton,WI,54911,Davis Properties,,,,
Cameron,Hernandez2230,cameron.hernandez2230@example.com,(414) 555-2230,Milwaukee,WI,53202,,Pat,two kids,new roof last year,sump pump check
Drew,Wilson2231,drew.wilson2231@example.com,(414) 555-2231,Waukesha,WI,53186,,Chris,dog named Buddy,loves gardening,insurance deductible question
Reese,Taylor2232,reese.taylor2232@example.com,(414) 555-2232,Racine,WI,53403,Taylor Properties,Alex,parents nearby,just remodeled kitchen,tree trim quote
Skyler,Martin2233,skyler.martin2233@example.com,(414) 555-2233,Madison,WI,53703,,Sam,,,
Parker,Williams2234,parker.williams2234@example.com,(414) 555-2234,Green Bay,WI,54301,,,,,
Blake,Garcia2235,blake.garcia2235@example.com,(414) 555-2235,Chicago,IL,60611,Garcia Properties,Pat,two kids,new roof last year,sump pump check
Hayden,Rodriguez2236,hayden.rodriguez2236@example.com,(414) 555-2236,Evanston,IL,60201,,Chris,dog named Buddy,loves gardening,insurance deductible question
Rowan,Lopez2237,rowan.lopez2237@example.com,(414) 555-2237,Brookfield,WI,53005,,Alex,parents nearby,just remodeled kitchen,tree trim quote
Sawyer,Anderson2238,sawyer.anderson2238@example.com,(414) 555-2238,Kenosha,WI,53140,Anderson Properties,Sam,,,
Finley,Moore2239,finley.moore2239@example.com,(414) 555-2239,Appleton,WI,54911,,,,,
Alex,Smith2240,alex.smith2240@example.com,(414) 555-2240,Milwaukee,WI,53202,,Pat,two kids,new roof last year,sump pump check
Jordan,Brown2241,jordan.brown2241@example.com,(414) 555-2241,Waukesha,WI,53186,Brown Properties,Chris,dog named Buddy,loves gardening,insurance deductible question
Sam,Miller2242,sam.miller2242@example.com,(414) 555-2242,Racine,WI,53403,,Alex,parents nearby,just remodeled kitchen,tree trim quote
Taylor,Martinez2243,taylor.martinez2243@example.com,(414) 555-2243,Madison,WI,53703,,Sam,,,
Casey,Gonzalez2244,casey.gonzalez2244@example.com,(414) 555-2244,Green Bay,WI,54301,Gonzalez Properties,,,,
Riley,Thomas2245,riley.thomas2245@example.com,(414) 555-2245,Chicago,IL,60611,,Pat,two kids,new roof last year,sump pump check
Morgan,Jackson2246,morgan.jackson2246@example.com,(414) 555-2246,Evanston,IL,60201,,Chris,dog named Buddy,loves gardening,insurance deductible question
Avery,Johnson2247,avery.johnson2247@example.com,(414) 555-2247,Brookfield,WI,53005,Johnson Properties,Alex,parents nearby,just remodeled kitchen,tree trim quote
Quinn,Jones2248,quinn.jones2248@example.com,(414) 555-2248,Kenosha,WI,53140,,Sam,,,
Jamie,Davis2249,jamie.davis2249@example.com,(414) 555-2249,Appleton,WI,54911,,,,,
Cameron,Hernandez2250,cameron.hernandez2250@example.com,(414) 555-2250,Milwaukee,WI,53202,Hernandez Properties,Pat,two kids,new roof last year,sump pump check
Drew,Wilson2251,drew.wilson2251@example.com,(414) 555-2251,Waukesha,WI,53186,,Chris,dog named Buddy,loves gardening,insurance deductible question
Reese,Taylor2252,reese.taylor2252@example.com,(414) 555-2252,Racine,WI,53403,,Alex,parents nearby,just remodeled kitchen,tree trim quote
Skyler,Martin2253,skyler.martin2253@example.com,(414) 555-2253,Madison,WI,53703,Martin Properties,Sam,,,
Parker,Williams2254,parker.williams2254@example.com,(414) 555-2254,Green Bay,WI,54301,,,,,
Blake,Garcia2255,blake.garcia2255@example.com,(414) 555-2255,Chicago,IL,60611,,Pat,two kids,new roof last year,sump pump check
Hayden,Rodriguez2256,hayden.rodriguez2256@example.com,(414) 555-2256,Evanston,IL,60201,Rodriguez Properties,Chris,dog named Buddy,loves gardening,insurance deductible question
Rowan,Lopez2257,rowan.lopez2257@example.com,(414) 555-2257,Brookfield,WI,53005,,Alex,parents nearby,just remodeled kitchen,tree trim quote
Sawyer,Anderson2258,sawyer.anderson2258@example.com,(414) 555-2258,Kenosha,WI,53140,,Sam,,,
Finley,Moore2259,finley.moore2259@example.com,(414) 555-2259,Appleton,WI,54911,Moore Properties,,,,
Alex,Smith2260,alex.smith2260@example.com,(414) 555-2260,Milwaukee,WI,53202,,Pat,two kids,new roof last year,sump pump check
Jordan,Brown2261,jordan.brown2261@example.com,(414) 555-2261,Waukesha,WI,53186,,Chris,dog named Buddy,loves gardening,insurance deductible question
Sam,Miller2262,sam.miller2262@example.com,(414) 555-2262,Racine,WI,53403,Miller Properties,Alex,parents nearby,just remodeled kitchen,tree trim quote
Taylor,Martinez2263,taylor.martinez2263@example.com,(414) 555-2263,Madison,WI,53703,,Sam,,,
Casey,Gonzalez2264,casey.gonzalez2264@example.com,(414) 555-2264,Green Bay,WI,54301,,,,,
Riley,Thomas2265,riley.thomas2265@example.com,(414) 555-2265,Chicago,IL,60611,Thomas Properties,Pat,two kids,new roof last year,sump pump check
Morgan,Jackson2266,morgan.jackson2266@example.com,(414) 555-2266,Evanston,IL,60201,,Chris,dog named Buddy,loves gardening,insurance deductible question
Avery,Johnson2267,avery.johnson2267@example.com,(414) 555-2267,Brookfield,WI,53005,,Alex,parents nearby,just remodeled kitchen,tree trim quote
Quinn,Jones2268,quinn.jones2268@example.com,(414) 555-2268,Kenosha,WI,53140,Jones Properties,Sam,,,
Jamie,Davis2269,jamie.davis2269@example.com,(414) 555-2269,Appleton,WI,54911,,,,,
Cameron,Hernandez2270,cameron.hernandez2270@example.com,(414) 555-2270,Milwaukee,WI,53202,,Pat,two kids,new roof last year,sump pump check
Drew,Wilson2271,drew.wilson2271@example.com,(414) 555-2271,Waukesha,WI,53186,Wilson Properties,Chris,dog named Buddy,loves gardening,insurance deductible question
Reese,Taylor2272,reese.taylor2272@example.com,(414) 555-2272,Racine,WI,53403,,Alex,parents nearby,just remodeled kitchen,tree trim quote
Skyler,Martin2273,skyler.martin2273@example.com,(414) 555-2273,Madison,WI,53703,,Sam,,,
Parker,Williams2274,parker.williams2274@example.com,(414) 555-2274,Green Bay,WI,54301,Williams Properties,,,,
Blake,Garcia2275,blake.garcia2275@example.com,(414) 555-2275,Chicago,IL,60611,,Pat,two kids,new roof last year,sump pump check
Hayden,Rodriguez2276,hayden.rodriguez2276@example.com,(414) 555-2276,Evanston,IL,60201,,Chris,dog named Buddy,loves gardening,insurance deductible question
Rowan,Lopez2277,rowan.lopez2277@example.com,(414) 555-2277,Brookfield,WI,53005,Lopez Properties,Alex,parents nearby,just remodeled kitchen,tree trim quote
Sawyer,Anderson2278,sawyer.anderson2278@example.com,(414) 555-2278,Kenosha,WI,53140,,Sam,,,
Finley,Moore2279,finley.moore2279@example.com,(414) 555-2279,Appleton,WI,54911,,,,,
Alex,Smith2280,alex.smith2280@example.com,(414) 555-2280,Milwaukee,WI,53202,Smith Properties,Pat,two kids,new roof last year,sump pump check
Jordan,Brown2281,jordan.brown2281@example.com,(414) 555-2281,Waukesha,WI,53186,,Chris,dog named Buddy,loves gardening,insurance deductible question
Sam,Miller2282,sam.miller2282@example.com,(414) 555-2282,Racine,WI,53403,,Alex,parents nearby,just remodeled kitchen,tree trim quote
Taylor,Martinez2283,taylor.martinez2283@example.com,(414) 555-2283,Madison,WI,53703,Martinez Properties,Sam,,,
Casey,Gonzalez2284,casey.gonzalez2284@example.com,(414) 555-2284,Green Bay,WI,54301,,,,,
Riley,Thomas2285,riley.thomas2285@example.com,(414) 555-2285,Chicago,IL,60611,,Pat,two kids,new roof last year,sump pump check
Morgan,Jackson2286,morgan.jackson2286@example.com,(414) 555-2286,Evanston,IL,60201,Jackson Properties,Chris,dog named Buddy,loves gardening,insurance deductible question
Avery,Johnson2287,avery.johnson2287@example.com,(414) 555-2287,Brookfield,WI,53005,,Alex,parents nearby,just remodeled kitchen,tree trim quote
Quinn,Jones2288,quinn.jones2288@example.com,(414) 555-2288,Kenosha,WI,53140,,Sam,,,
Jamie,Davis2289,jamie.davis2289@example.com,(414) 555-2289,Appleton,WI,54911,Davis Properties,,,,
Cameron,Hernandez2290,cameron.hernandez2290@example.com,(414) 555-2290,Milwaukee,WI,53202,,Pat,two kids,new roof last year,sump pump check
Drew,Wilson2291,drew.wilson2291@example.com,(414) 555-2291,Waukesha,WI,53186,,Chris,dog named Buddy,loves gardening,insurance deductible question
Reese,Taylor2292,reese.taylor2292@example.com,(414) 555-2292,Racine,WI,53403,Taylor Properties,Alex,parents nearby,just remodeled kitchen,tree trim quote
Skyler,Martin2293,skyler.martin2293@example.com,(414) 555-2293,Madison,WI,53703,,Sam,,,
Parker,Williams2294,parker.williams2294@example.com,(414) 555-2294,Green Bay,WI,54301,,,,,
Blake,Garcia2295,blake.garcia2295@example.com,(414) 555-2295,Chicago,IL,60611,Garcia Properties,Pat,two kids,new roof last year,sump pump check
Hayden,Rodriguez2296,hayden.rodriguez2296@example.com,(414) 555-2296,Evanston,IL,60201,,Chris,dog named Buddy,loves gardening,insurance deductible question
Rowan,Lopez2297,rowan.lopez2297@example.com,(414) 555-2297,Brookfield,WI,53005,,Alex,parents nearby,just remodeled kitchen,tree trim quote
Sawyer,Anderson2298,sawyer.anderson2298@example.com,(414) 555-2298,Kenosha,WI,53140,Anderson Properties,Sam,,,
Finley,Moore2299,finley.moore2299@example.com,(414) 555-2299,Appleton,WI,54911,,,,,
Alex,Smith2300,alex.smith2300@example.com,(414) 555-2300,Milwaukee,WI,53202,,Pat,two kids,new roof last year,sump pump check
Jordan,Brown2301,jordan.brown2301@example.com,(414) 555-2301,Waukesha,WI,53186,Brown Properties,Chris,dog named Buddy,loves gardening,insurance deductible question
Sam,Miller2302,sam.miller2302@example.com,(414) 555-2302,Racine,WI,53403,,Alex,parents nearby,just remodeled kitchen,tree trim quote
Taylor,Martinez2303,taylor.martinez2303@example.com,(414) 555-2303,Madison,WI,53703,,Sam,,,
Casey,Gonzalez2304,casey.gonzalez2304@example.com,(414) 555-2304,Green Bay,WI,54301,Gonzalez Properties,,,,
Riley,Thomas2305,riley.thomas2305@example.com,(414) 555-2305,Chicago,IL,60611,,Pat,two kids,new roof last year,sump pump check
Morgan,Jackson2306,morgan.jackson2306@example.com,(414) 555-2306,Evanston,IL,60201,,Chris,dog named Buddy,loves gardening,insurance deductible question
Avery,Johnson2307,avery.johnson2307@example.com,(414) 555-2307,Brookfield,WI,53005,Johnson Properties,Alex,parents nearby,just remodeled kitchen,tree trim quote
Quinn,Jones2308,quinn.jones2308@example.com,(414) 555-2308,Kenosha,WI,53140,,Sam,,,
Jamie,Davis2309,jamie.davis2309@example.com,(414) 555-2309,Appleton,WI,54911,,,,,
Cameron,Hernandez2310,cameron.hernandez2310@example.com,(414) 555-2310,Milwaukee,WI,53202,Hernandez Properties,Pat,two kids,new roof last year,sump pump check
Drew,Wilson2311,drew.wilson2311@example.com,(414) 555-2311,Waukesha,WI,53186,,Chris,dog named Buddy,loves gardening,insurance deductible question
Reese,Taylor2312,reese.taylor2312@example.com,(414) 555-2312,Racine,WI,53403,,Alex,parents nearby,just remodeled kitchen,tree trim quote
Skyler,Martin2313,skyler.martin2313@example.com,(414) 555-2313,Madison,WI,53703,Martin Properties,Sam,,,
Parker,Williams2314,parker.williams2314@example.com,(414) 555-2314,Green Bay,WI,54301,,,,,
Blake,Garcia2315,blake.garcia2315@example.com,(414) 555-2315,Chicago,IL,60611,,Pat,two kids,new roof last year,sump pump check
Hayden,Rodriguez2316,hayden.rodriguez2316@example.com,(414) 555-2316,Evanston,IL,60201,Rodriguez Properties,Chris,dog named Buddy,loves gardening,insurance deductible question
Rowan,Lopez2317,rowan.lopez2317@example.com,(414) 555-2317,Brookfield,WI,53005,,Alex,parents nearby,just remodeled kitchen,tree trim quote
Sawyer,Anderson2318,sawyer.anderson2318@example.com,(414) 555-2318,Kenosha,WI,53140,,Sam,,,
Finley,Moore2319,finley.moore2319@example.com,(414) 555-2319,Appleton,WI,54911,Moore Properties,,,,
Alex,Smith2320,alex.smith2320@example.com,(414) 555-2320,Milwaukee,WI,53202,,Pat,two kids,new roof last year,sump pump check
Jordan,Brown2321,jordan.brown2321@example.com,(414) 555-2321,Waukesha,WI,53186,,Chris,dog named Buddy,loves gardening,insurance deductible question
Sam,Miller2322,sam.miller2322@example.com,(414) 555-2322,Racine,WI,53403,Miller Properties,Alex,parents nearby,just remodeled kitchen,tree trim quote
Taylor,Martinez2323,taylor.martinez2323@example.com,(414) 555-2323,Madison,WI,53703,,Sam,,,
Casey,Gonzalez2324,casey.gonzalez2324@example.com,(414) 555-2324,Green Bay,WI,54301,,,,,
Riley,Thomas2325,riley.thomas2325@example.com,(414) 555-2325,Chicago,IL,60611,Thomas Properties,Pat,two kids,new roof last year,sump pump check
Morgan,Jackson2326,morgan.jackson2326@example.com,(414) 555-2326,Evanston,IL,60201,,Chris,dog named Buddy,loves gardening,insurance deductible question
Avery,Johnson2327,avery.johnson2327@example.com,(414) 555-2327,Brookfield,WI,53005,,Alex,parents nearby,just remodeled kitchen,tree trim quote
Quinn,Jones2328,quinn.jones2328@example.com,(414) 555-2328,Kenosha,WI,53140,Jones Properties,Sam,,,
Jamie,Davis2329,jamie.davis2329@example.com,(414) 555-2329,Appleton,WI,54911,,,,,
Cameron,Hernandez2330,cameron.hernandez2330@example.com,(414) 555-2330,Milwaukee,WI,53202,,Pat,two kids,new roof last year,sump pump check
Drew,Wilson2331,drew.wilson2331@example.com,(414) 555-2331,Waukesha,WI,53186,Wilson Properties,Chris,dog named Buddy,loves gardening,insurance deductible question
Reese,Taylor2332,reese.taylor2332@example.com,(414) 555-2332,Racine,WI,53403,,Alex,parents nearby,just remodeled kitchen,tree trim quote
Skyler,Martin2333,skyler.martin2333@example.com,(414) 555-2333,Madison,WI,53703,,Sam,,,
Parker,Williams2334,parker.williams2334@example.com,(414) 555-2334,Green Bay,WI,54301,Williams Properties,,,,
Blake,Garcia2335,blake.garcia2335@example.com,(414) 555-2335,Chicago,IL,60611,,Pat,two kids,new roof last year,sump pump check
Hayden,Rodriguez2336,hayden.rodriguez2336@example.com,(414) 555-2336,Evanston,IL,60201,,Chris,dog named Buddy,loves gardening,insurance deductible question
Rowan,Lopez2337,rowan.lopez2337@example.com,(414) 555-2337,Brookfield,WI,53005,Lopez Properties,Alex,parents nearby,just remodeled kitchen,tree trim quote
Sawyer,Anderson2338,sawyer.anderson2338@example.com,(414) 555-2338,Kenosha,WI,53140,,Sam,,,
Finley,Moore2339,finley.moore2339@example.com,(414) 555-2339,Appleton,WI,54911,,,,,
Alex,Smith2340,alex.smith2340@example.com,(414) 555-2340,Milwaukee,WI,53202,Smith Properties,Pat,two kids,new roof last year,sump pump check
Jordan,Brown2341,jordan.brown2341@example.com,(414) 555-2341,Waukesha,WI,53186,,Chris,dog named Buddy,loves gardening,insurance deductible question
Sam,Miller2342,sam.miller2342@example.com,(414) 555-2342,Racine,WI,53403,,Alex,parents nearby,just remodeled kitchen,tree trim quote
Taylor,Martinez2343,taylor.martinez2343@example.com,(414) 555-2343,Madison,WI,53703,Martinez Properties,Sam,,,
Casey,Gonzalez2344,casey.gonzalez2344@example.com,(414) 555-2344,Green Bay,WI,54301,,,,,
Riley,Thomas2345,riley.thomas2345@example.com,(414) 555-2345,Chicago,IL,60611,,Pat,two kids,new roof last year,sump pump check
Morgan,Jackson2346,morgan.jackson2346@example.com,(414) 555-2346,Evanston,IL,60201,Jackson Properties,Chris,dog named Buddy,loves gardening,insurance deductible question
Avery,Johnson2347,avery.johnson2347@example.com,(414) 555-2347,Brookfield,WI,53005,,Alex,parents nearby,just remodeled kitchen,tree trim quote
Quinn,Jones2348,quinn.jones2348@example.com,(414) 555-2348,Kenosha,WI,53140,,Sam,,,
Jamie,Davis2349,jamie.davis2349@example.com,(414) 555-2349,Appleton,WI,54911,Davis Properties,,,,
Cameron,Hernandez2350,cameron.hernandez2350@example.com,(414) 555-2350,Milwaukee,WI,53202,,Pat,two kids,new roof last year,sump pump check
Drew,Wilson2351,drew.wilson2351@example.com,(414) 555-2351,Waukesha,WI,53186,,Chris,dog named Buddy,loves gardening,insurance deductible question
Reese,Taylor2352,reese.taylor2352@example.com,(414) 555-2352,Racine,WI,53403,Taylor Properties,Alex,parents nearby,just remodeled kitchen,tree trim quote
Skyler,Martin2353,skyler.martin2353@example.com,(414) 555-2353,Madison,WI,53703,,Sam,,,
Parker,Williams2354,parker.williams2354@example.com,(414) 555-2354,Green Bay,WI,54301,,,,,
Blake,Garcia2355,blake.garcia2355@example.com,(414) 555-2355,Chicago,IL,60611,Garcia Properties,Pat,two kids,new roof last year,sump pump check
Hayden,Rodriguez2356,hayden.rodriguez2356@example.com,(414) 555-2356,Evanston,IL,60201,,Chris,dog named Buddy,loves gardening,insurance deductible question
Rowan,Lopez2357,rowan.lopez2357@example.com,(414) 555-2357,Brookfield,WI,53005,,Alex,parents nearby,just remodeled kitchen,tree trim quote
Sawyer,Anderson2358,sawyer.anderson2358@example.com,(414) 555-2358,Kenosha,WI,53140,Anderson Properties,Sam,,,
Finley,Moore2359,finley.moore2359@example.com,(414) 555-2359,Appleton,WI,54911,,,,,
Alex,Smith2360,alex.smith2360@example.com,(414) 555-2360,Milwaukee,WI,53202,,Pat,two kids,new roof last year,sump pump check
Jordan,Brown2361,jordan.brown2361@example.com,(414) 555-2361,Waukesha,WI,53186,Brown Properties,Chris,dog named Buddy,loves gardening,insurance deductible question
Sam,Miller2362,sam.miller2362@example.com,(414) 555-2362,Racine,WI,53403,,Alex,parents nearby,just remodeled kitchen,tree trim quote
Taylor,Martinez2363,taylor.martinez2363@example.com,(414) 555-2363,Madison,WI,53703,,Sam,,,
Casey,Gonzalez2364,casey.gonzalez2364@example.com,(414) 555-2364,Green Bay,WI,54301,Gonzalez Properties,,,,
Riley,Thomas2365,riley.thomas2365@example.com,(414) 555-2365,Chicago,IL,60611,,Pat,two kids,new roof last year,sump pump check
Morgan,Jackson2366,morgan.jackson2366@example.com,(414) 555-2366,Evanston,IL,60201,,Chris,dog named Buddy,loves gardening,insurance deductible question
Avery,Johnson2367,avery.johnson2367@example.com,(414) 555-2367,Brookfield,WI,53005,Johnson Properties,Alex,parents nearby,just remodeled kitchen,tree trim quote
Quinn,Jones2368,quinn.jones2368@example.com,(414) 555-2368,Kenosha,WI,53140,,Sam,,,
Jamie,Davis2369,jamie.davis2369@example.com,(414) 555-2369,Appleton,WI,54911,,,,,
Cameron,Hernandez2370,cameron.hernandez2370@example.com,(414) 555-2370,Milwaukee,WI,53202,Hernandez Properties,Pat,two kids,new roof last year,sump pump check
Drew,Wilson2371,drew.wilson2371@example.com,(414) 555-2371,Waukesha,WI,53186,,Chris,dog named Buddy,loves gardening,insurance deductible question
Reese,Taylor2372,reese.taylor2372@example.com,(414) 555-2372,Racine,WI,53403,,Alex,parents nearby,just remodeled kitchen,tree trim quote
Skyler,Martin2373,skyler.martin2373@example.com,(414) 555-2373,Madison,WI,53703,Martin Properties,Sam,,,
Parker,Williams2374,parker.williams2374@example.com,(414) 555-2374,Green Bay,WI,54301,,,,,
Blake,Garcia2375,blake.garcia2375@example.com,(414) 555-2375,Chicago,IL,60611,,Pat,two kids,new roof last year,sump pump check
Hayden,Rodriguez2376,hayden.rodriguez2376@example.com,(414) 555-2376,Evanston,IL,60201,Rodriguez Properties,Chris,dog named Buddy,loves gardening,insurance deductible question
Rowan,Lopez2377,rowan.lopez2377@example.com,(414) 555-2377,Brookfield,WI,53005,,Alex,parents nearby,just remodeled kitchen,tree trim quote
Sawyer,Anderson2378,sawyer.anderson2378@example.com,(414) 555-2378,Kenosha,WI,53140,,Sam,,,
Finley,Moore2379,finley.moore2379@example.com,(414) 555-2379,Appleton,WI,54911,Moore Properties,,,,
Alex,Smith2380,alex.smith2380@example.com,(414) 555-2380,Milwaukee,WI,53202,,Pat,two kids,new roof last year,sump pump check
Jordan,Brown2381,jordan.brown2381@example.com,(414) 555-2381,Waukesha,WI,53186,,Chris,dog named Buddy,loves gardening,insurance deductible question
Sam,Miller2382,sam.miller2382@example.com,(414) 555-2382,Racine,WI,53403,Miller Properties,Alex,parents nearby,just remodeled kitchen,tree trim quote
Taylor,Martinez2383,taylor.martinez2383@example.com,(414) 555-2383,Madison,WI,53703,,Sam,,,
Casey,Gonzalez2384,casey.gonzalez2384@example.com,(414) 555-2384,Green Bay,WI,54301,,,,,
Riley,Thomas2385,riley.thomas2385@example.com,(414) 555-2385,Chicago,IL,60611,Thomas Properties,Pat,two kids,new roof last year,sump pump check
Morgan,Jackson2386,morgan.jackson2386@example.com,(414) 555-2386,Evanston,IL,60201,,Chris,dog named Buddy,loves gardening,insurance deductible question
Avery,Johnson2387,avery.johnson2387@example.com,(414) 555-2387,Brookfield,WI,53005,,Alex,parents nearby,just remodeled kitchen,tree trim quote
Quinn,Jones2388,quinn.jones2388@example.com,(414) 555-2388,Kenosha,WI,53140,Jones Properties,Sam,,,
Jamie,Davis2389,jamie.davis2389@example.com,(414) 555-2389,Appleton,WI,54911,,,,,
Cameron,Hernandez2390,cameron.hernandez2390@example.com,(414) 555-2390,Milwaukee,WI,53202,,Pat,two kids,new roof last year,sump pump check
Drew,Wilson2391,drew.wilson2391@example.com,(414) 555-2391,Waukesha,WI,53186,Wilson Properties,Chris,dog named Buddy,loves gardening,insurance deductible question
Reese,Taylor2392,reese.taylor2392@example.com,(414) 555-2392,Racine,WI,53403,,Alex,parents nearby,just remodeled kitchen,tree trim quote
Skyler,Martin2393,skyler.martin2393@example.com,(414) 555-2393,Madison,WI,53703,,Sam,,,
Parker,Williams2394,parker.williams2394@example.com,(414) 555-2394,Green Bay,WI,54301,Williams Properties,,,,
Blake,Garcia2395,blake.garcia2395@example.com,(414) 555-2395,Chicago,IL,60611,,Pat,two kids,new roof last year,sump pump check
Hayden,Rodriguez2396,hayden.rodriguez2396@example.com,(414) 555-2396,Evanston,IL,60201,,Chris,dog named Buddy,loves gardening,insurance deductible question
Rowan,Lopez2397,rowan.lopez2397@example.com,(414) 555-2397,Brookfield,WI,53005,Lopez Properties,Alex,parents nearby,just remodeled kitchen,tree trim quote
Sawyer,Anderson2398,sawyer.anderson2398@example.com,(414) 555-2398,Kenosha,WI,53140,,Sam,,,
Finley,Moore2399,finley.moore2399@example.com,(414) 555-2399,Appleton,WI,54911,,,,,
Alex,Smith2400,alex.smith2400@example.com,(414) 555-2400,Milwaukee,WI,53202,Smith Properties,Pat,two kids,new roof last year,sump pump check
Jordan,Brown2401,jordan.brown2401@example.com,(414) 555-2401,Waukesha,WI,53186,,Chris,dog named Buddy,loves gardening,insurance deductible question
Sam,Miller2402,sam.miller2402@example.com,(414) 555-2402,Racine,WI,53403,,Alex,parents nearby,just remodeled kitchen,tree trim quote
Taylor,Martinez2403,taylor.martinez2403@example.com,(414) 555-2403,Madison,WI,53703,Martinez Properties,Sam,,,
Casey,Gonzalez2404,casey.gonzalez2404@example.com,(414) 555-2404,Green Bay,WI,54301,,,,,
Riley,Thomas2405,riley.thomas2405@example.com,(414) 555-2405,Chicago,IL,60611,,Pat,two kids,new roof last year,sump pump check
Morgan,Jackson2406,morgan.jackson2406@example.com,(414) 555-2406,Evanston,IL,60201,Jackson Properties,Chris,dog named Buddy,loves gardening,insurance deductible question
Avery,Johnson2407,avery.johnson2407@example.com,(414) 555-2407,Brookfield,WI,53005,,Alex,parents nearby,just remodeled kitchen,tree trim quote
Quinn,Jones2408,quinn.jones2408@example.com,(414) 555-2408,Kenosha,WI,53140,,Sam,,,
Jamie,Davis2409,jamie.davis2409@example.com,(414) 555-2409,Appleton,WI,54911,Davis Properties,,,,
Cameron,Hernandez2410,cameron.hernandez2410@example.com,(414) 555-2410,Milwaukee,WI,53202,,Pat,two kids,new roof last year,sump pump check
Drew,Wilson2411,drew.wilson2411@example.com,(414) 555-2411,Waukesha,WI,53186,,Chris,dog named Buddy,loves gardening,insurance deductible question
Reese,Taylor2412,reese.taylor2412@example.com,(414) 555-2412,Racine,WI,53403,Taylor Properties,Alex,parents nearby,just remodeled kitchen,tree trim quote
Skyler,Martin2413,skyler.martin2413@example.com,(414) 555-2413,Madison,WI,53703,,Sam,,,
Parker,Williams2414,parker.williams2414@example.com,(414) 555-2414,Green Bay,WI,54301,,,,,
Blake,Garcia2415,blake.garcia2415@example.com,(414) 555-2415,Chicago,IL,60611,Garcia Properties,Pat,two kids,new roof last year,sump pump check
Hayden,Rodriguez2416,hayden.rodriguez2416@example.com,(414) 555-2416,Evanston,IL,60201,,Chris,dog named Buddy,loves gardening,insurance deductible question
Rowan,Lopez2417,rowan.lopez2417@example.com,(414) 555-2417,Brookfield,WI,53005,,Alex,parents nearby,just remodeled kitchen,tree trim quote
Sawyer,Anderson2418,sawyer.anderson2418@example.com,(414) 555-2418,Kenosha,WI,53140,Anderson Properties,Sam,,,
Finley,Moore2419,finley.moore2419@example.com,(414) 555-2419,Appleton,WI,54911,,,,,
Alex,Smith2420,alex.smith2420@example.com,(414) 555-2420,Milwaukee,WI,53202,,Pat,two kids,new roof last year,sump pump check
Jordan,Brown2421,jordan.brown2421@example.com,(414) 555-2421,Waukesha,WI,53186,Brown Properties,Chris,dog named Buddy,loves gardening,insurance deductible question
Sam,Miller2422,sam.miller2422@example.com,(414) 555-2422,Racine,WI,53403,,Alex,parents nearby,just remodeled kitchen,tree trim quote
Taylor,Martinez2423,taylor.martinez2423@example.com,(414) 555-2423,Madison,WI,53703,,Sam,,,
Casey,Gonzalez2424,casey.gonzalez2424@example.com,(414) 555-2424,Green Bay,WI,54301,Gonzalez Properties,,,,
Riley,Thomas2425,riley.thomas2425@example.com,(414) 555-2425,Chicago,IL,60611,,Pat,two kids,new roof last year,sump pump check
Morgan,Jackson2426,morgan.jackson2426@example.com,(414) 555-2426,Evanston,IL,60201,,Chris,dog named Buddy,loves gardening,insurance deductible question
Avery,Johnson2427,avery.johnson2427@example.com,(414) 555-2427,Brookfield,WI,53005,Johnson Properties,Alex,parents nearby,just remodeled kitchen,tree trim quote
Quinn,Jones2428,quinn.jones2428@example.com,(414) 555-2428,Kenosha,WI,53140,,Sam,,,
Jamie,Davis2429,jamie.davis2429@example.com,(414) 555-2429,Appleton,WI,54911,,,,,
Cameron,Hernandez2430,cameron.hernandez2430@example.com,(414) 555-2430,Milwaukee,WI,53202,Hernandez Properties,Pat,two kids,new roof last year,sump pump check
Drew,Wilson2431,drew.wilson2431@example.com,(414) 555-2431,Waukesha,WI,53186,,Chris,dog named Buddy,loves gardening,insurance deductible question
Reese,Taylor2432,reese.taylor2432@example.com,(414) 555-2432,Racine,WI,53403,,Alex,parents nearby,just remodeled kitchen,tree trim quote
Skyler,Martin2433,skyler.martin2433@example.com,(414) 555-2433,Madison,WI,53703,Martin Properties,Sam,,,
Parker,Williams2434,parker.williams2434@example.com,(414) 555-2434,Green Bay,WI,54301,,,,,
Blake,Garcia2435,blake.garcia2435@example.com,(414) 555-2435,Chicago,IL,60611,,Pat,two kids,new roof last year,sump pump check
Hayden,Rodriguez2436,hayden.rodriguez2436@example.com,(414) 555-2436,Evanston,IL,60201,Rodriguez Properties,Chris,dog named Buddy,loves gardening,insurance deductible question
Rowan,Lopez2437,rowan.lopez2437@example.com,(414) 555-2437,Brookfield,WI,53005,,Alex,parents nearby,just remodeled kitchen,tree trim quote
Sawyer,Anderson2438,sawyer.anderson2438@example.com,(414) 555-2438,Kenosha,WI,53140,,Sam,,,
Finley,Moore2439,finley.moore2439@example.com,(414) 555-2439,Appleton,WI,54911,Moore Properties,,,,
Alex,Smith2440,alex.smith2440@example.com,(414) 555-2440,Milwaukee,WI,53202,,Pat,two kids,new roof last year,sump pump check
Jordan,Brown2441,jordan.brown2441@example.com,(414) 555-2441,Waukesha,WI,53186,,Chris,dog named Buddy,loves gardening,insurance deductible question
Sam,Miller2442,sam.miller2442@example.com,(414) 555-2442,Racine,WI,53403,Miller Properties,Alex,parents nearby,just remodeled kitchen,tree trim quote
Taylor,Martinez2443,taylor.martinez2443@example.com,(414) 555-2443,Madison,WI,53703,,Sam,,,
Casey,Gonzalez2444,casey.gonzalez2444@example.com,(414) 555-2444,Green Bay,WI,54301,,,,,
Riley,Thomas2445,riley.thomas2445@example.com,(414) 555-2445,Chicago,IL,60611,Thomas Properties,Pat,two kids,new roof last year,sump pump check
Morgan,Jackson2446,morgan.jackson2446@example.com,(414) 555-2446,Evanston,IL,60201,,Chris,dog named Buddy,loves gardening,insurance deductible question
Avery,Johnson2447,avery.johnson2447@example.com,(414) 555-2447,Brookfield,WI,53005,,Alex,parents nearby,just remodeled kitchen,tree trim quote
Quinn,Jones2448,quinn.jones2448@example.com,(414) 555-2448,Kenosha,WI,53140,Jones Properties,Sam,,,
Jamie,Davis2449,jamie.davis2449@example.com,(414) 555-2449,Appleton,WI,54911,,,,,
Cameron,Hernandez2450,cameron.hernandez2450@example.com,(414) 555-2450,Milwaukee,WI,53202,,Pat,two kids,new roof last year,sump pump check
Drew,Wilson2451,drew.wilson2451@example.com,(414) 555-2451,Waukesha,WI,53186,Wilson Properties,Chris,dog named Buddy,loves gardening,insurance deductible question
Reese,Taylor2452,reese.taylor2452@example.com,(414) 555-2452,Racine,WI,53403,,Alex,parents nearby,just remodeled kitchen,tree trim quote
Skyler,Martin2453,skyler.martin2453@example.com,(414) 555-2453,Madison,WI,53703,,Sam,,,
Parker,Williams2454,parker.williams2454@example.com,(414) 555-2454,Green Bay,WI,54301,Williams Properties,,,,
Blake,Garcia2455,blake.garcia2455@example.com,(414) 555-2455,Chicago,IL,60611,,Pat,two kids,new roof last year,sump pump check
Hayden,Rodriguez2456,hayden.rodriguez2456@example.com,(414) 555-2456,Evanston,IL,60201,,Chris,dog named Buddy,loves gardening,insurance deductible question
Rowan,Lopez2457,rowan.lopez2457@example.com,(414) 555-2457,Brookfield,WI,53005,Lopez Properties,Alex,parents nearby,just remodeled kitchen,tree trim quote
Sawyer,Anderson2458,sawyer.anderson2458@example.com,(414) 555-2458,Kenosha,WI,53140,,Sam,,,
Finley,Moore2459,finley.moore2459@example.com,(414) 555-2459,Appleton,WI,54911,,,,,
Alex,Smith2460,alex.smith2460@example.com,(414) 555-2460,Milwaukee,WI,53202,Smith Properties,Pat,two kids,new roof last year,sump pump check
Jordan,Brown2461,jordan.brown2461@example.com,(414) 555-2461,Waukesha,WI,53186,,Chris,dog named Buddy,loves gardening,insurance deductible question
Sam,Miller2462,sam.miller2462@example.com,(414) 555-2462,Racine,WI,53403,,Alex,parents nearby,just remodeled kitchen,tree trim quote
Taylor,Martinez2463,taylor.martinez2463@example.com,(414) 555-2463,Madison,WI,53703,Martinez Properties,Sam,,,
Casey,Gonzalez2464,casey.gonzalez2464@example.com,(414) 555-2464,Green Bay,WI,54301,,,,,
Riley,Thomas2465,riley.thomas2465@example.com,(414) 555-2465,Chicago,IL,60611,,Pat,two kids,new roof last year,sump pump check
Morgan,Jackson2466,morgan.jackson2466@example.com,(414) 555-2466,Evanston,IL,60201,Jackson Properties,Chris,dog named Buddy,loves gardening,insurance deductible question
Avery,Johnson2467,avery.johnson2467@example.com,(414) 555-2467,Brookfield,WI,53005,,Alex,parents nearby,just remodeled kitchen,tree trim quote
Quinn,Jones2468,quinn.jones2468@example.com,(414) 555-2468,Kenosha,WI,53140,,Sam,,,
Jamie,Davis2469,jamie.davis2469@example.com,(414) 555-2469,Appleton,WI,54911,Davis Properties,,,,
Cameron,Hernandez2470,cameron.hernandez2470@example.com,(414) 555-2470,Milwaukee,WI,53202,,Pat,two kids,new roof last year,sump pump check
Drew,Wilson2471,drew.wilson2471@example.com,(414) 555-2471,Waukesha,WI,53186,,Chris,dog named Buddy,loves gardening,insurance deductible question
Reese,Taylor2472,reese.taylor2472@example.com,(414) 555-2472,Racine,WI,53403,Taylor Properties,Alex,parents nearby,just remodeled kitchen,tree trim quote
Skyler,Martin2473,skyler.martin2473@example.com,(414) 555-2473,Madison,WI,53703,,Sam,,,
Parker,Williams2474,parker.williams2474@example.com,(414) 555-2474,Green Bay,WI,54301,,,,,
Blake,Garcia2475,blake.garcia2475@example.com,(414) 555-2475,Chicago,IL,60611,Garcia Properties,Pat,two kids,new roof last year,sump pump check
Hayden,Rodriguez2476,hayden.rodriguez2476@example.com,(414) 555-2476,Evanston,IL,60201,,Chris,dog named Buddy,loves gardening,insurance deductible question
Rowan,Lopez2477,rowan.lopez2477@example.com,(414) 555-2477,Brookfield,WI,53005,,Alex,parents nearby,just remodeled kitchen,tree trim quote
Sawyer,Anderson2478,sawyer.anderson2478@example.com,(414) 555-2478,Kenosha,WI,53140,Anderson Properties,Sam,,,
Finley,Moore2479,finley.moore2479@example.com,(414) 555-2479,Appleton,WI,54911,,,,,
Alex,Smith2480,alex.smith2480@example.com,(414) 555-2480,Milwaukee,WI,53202,,Pat,two kids,new roof last year,sump pump check
Jordan,Brown2481,jordan.brown2481@example.com,(414) 555-2481,Waukesha,WI,53186,Brown Properties,Chris,dog named Buddy,loves gardening,insurance deductible question
Sam,Miller2482,sam.miller2482@example.com,(414) 555-2482,Racine,WI,53403,,Alex,parents nearby,just remodeled kitchen,tree trim quote
Taylor,Martinez2483,taylor.martinez2483@example.com,(414) 555-2483,Madison,WI,53703,,Sam,,,
Casey,Gonzalez2484,casey.gonzalez2484@example.com,(414) 555-2484,Green Bay,WI,54301,Gonzalez Properties,,,,
Riley,Thomas2485,riley.thomas2485@example.com,(414) 555-2485,Chicago,IL,60611,,Pat,two kids,new roof last year,sump pump check
Morgan,Jackson2486,morgan.jackson2486@example.com,(414) 555-2486,Evanston,IL,60201,,Chris,dog named Buddy,loves gardening,insurance deductible question
Avery,Johnson2487,avery.johnson2487@example.com,(414) 555-2487,Brookfield,WI,53005,Johnson Properties,Alex,parents nearby,just remodeled kitchen,tree trim quote
Quinn,Jones2488,quinn.jones2488@example.com,(414) 555-2488,Kenosha,WI,53140,,Sam,,,
Jamie,Davis2489,jamie.davis2489@example.com,(414) 555-2489,Appleton,WI,54911,,,,,
Cameron,Hernandez2490,cameron.hernandez2490@example.com,(414) 555-2490,Milwaukee,WI,53202,Hernandez Properties,Pat,two kids,new roof last year,sump pump check
Drew,Wilson2491,drew.wilson2491@example.com,(414) 555-2491,Waukesha,WI,53186,,Chris,dog named Buddy,loves gardening,insurance deductible question
Reese,Taylor2492,reese.taylor2492@example.com,(414) 555-2492,Racine,WI,53403,,Alex,parents nearby,just remodeled kitchen,tree trim quote
Skyler,Martin2493,skyler.martin2493@example.com,(414) 555-2493,Madison,WI,53703,Martin Properties,Sam,,,
Parker,Williams2494,parker.williams2494@example.com,(414) 555-2494,Green Bay,WI,54301,,,,,
Blake,Garcia2495,blake.garcia2495@example.com,(414) 555-2495,Chicago,IL,60611,,Pat,two kids,new roof last year,sump pump check
Hayden,Rodriguez2496,hayden.rodriguez2496@example.com,(414) 555-2496,Evanston,IL,60201,Rodriguez Properties,Chris,dog named Buddy,loves gardening,insurance deductible question
Rowan,Lopez2497,rowan.lopez2497@example.com,(414) 555-2497,Brookfield,WI,53005,,Alex,parents nearby,just remodeled kitchen,tree trim quote
Sawyer,Anderson2498,sawyer.anderson2498@example.com,(414) 555-2498,Kenosha,WI,53140,,Sam,,,
Finley,Moore2499,finley.moore2499@example.com,(414) 555-2499,Appleton,WI,54911,Moore Properties,,,,
Alex,Smith2500,alex.smith2500@example.com,(414) 555-2500,Milwaukee,WI,53202,,Pat,two kids,new roof last year,sump pump check
Jordan,Brown2501,jordan.brown2501@example.com,(414) 555-2501,Waukesha,WI,53186,,Chris,dog named Buddy,loves gardening,insurance deductible question
Sam,Miller2502,sam.miller2502@example.com,(414) 555-2502,Racine,WI,53403,Miller Properties,Alex,parents nearby,just remodeled kitchen,tree trim quote
Taylor,Martinez2503,taylor.martinez2503@example.com,(414) 555-2503,Madison,WI,53703,,Sam,,,
Casey,Gonzalez2504,casey.gonzalez2504@example.com,(414) 555-2504,Green Bay,WI,54301,,,,,
Riley,Thomas2505,riley.thomas2505@example.com,(414) 555-2505,Chicago,IL,60611,Thomas Properties,Pat,two kids,new roof last year,sump pump check
Morgan,Jackson2506,morgan.jackson2506@example.com,(414) 555-2506,Evanston,IL,60201,,Chris,dog named Buddy,loves gardening,insurance deductible question
Avery,Johnson2507,avery.johnson2507@example.com,(414) 555-2507,Brookfield,WI,53005,,Alex,parents nearby,just remodeled kitchen,tree trim quote
Quinn,Jones2508,quinn.jones2508@example.com,(414) 555-2508,Kenosha,WI,53140,Jones Properties,Sam,,,
Jamie,Davis2509,jamie.davis2509@example.com,(414) 555-2509,Appleton,WI,54911,,,,,
Cameron,Hernandez2510,cameron.hernandez2510@example.com,(414) 555-2510,Milwaukee,WI,53202,,Pat,two kids,new roof last year,sump pump check
Drew,Wilson2511,drew.wilson2511@example.com,(414) 555-2511,Waukesha,WI,53186,Wilson Properties,Chris,dog named Buddy,loves gardening,insurance deductible question
Reese,Taylor2512,reese.taylor2512@example.com,(414) 555-2512,Racine,WI,53403,,Alex,parents nearby,just remodeled kitchen,tree trim quote
Skyler,Martin2513,skyler.martin2513@example.com,(414) 555-2513,Madison,WI,53703,,Sam,,,
Parker,Williams2514,parker.williams2514@example.com,(414) 555-2514,Green Bay,WI,54301,Williams Properties,,,,
Blake,Garcia2515,blake.garcia2515@example.com,(414) 555-2515,Chicago,IL,60611,,Pat,two kids,new roof last year,sump pump check
Hayden,Rodriguez2516,hayden.rodriguez2516@example.com,(414) 555-2516,Evanston,IL,60201,,Chris,dog named Buddy,loves gardening,insurance deductible question
Rowan,Lopez2517,rowan.lopez2517@example.com,(414) 555-2517,Brookfield,WI,53005,Lopez Properties,Alex,parents nearby,just remodeled kitchen,tree trim quote
Sawyer,Anderson2518,sawyer.anderson2518@example.com,(414) 555-2518,Kenosha,WI,53140,,Sam,,,
Finley,Moore2519,finley.moore2519@example.com,(414) 555-2519,Appleton,WI,54911,,,,,
Alex,Smith2520,alex.smith2520@example.com,(414) 555-2520,Milwaukee,WI,53202,Smith Properties,Pat,two kids,new roof last year,sump pump check
Jordan,Brown2521,jordan.brown2521@example.com,(414) 555-2521,Waukesha,WI,53186,,Chris,dog named Buddy,loves gardening,insurance deductible question
Sam,Miller2522,sam.miller2522@example.com,(414) 555-2522,Racine,WI,53403,,Alex,parents nearby,just remodeled kitchen,tree trim quote
Taylor,Martinez2523,taylor.martinez2523@example.com,(414) 555-2523,Madison,WI,53703,Martinez Properties,Sam,,,
Casey,Gonzalez2524,casey.gonzalez2524@example.com,(414) 555-2524,Green Bay,WI,54301,,,,,
Riley,Thomas2525,riley.thomas2525@example.com,(414) 555-2525,Chicago,IL,60611,,Pat,two kids,new roof last year,sump pump check
Morgan,Jackson2526,morgan.jackson2526@example.com,(414) 555-2526,Evanston,IL,60201,Jackson Properties,Chris,dog named Buddy,loves gardening,insurance deductible question
Avery,Johnson2527,avery.johnson2527@example.com,(414) 555-2527,Brookfield,WI,53005,,Alex,parents nearby,just remodeled kitchen,tree trim quote
Quinn,Jones2528,quinn.jones2528@example.com,(414) 555-2528,Kenosha,WI,53140,,Sam,,,
Jamie,Davis2529,jamie.davis2529@example.com,(414) 555-2529,Appleton,WI,54911,Davis Properties,,,,
Cameron,Hernandez2530,cameron.hernandez2530@example.com,(414) 555-2530,Milwaukee,WI,53202,,Pat,two kids,new roof last year,sump pump check
Drew,Wilson2531,drew.wilson2531@example.com,(414) 555-2531,Waukesha,WI,53186,,Chris,dog named Buddy,loves gardening,insurance deductible question
Reese,Taylor2532,reese.taylor2532@example.com,(414) 555-2532,Racine,WI,53403,Taylor Properties,Alex,parents nearby,just remodeled kitchen,tree trim quote
Skyler,Martin2533,skyler.martin2533@example.com,(414) 555-2533,Madison,WI,53703,,Sam,,,
Parker,Williams2534,parker.williams2534@example.com,(414) 555-2534,Green Bay,WI,54301,,,,,
Blake,Garcia2535,blake.garcia2535@example.com,(414) 555-2535,Chicago,IL,60611,Garcia Properties,Pat,two kids,new roof last year,sump pump check
Hayden,Rodriguez2536,hayden.rodriguez2536@example.com,(414) 555-2536,Evanston,IL,60201,,Chris,dog named Buddy,loves gardening,insurance deductible question
Rowan,Lopez2537,rowan.lopez2537@example.com,(414) 555-2537,Brookfield,WI,53005,,Alex,parents nearby,just remodeled kitchen,tree trim quote
Sawyer,Anderson2538,sawyer.anderson2538@example.com,(414) 555-2538,Kenosha,WI,53140,Anderson Properties,Sam,,,
Finley,Moore2539,finley.moore2539@example.com,(414) 555-2539,Appleton,WI,54911,,,,,
Alex,Smith2540,alex.smith2540@example.com,(414) 555-2540,Milwaukee,WI,53202,,Pat,two kids,new roof last year,sump pump check
Jordan,Brown2541,jordan.brown2541@example.com,(414) 555-2541,Waukesha,WI,53186,Brown Properties,Chris,dog named Buddy,loves gardening,insurance deductible question
Sam,Miller2542,sam.miller2542@example.com,(414) 555-2542,Racine,WI,53403,,Alex,parents nearby,just remodeled kitchen,tree trim quote
Taylor,Martinez2543,taylor.martinez2543@example.com,(414) 555-2543,Madison,WI,53703,,Sam,,,
Casey,Gonzalez2544,casey.gonzalez2544@example.com,(414) 555-2544,Green Bay,WI,54301,Gonzalez Properties,,,,
Riley,Thomas2545,riley.thomas2545@example.com,(414) 555-2545,Chicago,IL,60611,,Pat,two kids,new roof last year,sump pump check
Morgan,Jackson2546,morgan.jackson2546@example.com,(414) 555-2546,Evanston,IL,60201,,Chris,dog named Buddy,loves gardening,insurance deductible question
Avery,Johnson2547,avery.johnson2547@example.com,(414) 555-2547,Brookfield,WI,53005,Johnson Properties,Alex,parents nearby,just remodeled kitchen,tree trim quote
Quinn,Jones2548,quinn.jones2548@example.com,(414) 555-2548,Kenosha,WI,53140,,Sam,,,
Jamie,Davis2549,jamie.davis2549@example.com,(414) 555-2549,Appleton,WI,54911,,,,,
Cameron,Hernandez2550,cameron.hernandez2550@example.com,(414) 555-2550,Milwaukee,WI,53202,Hernandez Properties,Pat,two kids,new roof last year,sump pump check
Drew,Wilson2551,drew.wilson2551@example.com,(414) 555-2551,Waukesha,WI,53186,,Chris,dog named Buddy,loves gardening,insurance deductible question
Reese,Taylor2552,reese.taylor2552@example.com,(414) 555-2552,Racine,WI,53403,,Alex,parents nearby,just remodeled kitchen,tree trim quote
Skyler,Martin2553,skyler.martin2553@example.com,(414) 555-2553,Madison,WI,53703,Martin Properties,Sam,,,
Parker,Williams2554,parker.williams2554@example.com,(414) 555-2554,Green Bay,WI,54301,,,,,
Blake,Garcia2555,blake.garcia2555@example.com,(414) 555-2555,Chicago,IL,60611,,Pat,two kids,new roof last year,sump pump check
Hayden,Rodriguez2556,hayden.rodriguez2556@example.com,(414) 555-2556,Evanston,IL,60201,Rodriguez Properties,Chris,dog named Buddy,loves gardening,insurance deductible question
Rowan,Lopez2557,rowan.lopez2557@example.com,(414) 555-2557,Brookfield,WI,53005,,Alex,parents nearby,just remodeled kitchen,tree trim quote
Sawyer,Anderson2558,sawyer.anderson2558@example.com,(414) 555-2558,Kenosha,WI,53140,,Sam,,,
Finley,Moore2559,finley.moore2559@example.com,(414) 555-2559,Appleton,WI,54911,Moore Properties,,,,
Alex,Smith2560,alex.smith2560@example.com,(414) 555-2560,Milwaukee,WI,53202,,Pat,two kids,new roof last year,sump pump check
Jordan,Brown2561,jordan.brown2561@example.com,(414) 555-2561,Waukesha,WI,53186,,Chris,dog named Buddy,loves gardening,insurance deductible question
Sam,Miller2562,sam.miller2562@example.com,(414) 555-2562,Racine,WI,53403,Miller Properties,Alex,parents nearby,just remodeled kitchen,tree trim quote
Taylor,Martinez2563,taylor.martinez2563@example.com,(414) 555-2563,Madison,WI,53703,,Sam,,,
Casey,Gonzalez2564,casey.gonzalez2564@example.com,(414) 555-2564,Green Bay,WI,54301,,,,,
Riley,Thomas2565,riley.thomas2565@example.com,(414) 555-2565,Chicago,IL,60611,Thomas Properties,Pat,two kids,new roof last year,sump pump check
Morgan,Jackson2566,morgan.jackson2566@example.com,(414) 555-2566,Evanston,IL,60201,,Chris,dog named Buddy,loves gardening,insurance deductible question
Avery,Johnson2567,avery.johnson2567@example.com,(414) 555-2567,Brookfield,WI,53005,,Alex,parents nearby,just remodeled kitchen,tree trim quote
Quinn,Jones2568,quinn.jones2568@example.com,(414) 555-2568,Kenosha,WI,53140,Jones Properties,Sam,,,
Jamie,Davis2569,jamie.davis2569@example.com,(414) 555-2569,Appleton,WI,54911,,,,,
Cameron,Hernandez2570,cameron.hernandez2570@example.com,(414) 555-2570,Milwaukee,WI,53202,,Pat,two kids,new roof last year,sump pump check
Drew,Wilson2571,drew.wilson2571@example.com,(414) 555-2571,Waukesha,WI,53186,Wilson Properties,Chris,dog named Buddy,loves gardening,insurance deductible question
Reese,Taylor2572,reese.taylor2572@example.com,(414) 555-2572,Racine,WI,53403,,Alex,parents nearby,just remodeled kitchen,tree trim quote
Skyler,Martin2573,skyler.martin2573@example.com,(414) 555-2573,Madison,WI,53703,,Sam,,,
Parker,Williams2574,parker.williams2574@example.com,(414) 555-2574,Green Bay,WI,54301,Williams Properties,,,,
Blake,Garcia2575,blake.garcia2575@example.com,(414) 555-2575,Chicago,IL,60611,,Pat,two kids,new roof last year,sump pump check
Hayden,Rodriguez2576,hayden.rodriguez2576@example.com,(414) 555-2576,Evanston,IL,60201,,Chris,dog named Buddy,loves gardening,insurance deductible question
Rowan,Lopez2577,rowan.lopez2577@example.com,(414) 555-2577,Brookfield,WI,53005,Lopez Properties,Alex,parents nearby,just remodeled kitchen,tree trim quote
Sawyer,Anderson2578,sawyer.anderson2578@example.com,(414) 555-2578,Kenosha,WI,53140,,Sam,,,
Finley,Moore2579,finley.moore2579@example.com,(414) 555-2579,Appleton,WI,54911,,,,,
Alex,Smith2580,alex.smith2580@example.com,(414) 555-2580,Milwaukee,WI,53202,Smith Properties,Pat,two kids,new roof last year,sump pump check
Jordan,Brown2581,jordan.brown2581@example.com,(414) 555-2581,Waukesha,WI,53186,,Chris,dog named Buddy,loves gardening,insurance deductible question
Sam,Miller2582,sam.miller2582@example.com,(414) 555-2582,Racine,WI,53403,,Alex,parents nearby,just remodeled kitchen,tree trim quote
Taylor,Martinez2583,taylor.martinez2583@example.com,(414) 555-2583,Madison,WI,53703,Martinez Properties,Sam,,,
Casey,Gonzalez2584,casey.gonzalez2584@example.com,(414) 555-2584,Green Bay,WI,54301,,,,,
Riley,Thomas2585,riley.thomas2585@example.com,(414) 555-2585,Chicago,IL,60611,,Pat,two kids,new roof last year,sump pump check
Morgan,Jackson2586,morgan.jackson2586@example.com,(414) 555-2586,Evanston,IL,60201,Jackson Properties,Chris,dog named Buddy,loves gardening,insurance deductible question
Avery,Johnson2587,avery.johnson2587@example.com,(414) 555-2587,Brookfield,WI,53005,,Alex,parents nearby,just remodeled kitchen,tree trim quote
Quinn,Jones2588,quinn.jones2588@example.com,(414) 555-2588,Kenosha,WI,53140,,Sam,,,
Jamie,Davis2589,jamie.davis2589@example.com,(414) 555-2589,Appleton,WI,54911,Davis Properties,,,,
Cameron,Hernandez2590,cameron.hernandez2590@example.com,(414) 555-2590,Milwaukee,WI,53202,,Pat,two kids,new roof last year,sump pump check
Drew,Wilson2591,drew.wilson2591@example.com,(414) 555-2591,Waukesha,WI,53186,,Chris,dog named Buddy,loves gardening,insurance deductible question
Reese,Taylor2592,reese.taylor2592@example.com,(414) 555-2592,Racine,WI,53403,Taylor Properties,Alex,parents nearby,just remodeled kitchen,tree trim quote
Skyler,Martin2593,skyler.martin2593@example.com,(414) 555-2593,Madison,WI,53703,,Sam,,,
Parker,Williams2594,parker.williams2594@example.com,(414) 555-2594,Green Bay,WI,54301,,,,,
Blake,Garcia2595,blake.garcia2595@example.com,(414) 555-2595,Chicago,IL,60611,Garcia Properties,Pat,two kids,new roof last year,sump pump check
Hayden,Rodriguez2596,hayden.rodriguez2596@example.com,(414) 555-2596,Evanston,IL,60201,,Chris,dog named Buddy,loves gardening,insurance deductible question
Rowan,Lopez2597,rowan.lopez2597@example.com,(414) 555-2597,Brookfield,WI,53005,,Alex,parents nearby,just remodeled kitchen,tree trim quote
Sawyer,Anderson2598,sawyer.anderson2598@example.com,(414) 555-2598,Kenosha,WI,53140,Anderson Properties,Sam,,,
Finley,Moore2599,finley.moore2599@example.com,(414) 555-2599,Appleton,WI,54911,,,,,
Alex,Smith2600,alex.smith2600@example.com,(414) 555-2600,Milwaukee,WI,53202,,Pat,two kids,new roof last year,sump pump check
Jordan,Brown2601,jordan.brown2601@example.com,(414) 555-2601,Waukesha,WI,53186,Brown Properties,Chris,dog named Buddy,loves gardening,insurance deductible question
Sam,Miller2602,sam.miller2602@example.com,(414) 555-2602,Racine,WI,53403,,Alex,parents nearby,just remodeled kitchen,tree trim quote
Taylor,Martinez2603,taylor.martinez2603@example.com,(414) 555-2603,Madison,WI,53703,,Sam,,,
Casey,Gonzalez2604,casey.gonzalez2604@example.com,(414) 555-2604,Green Bay,WI,54301,Gonzalez Properties,,,,
Riley,Thomas2605,riley.thomas2605@example.com,(414) 555-2605,Chicago,IL,60611,,Pat,two kids,new roof last year,sump pump check
Morgan,Jackson2606,morgan.jackson2606@example.com,(414) 555-2606,Evanston,IL,60201,,Chris,dog named Buddy,loves gardening,insurance deductible question
Avery,Johnson2607,avery.johnson2607@example.com,(414) 555-2607,Brookfield,WI,53005,Johnson Properties,Alex,parents nearby,just remodeled kitchen,tree trim quote
Quinn,Jones2608,quinn.jones2608@example.com,(414) 555-2608,Kenosha,WI,53140,,Sam,,,
Jamie,Davis2609,jamie.davis2609@example.com,(414) 555-2609,Appleton,WI,54911,,,,,
Cameron,Hernandez2610,cameron.hernandez2610@example.com,(414) 555-2610,Milwaukee,WI,53202,Hernandez Properties,Pat,two kids,new roof last year,sump pump check
Drew,Wilson2611,drew.wilson2611@example.com,(414) 555-2611,Waukesha,WI,53186,,Chris,dog named Buddy,loves gardening,insurance deductible question
Reese,Taylor2612,reese.taylor2612@example.com,(414) 555-2612,Racine,WI,53403,,Alex,parents nearby,just remodeled kitchen,tree trim quote
Skyler,Martin2613,skyler.martin2613@example.com,(414) 555-2613,Madison,WI,53703,Martin Properties,Sam,,,
Parker,Williams2614,parker.williams2614@example.com,(414) 555-2614,Green Bay,WI,54301,,,,,
Blake,Garcia2615,blake.garcia2615@example.com,(414) 555-2615,Chicago,IL,60611,,Pat,two kids,new roof last year,sump pump check
Hayden,Rodriguez2616,hayden.rodriguez2616@example.com,(414) 555-2616,Evanston,IL,60201,Rodriguez Properties,Chris,dog named Buddy,loves gardening,insurance deductible question
Rowan,Lopez2617,rowan.lopez2617@example.com,(414) 555-2617,Brookfield,WI,53005,,Alex,parents nearby,just remodeled kitchen,tree trim quote
Sawyer,Anderson2618,sawyer.anderson2618@example.com,(414) 555-2618,Kenosha,WI,53140,,Sam,,,
Finley,Moore2619,finley.moore2619@example.com,(414) 555-2619,Appleton,WI,54911,Moore Properties,,,,
Alex,Smith2620,alex.smith2620@example.com,(414) 555-2620,Milwaukee,WI,53202,,Pat,two kids,new roof last year,sump pump check
Jordan,Brown2621,jordan.brown2621@example.com,(414) 555-2621,Waukesha,WI,53186,,Chris,dog named Buddy,loves gardening,insurance deductible question
Sam,Miller2622,sam.miller2622@example.com,(414) 555-2622,Racine,WI,53403,Miller Properties,Alex,parents nearby,just remodeled kitchen,tree trim quote
Taylor,Martinez2623,taylor.martinez2623@example.com,(414) 555-2623,Madison,WI,53703,,Sam,,,
Casey,Gonzalez2624,casey.gonzalez2624@example.com,(414) 555-2624,Green Bay,WI,54301,,,,,
Riley,Thomas2625,riley.thomas2625@example.com,(414) 555-2625,Chicago,IL,60611,Thomas Properties,Pat,two kids,new roof last year,sump pump check
Morgan,Jackson2626,morgan.jackson2626@example.com,(414) 555-2626,Evanston,IL,60201,,Chris,dog named Buddy,loves gardening,insurance deductible question
Avery,Johnson2627,avery.johnson2627@example.com,(414) 555-2627,Brookfield,WI,53005,,Alex,parents nearby,just remodeled kitchen,tree trim quote
Quinn,Jones2628,quinn.jones2628@example.com,(414) 555-2628,Kenosha,WI,53140,Jones Properties,Sam,,,
Jamie,Davis2629,jamie.davis2629@example.com,(414) 555-2629,Appleton,WI,54911,,,,,
Cameron,Hernandez2630,cameron.hernandez2630@example.com,(414) 555-2630,Milwaukee,WI,53202,,Pat,two kids,new roof last year,sump pump check
Drew,Wilson2631,drew.wilson2631@example.com,(414) 555-2631,Waukesha,WI,53186,Wilson Properties,Chris,dog named Buddy,loves gardening,insurance deductible question
Reese,Taylor2632,reese.taylor2632@example.com,(414) 555-2632,Racine,WI,53403,,Alex,parents nearby,just remodeled kitchen,tree trim quote
Skyler,Martin2633,skyler.martin2633@example.com,(414) 555-2633,Madison,WI,53703,,Sam,,,
Parker,Williams2634,parker.williams2634@example.com,(414) 555-2634,Green Bay,WI,54301,Williams Properties,,,,
Blake,Garcia2635,blake.garcia2635@example.com,(414) 555-2635,Chicago,IL,60611,,Pat,two kids,new roof last year,sump pump check
Hayden,Rodriguez2636,hayden.rodriguez2636@example.com,(414) 555-2636,Evanston,IL,60201,,Chris,dog named Buddy,loves gardening,insurance deductible question
Rowan,Lopez2637,rowan.lopez2637@example.com,(414) 555-2637,Brookfield,WI,53005,Lopez Properties,Alex,parents nearby,just remodeled kitchen,tree trim quote
Sawyer,Anderson2638,sawyer.anderson2638@example.com,(414) 555-2638,Kenosha,WI,53140,,Sam,,,
Finley,Moore2639,finley.moore2639@example.com,(414) 555-2639,Appleton,WI,54911,,,,,
Alex,Smith2640,alex.smith2640@example.com,(414) 555-2640,Milwaukee,WI,53202,Smith Properties,Pat,two kids,new roof last year,sump pump check
Jordan,Brown2641,jordan.brown2641@example.com,(414) 555-2641,Waukesha,WI,53186,,Chris,dog named Buddy,loves gardening,insurance deductible question
Sam,Miller2642,sam.miller2642@example.com,(414) 555-2642,Racine,WI,53403,,Alex,parents nearby,just remodeled kitchen,tree trim quote
Taylor,Martinez2643,taylor.martinez2643@example.com,(414) 555-2643,Madison,WI,53703,Martinez Properties,Sam,,,
Casey,Gonzalez2644,casey.gonzalez2644@example.com,(414) 555-2644,Green Bay,WI,54301,,,,,
Riley,Thomas2645,riley.thomas2645@example.com,(414) 555-2645,Chicago,IL,60611,,Pat,two kids,new roof last year,sump pump check
Morgan,Jackson2646,morgan.jackson2646@example.com,(414) 555-2646,Evanston,IL,60201,Jackson Properties,Chris,dog named Buddy,loves gardening,insurance deductible question
Avery,Johnson2647,avery.johnson2647@example.com,(414) 555-2647,Brookfield,WI,53005,,Alex,parents nearby,just remodeled kitchen,tree trim quote
Quinn,Jones2648,quinn.jones2648@example.com,(414) 555-2648,Kenosha,WI,53140,,Sam,,,
Jamie,Davis2649,jamie.davis2649@example.com,(414) 555-2649,Appleton,WI,54911,Davis Properties,,,,
Cameron,Hernandez2650,cameron.hernandez2650@example.com,(414) 555-2650,Milwaukee,WI,53202,,Pat,two kids,new roof last year,sump pump check
Drew,Wilson2651,drew.wilson2651@example.com,(414) 555-2651,Waukesha,WI,53186,,Chris,dog named Buddy,loves gardening,insurance deductible question
Reese,Taylor2652,reese.taylor2652@example.com,(414) 555-2652,Racine,WI,53403,Taylor Properties,Alex,parents nearby,just remodeled kitchen,tree trim quote
Skyler,Martin2653,skyler.martin2653@example.com,(414) 555-2653,Madison,WI,53703,,Sam,,,
Parker,Williams2654,parker.williams2654@example.com,(414) 555-2654,Green Bay,WI,54301,,,,,
Blake,Garcia2655,blake.garcia2655@example.com,(414) 555-2655,Chicago,IL,60611,Garcia Properties,Pat,two kids,new roof last year,sump pump check
Hayden,Rodriguez2656,hayden.rodriguez2656@example.com,(414) 555-2656,Evanston,IL,60201,,Chris,dog named Buddy,loves gardening,insurance deductible question
Rowan,Lopez2657,rowan.lopez2657@example.com,(414) 555-2657,Brookfield,WI,53005,,Alex,parents nearby,just remodeled kitchen,tree trim quote
Sawyer,Anderson2658,sawyer.anderson2658@example.com,(414) 555-2658,Kenosha,WI,53140,Anderson Properties,Sam,,,
Finley,Moore2659,finley.moore2659@example.com,(414) 555-2659,Appleton,WI,54911,,,,,
Alex,Smith2660,alex.smith2660@example.com,(414) 555-2660,Milwaukee,WI,53202,,Pat,two kids,new roof last year,sump pump check
Jordan,Brown2661,jordan.brown2661@example.com,(414) 555-2661,Waukesha,WI,53186,Brown Properties,Chris,dog named Buddy,loves gardening,insurance deductible question
Sam,Miller2662,sam.miller2662@example.com,(414) 555-2662,Racine,WI,53403,,Alex,parents nearby,just remodeled kitchen,tree trim quote
Taylor,Martinez2663,taylor.martinez2663@example.com,(414) 555-2663,Madison,WI,53703,,Sam,,,
Casey,Gonzalez2664,casey.gonzalez2664@example.com,(414) 555-2664,Green Bay,WI,54301,Gonzalez Properties,,,,
Riley,Thomas2665,riley.thomas2665@example.com,(414) 555-2665,Chicago,IL,60611,,Pat,two kids,new roof last year,sump pump check
Morgan,Jackson2666,morgan.jackson2666@example.com,(414) 555-2666,Evanston,IL,60201,,Chris,dog named Buddy,loves gardening,insurance deductible question
Avery,Johnson2667,avery.johnson2667@example.com,(414) 555-2667,Brookfield,WI,53005,Johnson Properties,Alex,parents nearby,just remodeled kitchen,tree trim quote
Quinn,Jones2668,quinn.jones2668@example.com,(414) 555-2668,Kenosha,WI,53140,,Sam,,,
Jamie,Davis2669,jamie.davis2669@example.com,(414) 555-2669,Appleton,WI,54911,,,,,
Cameron,Hernandez2670,cameron.hernandez2670@example.com,(414) 555-2670,Milwaukee,WI,53202,Hernandez Properties,Pat,two kids,new roof last year,sump pump check
Drew,Wilson2671,drew.wilson2671@example.com,(414) 555-2671,Waukesha,WI,53186,,Chris,dog named Buddy,loves gardening,insurance deductible question
Reese,Taylor2672,reese.taylor2672@example.com,(414) 555-2672,Racine,WI,53403,,Alex,parents nearby,just remodeled kitchen,tree trim quote
Skyler,Martin2673,skyler.martin2673@example.com,(414) 555-2673,Madison,WI,53703,Martin Properties,Sam,,,
Parker,Williams2674,parker.williams2674@example.com,(414) 555-2674,Green Bay,WI,54301,,,,,
Blake,Garcia2675,blake.garcia2675@example.com,(414) 555-2675,Chicago,IL,60611,,Pat,two kids,new roof last year,sump pump check
Hayden,Rodriguez2676,hayden.rodriguez2676@example.com,(414) 555-2676,Evanston,IL,60201,Rodriguez Properties,Chris,dog named Buddy,loves gardening,insurance deductible question
Rowan,Lopez2677,rowan.lopez2677@example.com,(414) 555-2677,Brookfield,WI,53005,,Alex,parents nearby,just remodeled kitchen,tree trim quote
Sawyer,Anderson2678,sawyer.anderson2678@example.com,(414) 555-2678,Kenosha,WI,53140,,Sam,,,
Finley,Moore2679,finley.moore2679@example.com,(414) 555-2679,Appleton,WI,54911,Moore Properties,,,,
Alex,Smith2680,alex.smith2680@example.com,(414) 555-2680,Milwaukee,WI,53202,,Pat,two kids,new roof last year,sump pump check
Jordan,Brown2681,jordan.brown2681@example.com,(414) 555-2681,Waukesha,WI,53186,,Chris,dog named Buddy,loves gardening,insurance deductible question
Sam,Miller2682,sam.miller2682@example.com,(414) 555-2682,Racine,WI,53403,Miller Properties,Alex,parents nearby,just remodeled kitchen,tree trim quote
Taylor,Martinez2683,taylor.martinez2683@example.com,(414) 555-2683,Madison,WI,53703,,Sam,,,
Casey,Gonzalez2684,casey.gonzalez2684@example.com,(414) 555-2684,Green Bay,WI,54301,,,,,
Riley,Thomas2685,riley.thomas2685@example.com,(414) 555-2685,Chicago,IL,60611,Thomas Properties,Pat,two kids,new roof last year,sump pump check
Morgan,Jackson2686,morgan.jackson2686@example.com,(414) 555-2686,Evanston,IL,60201,,Chris,dog named Buddy,loves gardening,insurance deductible question
Avery,Johnson2687,avery.johnson2687@example.com,(414) 555-2687,Brookfield,WI,53005,,Alex,parents nearby,just remodeled kitchen,tree trim quote
Quinn,Jones2688,quinn.jones2688@example.com,(414) 555-2688,Kenosha,WI,53140,Jones Properties,Sam,,,
Jamie,Davis2689,jamie.davis2689@example.com,(414) 555-2689,Appleton,WI,54911,,,,,
Cameron,Hernandez2690,cameron.hernandez2690@example.com,(414) 555-2690,Milwaukee,WI,53202,,Pat,two kids,new roof last year,sump pump check
Drew,Wilson2691,drew.wilson2691@example.com,(414) 555-2691,Waukesha,WI,53186,Wilson Properties,Chris,dog named Buddy,loves gardening,insurance deductible question
Reese,Taylor2692,reese.taylor2692@example.com,(414) 555-2692,Racine,WI,53403,,Alex,parents nearby,just remodeled kitchen,tree trim quote
Skyler,Martin2693,skyler.martin2693@example.com,(414) 555-2693,Madison,WI,53703,,Sam,,,
Parker,Williams2694,parker.williams2694@example.com,(414) 555-2694,Green Bay,WI,54301,Williams Properties,,,,
Blake,Garcia2695,blake.garcia2695@example.com,(414) 555-2695,Chicago,IL,60611,,Pat,two kids,new roof last year,sump pump check
Hayden,Rodriguez2696,hayden.rodriguez2696@example.com,(414) 555-2696,Evanston,IL,60201,,Chris,dog named Buddy,loves gardening,insurance deductible question
Rowan,Lopez2697,rowan.lopez2697@example.com,(414) 555-2697,Brookfield,WI,53005,Lopez Properties,Alex,parents nearby,just remodeled kitchen,tree trim quote
Sawyer,Anderson2698,sawyer.anderson2698@example.com,(414) 555-2698,Kenosha,WI,53140,,Sam,,,
Finley,Moore2699,finley.moore2699@example.com,(414) 555-2699,Appleton,WI,54911,,,,,
Alex,Smith2700,alex.smith2700@example.com,(414) 555-2700,Milwaukee,WI,53202,Smith Properties,Pat,two kids,new roof last year,sump pump check
Jordan,Brown2701,jordan.brown2701@example.com,(414) 555-2701,Waukesha,WI,53186,,Chris,dog named Buddy,loves gardening,insurance deductible question
Sam,Miller2702,sam.miller2702@example.com,(414) 555-2702,Racine,WI,53403,,Alex,parents nearby,just remodeled kitchen,tree trim quote
Taylor,Martinez2703,taylor.martinez2703@example.com,(414) 555-2703,Madison,WI,53703,Martinez Properties,Sam,,,
Casey,Gonzalez2704,casey.gonzalez2704@example.com,(414) 555-2704,Green Bay,WI,54301,,,,,
Riley,Thomas2705,riley.thomas2705@example.com,(414) 555-2705,Chicago,IL,60611,,Pat,two kids,new roof last year,sump pump check
Morgan,Jackson2706,morgan.jackson2706@example.com,(414) 555-2706,Evanston,IL,60201,Jackson Properties,Chris,dog named Buddy,loves gardening,insurance deductible question
Avery,Johnson2707,avery.johnson2707@example.com,(414) 555-2707,Brookfield,WI,53005,,Alex,parents nearby,just remodeled kitchen,tree trim quote
Quinn,Jones2708,quinn.jones2708@example.com,(414) 555-2708,Kenosha,WI,53140,,Sam,,,
Jamie,Davis2709,jamie.davis2709@example.com,(414) 555-2709,Appleton,WI,54911,Davis Properties,,,,
Cameron,Hernandez2710,cameron.hernandez2710@example.com,(414) 555-2710,Milwaukee,WI,53202,,Pat,two kids,new roof last year,sump pump check
Drew,Wilson2711,drew.wilson2711@example.com,(414) 555-2711,Waukesha,WI,53186,,Chris,dog named Buddy,loves gardening,insurance deductible question
Reese,Taylor2712,reese.taylor2712@example.com,(414) 555-2712,Racine,WI,53403,Taylor Properties,Alex,parents nearby,just remodeled kitchen,tree trim quote
Skyler,Martin2713,skyler.martin2713@example.com,(414) 555-2713,Madison,WI,53703,,Sam,,,
Parker,Williams2714,parker.williams2714@example.com,(414) 555-2714,Green Bay,WI,54301,,,,,
Blake,Garcia2715,blake.garcia2715@example.com,(414) 555-2715,Chicago,IL,60611,Garcia Properties,Pat,two kids,new roof last year,sump pump check
Hayden,Rodriguez2716,hayden.rodriguez2716@example.com,(414) 555-2716,Evanston,IL,60201,,Chris,dog named Buddy,loves gardening,insurance deductible question
Rowan,Lopez2717,rowan.lopez2717@example.com,(414) 555-2717,Brookfield,WI,53005,,Alex,parents nearby,just remodeled kitchen,tree trim quote
Sawyer,Anderson2718,sawyer.anderson2718@example.com,(414) 555-2718,Kenosha,WI,53140,Anderson Properties,Sam,,,
Finley,Moore2719,finley.moore2719@example.com,(414) 555-2719,Appleton,WI,54911,,,,,
Alex,Smith2720,alex.smith2720@example.com,(414) 555-2720,Milwaukee,WI,53202,,Pat,two kids,new roof last year,sump pump check
Jordan,Brown2721,jordan.brown2721@example.com,(414) 555-2721,Waukesha,WI,53186,Brown Properties,Chris,dog named Buddy,loves gardening,insurance deductible question
Sam,Miller2722,sam.miller2722@example.com,(414) 555-2722,Racine,WI,53403,,Alex,parents nearby,just remodeled kitchen,tree trim quote
Taylor,Martinez2723,taylor.martinez2723@example.com,(414) 555-2723,Madison,WI,53703,,Sam,,,
Casey,Gonzalez2724,casey.gonzalez2724@example.com,(414) 555-2724,Green Bay,WI,54301,Gonzalez Properties,,,,
Riley,Thomas2725,riley.thomas2725@example.com,(414) 555-2725,Chicago,IL,60611,,Pat,two kids,new roof last year,sump pump check
Morgan,Jackson2726,morgan.jackson2726@example.com,(414) 555-2726,Evanston,IL,60201,,Chris,dog named Buddy,loves gardening,insurance deductible question
Avery,Johnson2727,avery.johnson2727@example.com,(414) 555-2727,Brookfield,WI,53005,Johnson Properties,Alex,parents nearby,just remodeled kitchen,tree trim quote
Quinn,Jones2728,quinn.jones2728@example.com,(414) 555-2728,Kenosha,WI,53140,,Sam,,,
Jamie,Davis2729,jamie.davis2729@example.com,(414) 555-2729,Appleton,WI,54911,,,,,
Cameron,Hernandez2730,cameron.hernandez2730@example.com,(414) 555-2730,Milwaukee,WI,53202,Hernandez Properties,Pat,two kids,new roof last year,sump pump check
Drew,Wilson2731,drew.wilson2731@example.com,(414) 555-2731,Waukesha,WI,53186,,Chris,dog named Buddy,loves gardening,insurance deductible question
Reese,Taylor2732,reese.taylor2732@example.com,(414) 555-2732,Racine,WI,53403,,Alex,parents nearby,just remodeled kitchen,tree trim quote
Skyler,Martin2733,skyler.martin2733@example.com,(414) 555-2733,Madison,WI,53703,Martin Properties,Sam,,,
Parker,Williams2734,parker.williams2734@example.com,(414) 555-2734,Green Bay,WI,54301,,,,,
Blake,Garcia2735,blake.garcia2735@example.com,(414) 555-2735,Chicago,IL,60611,,Pat,two kids,new roof last year,sump pump check
Hayden,Rodriguez2736,hayden.rodriguez2736@example.com,(414) 555-2736,Evanston,IL,60201,Rodriguez Properties,Chris,dog named Buddy,loves gardening,insurance deductible question
Rowan,Lopez2737,rowan.lopez2737@example.com,(414) 555-2737,Brookfield,WI,53005,,Alex,parents nearby,just remodeled kitchen,tree trim quote
Sawyer,Anderson2738,sawyer.anderson2738@example.com,(414) 555-2738,Kenosha,WI,53140,,Sam,,,
Finley,Moore2739,finley.moore2739@example.com,(414) 555-2739,Appleton,WI,54911,Moore Properties,,,,
Alex,Smith2740,alex.smith2740@example.com,(414) 555-2740,Milwaukee,WI,53202,,Pat,two kids,new roof last year,sump pump check
Jordan,Brown2741,jordan.brown2741@example.com,(414) 555-2741,Waukesha,WI,53186,,Chris,dog named Buddy,loves gardening,insurance deductible question
Sam,Miller2742,sam.miller2742@example.com,(414) 555-2742,Racine,WI,53403,Miller Properties,Alex,parents nearby,just remodeled kitchen,tree trim quote
Taylor,Martinez2743,taylor.martinez2743@example.com,(414) 555-2743,Madison,WI,53703,,Sam,,,
Casey,Gonzalez2744,casey.gonzalez2744@example.com,(414) 555-2744,Green Bay,WI,54301,,,,,
Riley,Thomas2745,riley.thomas2745@example.com,(414) 555-2745,Chicago,IL,60611,Thomas Properties,Pat,two kids,new roof last year,sump pump check
Morgan,Jackson2746,morgan.jackson2746@example.com,(414) 555-2746,Evanston,IL,60201,,Chris,dog named Buddy,loves gardening,insurance deductible question
Avery,Johnson2747,avery.johnson2747@example.com,(414) 555-2747,Brookfield,WI,53005,,Alex,parents nearby,just remodeled kitchen,tree trim quote
Quinn,Jones2748,quinn.jones2748@example.com,(414) 555-2748,Kenosha,WI,53140,Jones Properties,Sam,,,
Jamie,Davis2749,jamie.davis2749@example.com,(414) 555-2749,Appleton,WI,54911,,,,,
Cameron,Hernandez2750,cameron.hernandez2750@example.com,(414) 555-2750,Milwaukee,WI,53202,,Pat,two kids,new roof last year,sump pump check
Drew,Wilson2751,drew.wilson2751@example.com,(414) 555-2751,Waukesha,WI,53186,Wilson Properties,Chris,dog named Buddy,loves gardening,insurance deductible question
Reese,Taylor2752,reese.taylor2752@example.com,(414) 555-2752,Racine,WI,53403,,Alex,parents nearby,just remodeled kitchen,tree trim quote
Skyler,Martin2753,skyler.martin2753@example.com,(414) 555-2753,Madison,WI,53703,,Sam,,,
Parker,Williams2754,parker.williams2754@example.com,(414) 555-2754,Green Bay,WI,54301,Williams Properties,,,,
Blake,Garcia2755,blake.garcia2755@example.com,(414) 555-2755,Chicago,IL,60611,,Pat,two kids,new roof last year,sump pump check
Hayden,Rodriguez2756,hayden.rodriguez2756@example.com,(414) 555-2756,Evanston,IL,60201,,Chris,dog named Buddy,loves gardening,insurance deductible question
Rowan,Lopez2757,rowan.lopez2757@example.com,(414) 555-2757,Brookfield,WI,53005,Lopez Properties,Alex,parents nearby,just remodeled kitchen,tree trim quote
Sawyer,Anderson2758,sawyer.anderson2758@example.com,(414) 555-2758,Kenosha,WI,53140,,Sam,,,
Finley,Moore2759,finley.moore2759@example.com,(414) 555-2759,Appleton,WI,54911,,,,,
Alex,Smith2760,alex.smith2760@example.com,(414) 555-2760,Milwaukee,WI,53202,Smith Properties,Pat,two kids,new roof last year,sump pump check
Jordan,Brown2761,jordan.brown2761@example.com,(414) 555-2761,Waukesha,WI,53186,,Chris,dog named Buddy,loves gardening,insurance deductible question
Sam,Miller2762,sam.miller2762@example.com,(414) 555-2762,Racine,WI,53403,,Alex,parents nearby,just remodeled kitchen,tree trim quote
Taylor,Martinez2763,taylor.martinez2763@example.com,(414) 555-2763,Madison,WI,53703,Martinez Properties,Sam,,,
Casey,Gonzalez2764,casey.gonzalez2764@example.com,(414) 555-2764,Green Bay,WI,54301,,,,,
Riley,Thomas2765,riley.thomas2765@example.com,(414) 555-2765,Chicago,IL,60611,,Pat,two kids,new roof last year,sump pump check
Morgan,Jackson2766,morgan.jackson2766@example.com,(414) 555-2766,Evanston,IL,60201,Jackson Properties,Chris,dog named Buddy,loves gardening,insurance deductible question
Avery,Johnson2767,avery.johnson2767@example.com,(414) 555-2767,Brookfield,WI,53005,,Alex,parents nearby,just remodeled kitchen,tree trim quote
Quinn,Jones2768,quinn.jones2768@example.com,(414) 555-2768,Kenosha,WI,53140,,Sam,,,
Jamie,Davis2769,jamie.davis2769@example.com,(414) 555-2769,Appleton,WI,54911,Davis Properties,,,,
Cameron,Hernandez2770,cameron.hernandez2770@example.com,(414) 555-2770,Milwaukee,WI,53202,,Pat,two kids,new roof last year,sump pump check
Drew,Wilson2771,drew.wilson2771@example.com,(414) 555-2771,Waukesha,WI,53186,,Chris,dog named Buddy,loves gardening,insurance deductible question
Reese,Taylor2772,reese.taylor2772@example.com,(414) 555-2772,Racine,WI,53403,Taylor Properties,Alex,parents nearby,just remodeled kitchen,tree trim quote
Skyler,Martin2773,skyler.martin2773@example.com,(414) 555-2773,Madison,WI,53703,,Sam,,,
Parker,Williams2774,parker.williams2774@example.com,(414) 555-2774,Green Bay,WI,54301,,,,,
Blake,Garcia2775,blake.garcia2775@example.com,(414) 555-2775,Chicago,IL,60611,Garcia Properties,Pat,two kids,new roof last year,sump pump check
Hayden,Rodriguez2776,hayden.rodriguez2776@example.com,(414) 555-2776,Evanston,IL,60201,,Chris,dog named Buddy,loves gardening,insurance deductible question
Rowan,Lopez2777,rowan.lopez2777@example.com,(414) 555-2777,Brookfield,WI,53005,,Alex,parents nearby,just remodeled kitchen,tree trim quote
Sawyer,Anderson2778,sawyer.anderson2778@example.com,(414) 555-2778,Kenosha,WI,53140,Anderson Properties,Sam,,,
Finley,Moore2779,finley.moore2779@example.com,(414) 555-2779,Appleton,WI,54911,,,,,
Alex,Smith2780,alex.smith2780@example.com,(414) 555-2780,Milwaukee,WI,53202,,Pat,two kids,new roof last year,sump pump check
Jordan,Brown2781,jordan.brown2781@example.com,(414) 555-2781,Waukesha,WI,53186,Brown Properties,Chris,dog named Buddy,loves gardening,insurance deductible question
Sam,Miller2782,sam.miller2782@example.com,(414) 555-2782,Racine,WI,53403,,Alex,parents nearby,just remodeled kitchen,tree trim quote
Taylor,Martinez2783,taylor.martinez2783@example.com,(414) 555-2783,Madison,WI,53703,,Sam,,,
Casey,Gonzalez2784,casey.gonzalez2784@example.com,(414) 555-2784,Green Bay,WI,54301,Gonzalez Properties,,,,
Riley,Thomas2785,riley.thomas2785@example.com,(414) 555-2785,Chicago,IL,60611,,Pat,two kids,new roof last year,sump pump check
Morgan,Jackson2786,morgan.jackson2786@example.com,(414) 555-2786,Evanston,IL,60201,,Chris,dog named Buddy,loves gardening,insurance deductible question
Avery,Johnson2787,avery.johnson2787@example.com,(414) 555-2787,Brookfield,WI,53005,Johnson Properties,Alex,parents nearby,just remodeled kitchen,tree trim quote
Quinn,Jones2788,quinn.jones2788@example.com,(414) 555-2788,Kenosha,WI,53140,,Sam,,,
Jamie,Davis2789,jamie.davis2789@example.com,(414) 555-2789,Appleton,WI,54911,,,,,
Cameron,Hernandez2790,cameron.hernandez2790@example.com,(414) 555-2790,Milwaukee,WI,53202,Hernandez Properties,Pat,two kids,new roof last year,sump pump check
Drew,Wilson2791,drew.wilson2791@example.com,(414) 555-2791,Waukesha,WI,53186,,Chris,dog named Buddy,loves gardening,insurance deductible question
Reese,Taylor2792,reese.taylor2792@example.com,(414) 555-2792,Racine,WI,53403,,Alex,parents nearby,just remodeled kitchen,tree trim quote
Skyler,Martin2793,skyler.martin2793@example.com,(414) 555-2793,Madison,WI,53703,Martin Properties,Sam,,,
Parker,Williams2794,parker.williams2794@example.com,(414) 555-2794,Green Bay,WI,54301,,,,,
Blake,Garcia2795,blake.garcia2795@example.com,(414) 555-2795,Chicago,IL,60611,,Pat,two kids,new roof last year,sump pump check
Hayden,Rodriguez2796,hayden.rodriguez2796@example.com,(414) 555-2796,Evanston,IL,60201,Rodriguez Properties,Chris,dog named Buddy,loves gardening,insurance deductible question
Rowan,Lopez2797,rowan.lopez2797@example.com,(414) 555-2797,Brookfield,WI,53005,,Alex,parents nearby,just remodeled kitchen,tree trim quote
Sawyer,Anderson2798,sawyer.anderson2798@example.com,(414) 555-2798,Kenosha,WI,53140,,Sam,,,
Finley,Moore2799,finley.moore2799@example.com,(414) 555-2799,Appleton,WI,54911,Moore Properties,,,,
Alex,Smith2800,alex.smith2800@example.com,(414) 555-2800,Milwaukee,WI,53202,,Pat,two kids,new roof last year,sump pump check
Jordan,Brown2801,jordan.brown2801@example.com,(414) 555-2801,Waukesha,WI,53186,,Chris,dog named Buddy,loves gardening,insurance deductible question
Sam,Miller2802,sam.miller2802@example.com,(414) 555-2802,Racine,WI,53403,Miller Properties,Alex,parents nearby,just remodeled kitchen,tree trim quote
Taylor,Martinez2803,taylor.martinez2803@example.com,(414) 555-2803,Madison,WI,53703,,Sam,,,
Casey,Gonzalez2804,casey.gonzalez2804@example.com,(414) 555-2804,Green Bay,WI,54301,,,,,
Riley,Thomas2805,riley.thomas2805@example.com,(414) 555-2805,Chicago,IL,60611,Thomas Properties,Pat,two kids,new roof last year,sump pump check
Morgan,Jackson2806,morgan.jackson2806@example.com,(414) 555-2806,Evanston,IL,60201,,Chris,dog named Buddy,loves gardening,insurance deductible question
Avery,Johnson2807,avery.johnson2807@example.com,(414) 555-2807,Brookfield,WI,53005,,Alex,parents nearby,just remodeled kitchen,tree trim quote
Quinn,Jones2808,quinn.jones2808@example.com,(414) 555-2808,Kenosha,WI,53140,Jones Properties,Sam,,,
Jamie,Davis2809,jamie.davis2809@example.com,(414) 555-2809,Appleton,WI,54911,,,,,
Cameron,Hernandez2810,cameron.hernandez2810@example.com,(414) 555-2810,Milwaukee,WI,53202,,Pat,two kids,new roof last year,sump pump check
Drew,Wilson2811,drew.wilson2811@example.com,(414) 555-2811,Waukesha,WI,53186,Wilson Properties,Chris,dog named Buddy,loves gardening,insurance deductible question
Reese,Taylor2812,reese.taylor2812@example.com,(414) 555-2812,Racine,WI,53403,,Alex,parents nearby,just remodeled kitchen,tree trim quote
Skyler,Martin2813,skyler.martin2813@example.com,(414) 555-2813,Madison,WI,53703,,Sam,,,
Parker,Williams2814,parker.williams2814@example.com,(414) 555-2814,Green Bay,WI,54301,Williams Properties,,,,
Blake,Garcia2815,blake.garcia2815@example.com,(414) 555-2815,Chicago,IL,60611,,Pat,two kids,new roof last year,sump pump check
Hayden,Rodriguez2816,hayden.rodriguez2816@example.com,(414) 555-2816,Evanston,IL,60201,,Chris,dog named Buddy,loves gardening,insurance deductible question
Rowan,Lopez2817,rowan.lopez2817@example.com,(414) 555-2817,Brookfield,WI,53005,Lopez Properties,Alex,parents nearby,just remodeled kitchen,tree trim quote
Sawyer,Anderson2818,sawyer.anderson2818@example.com,(414) 555-2818,Kenosha,WI,53140,,Sam,,,
Finley,Moore2819,finley.moore2819@example.com,(414) 555-2819,Appleton,WI,54911,,,,,
Alex,Smith2820,alex.smith2820@example.com,(414) 555-2820,Milwaukee,WI,53202,Smith Properties,Pat,two kids,new roof last year,sump pump check
Jordan,Brown2821,jordan.brown2821@example.com,(414) 555-2821,Waukesha,WI,53186,,Chris,dog named Buddy,loves gardening,insurance deductible question
Sam,Miller2822,sam.miller2822@example.com,(414) 555-2822,Racine,WI,53403,,Alex,parents nearby,just remodeled kitchen,tree trim quote
Taylor,Martinez2823,taylor.martinez2823@example.com,(414) 555-2823,Madison,WI,53703,Martinez Properties,Sam,,,
Casey,Gonzalez2824,casey.gonzalez2824@example.com,(414) 555-2824,Green Bay,WI,54301,,,,,
Riley,Thomas2825,riley.thomas2825@example.com,(414) 555-2825,Chicago,IL,60611,,Pat,two kids,new roof last year,sump pump check
Morgan,Jackson2826,morgan.jackson2826@example.com,(414) 555-2826,Evanston,IL,60201,Jackson Properties,Chris,dog named Buddy,loves gardening,insurance deductible question
Avery,Johnson2827,avery.johnson2827@example.com,(414) 555-2827,Brookfield,WI,53005,,Alex,parents nearby,just remodeled kitchen,tree trim quote
Quinn,Jones2828,quinn.jones2828@example.com,(414) 555-2828,Kenosha,WI,53140,,Sam,,,
Jamie,Davis2829,jamie.davis2829@example.com,(414) 555-2829,Appleton,WI,54911,Davis Properties,,,,
Cameron,Hernandez2830,cameron.hernandez2830@example.com,(414) 555-2830,Milwaukee,WI,53202,,Pat,two kids,new roof last year,sump pump check
Drew,Wilson2831,drew.wilson2831@example.com,(414) 555-2831,Waukesha,WI,53186,,Chris,dog named Buddy,loves gardening,insurance deductible question
Reese,Taylor2832,reese.taylor2832@example.com,(414) 555-2832,Racine,WI,53403,Taylor Properties,Alex,parents nearby,just remodeled kitchen,tree trim quote
Skyler,Martin2833,skyler.martin2833@example.com,(414) 555-2833,Madison,WI,53703,,Sam,,,
Parker,Williams2834,parker.williams2834@example.com,(414) 555-2834,Green Bay,WI,54301,,,,,
Blake,Garcia2835,blake.garcia2835@example.com,(414) 555-2835,Chicago,IL,60611,Garcia Properties,Pat,two kids,new roof last year,sump pump check
Hayden,Rodriguez2836,hayden.rodriguez2836@example.com,(414) 555-2836,Evanston,IL,60201,,Chris,dog named Buddy,loves gardening,insurance deductible question
Rowan,Lopez2837,rowan.lopez2837@example.com,(414) 555-2837,Brookfield,WI,53005,,Alex,parents nearby,just remodeled kitchen,tree trim quote
Sawyer,Anderson2838,sawyer.anderson2838@example.com,(414) 555-2838,Kenosha,WI,53140,Anderson Properties,Sam,,,
Finley,Moore2839,finley.moore2839@example.com,(414) 555-2839,Appleton,WI,54911,,,,,
Alex,Smith2840,alex.smith2840@example.com,(414) 555-2840,Milwaukee,WI,53202,,Pat,two kids,new roof last year,sump pump check
Jordan,Brown2841,jordan.brown2841@example.com,(414) 555-2841,Waukesha,WI,53186,Brown Properties,Chris,dog named Buddy,loves gardening,insurance deductible question
Sam,Miller2842,sam.miller2842@example.com,(414) 555-2842,Racine,WI,53403,,Alex,parents nearby,just remodeled kitchen,tree trim quote
Taylor,Martinez2843,taylor.martinez2843@example.com,(414) 555-2843,Madison,WI,53703,,Sam,,,
Casey,Gonzalez2844,casey.gonzalez2844@example.com,(414) 555-2844,Green Bay,WI,54301,Gonzalez Properties,,,,
Riley,Thomas2845,riley.thomas2845@example.com,(414) 555-2845,Chicago,IL,60611,,Pat,two kids,new roof last year,sump pump check
Morgan,Jackson2846,morgan.jackson2846@example.com,(414) 555-2846,Evanston,IL,60201,,Chris,dog named Buddy,loves gardening,insurance deductible question
Avery,Johnson2847,avery.johnson2847@example.com,(414) 555-2847,Brookfield,WI,53005,Johnson Properties,Alex,parents nearby,just remodeled kitchen,tree trim quote
Quinn,Jones2848,quinn.jones2848@example.com,(414) 555-2848,Kenosha,WI,53140,,Sam,,,
Jamie,Davis2849,jamie.davis2849@example.com,(414) 555-2849,Appleton,WI,54911,,,,,
Cameron,Hernandez2850,cameron.hernandez2850@example.com,(414) 555-2850,Milwaukee,WI,53202,Hernandez Properties,Pat,two kids,new roof last year,sump pump check
Drew,Wilson2851,drew.wilson2851@example.com,(414) 555-2851,Waukesha,WI,53186,,Chris,dog named Buddy,loves gardening,insurance deductible question
Reese,Taylor2852,reese.taylor2852@example.com,(414) 555-2852,Racine,WI,53403,,Alex,parents nearby,just remodeled kitchen,tree trim quote
Skyler,Martin2853,skyler.martin2853@example.com,(414) 555-2853,Madison,WI,53703,Martin Properties,Sam,,,
Parker,Williams2854,parker.williams2854@example.com,(414) 555-2854,Green Bay,WI,54301,,,,,
Blake,Garcia2855,blake.garcia2855@example.com,(414) 555-2855,Chicago,IL,60611,,Pat,two kids,new roof last year,sump pump check
Hayden,Rodriguez2856,hayden.rodriguez2856@example.com,(414) 555-2856,Evanston,IL,60201,Rodriguez Properties,Chris,dog named Buddy,loves gardening,insurance deductible question
Rowan,Lopez2857,rowan.lopez2857@example.com,(414) 555-2857,Brookfield,WI,53005,,Alex,parents nearby,just remodeled kitchen,tree trim quote
Sawyer,Anderson2858,sawyer.anderson2858@example.com,(414) 555-2858,Kenosha,WI,53140,,Sam,,,
Finley,Moore2859,finley.moore2859@example.com,(414) 555-2859,Appleton,WI,54911,Moore Properties,,,,
Alex,Smith2860,alex.smith2860@example.com,(414) 555-2860,Milwaukee,WI,53202,,Pat,two kids,new roof last year,sump pump check
Jordan,Brown2861,jordan.brown2861@example.com,(414) 555-2861,Waukesha,WI,53186,,Chris,dog named Buddy,loves gardening,insurance deductible question
Sam,Miller2862,sam.miller2862@example.com,(414) 555-2862,Racine,WI,53403,Miller Properties,Alex,parents nearby,just remodeled kitchen,tree trim quote
Taylor,Martinez2863,taylor.martinez2863@example.com,(414) 555-2863,Madison,WI,53703,,Sam,,,
Casey,Gonzalez2864,casey.gonzalez2864@example.com,(414) 555-2864,Green Bay,WI,54301,,,,,
Riley,Thomas2865,riley.thomas2865@example.com,(414) 555-2865,Chicago,IL,60611,Thomas Properties,Pat,two kids,new roof last year,sump pump check
Morgan,Jackson2866,morgan.jackson2866@example.com,(414) 555-2866,Evanston,IL,60201,,Chris,dog named Buddy,loves gardening,insurance deductible question
Avery,Johnson2867,avery.johnson2867@example.com,(414) 555-2867,Brookfield,WI,53005,,Alex,parents nearby,just remodeled kitchen,tree trim quote
Quinn,Jones2868,quinn.jones2868@example.com,(414) 555-2868,Kenosha,WI,53140,Jones Properties,Sam,,,
Jamie,Davis2869,jamie.davis2869@example.com,(414) 555-2869,Appleton,WI,54911,,,,,
Cameron,Hernandez2870,cameron.hernandez2870@example.com,(414) 555-2870,Milwaukee,WI,53202,,Pat,two kids,new roof last year,sump pump check
Drew,Wilson2871,drew.wilson2871@example.com,(414) 555-2871,Waukesha,WI,53186,Wilson Properties,Chris,dog named Buddy,loves gardening,insurance deductible question
Reese,Taylor2872,reese.taylor2872@example.com,(414) 555-2872,Racine,WI,53403,,Alex,parents nearby,just remodeled kitchen,tree trim quote
Skyler,Martin2873,skyler.martin2873@example.com,(414) 555-2873,Madison,WI,53703,,Sam,,,
Parker,Williams2874,parker.williams2874@example.com,(414) 555-2874,Green Bay,WI,54301,Williams Properties,,,,
Blake,Garcia2875,blake.garcia2875@example.com,(414) 555-2875,Chicago,IL,60611,,Pat,two kids,new roof last year,sump pump check
Hayden,Rodriguez2876,hayden.rodriguez2876@example.com,(414) 555-2876,Evanston,IL,60201,,Chris,dog named Buddy,loves gardening,insurance deductible question
Rowan,Lopez2877,rowan.lopez2877@example.com,(414) 555-2877,Brookfield,WI,53005,Lopez Properties,Alex,parents nearby,just remodeled kitchen,tree trim quote
Sawyer,Anderson2878,sawyer.anderson2878@example.com,(414) 555-2878,Kenosha,WI,53140,,Sam,,,
Finley,Moore2879,finley.moore2879@example.com,(414) 555-2879,Appleton,WI,54911,,,,,
Alex,Smith2880,alex.smith2880@example.com,(414) 555-2880,Milwaukee,WI,53202,Smith Properties,Pat,two kids,new roof last year,sump pump check
Jordan,Brown2881,jordan.brown2881@example.com,(414) 555-2881,Waukesha,WI,53186,,Chris,dog named Buddy,loves gardening,insurance deductible question
Sam,Miller2882,sam.miller2882@example.com,(414) 555-2882,Racine,WI,53403,,Alex,parents nearby,just remodeled kitchen,tree trim quote
Taylor,Martinez2883,taylor.martinez2883@example.com,(414) 555-2883,Madison,WI,53703,Martinez Properties,Sam,,,
Casey,Gonzalez2884,casey.gonzalez2884@example.com,(414) 555-2884,Green Bay,WI,54301,,,,,
Riley,Thomas2885,riley.thomas2885@example.com,(414) 555-2885,Chicago,IL,60611,,Pat,two kids,new roof last year,sump pump check
Morgan,Jackson2886,morgan.jackson2886@example.com,(414) 555-2886,Evanston,IL,60201,Jackson Properties,Chris,dog named Buddy,loves gardening,insurance deductible question
Avery,Johnson2887,avery.johnson2887@example.com,(414) 555-2887,Brookfield,WI,53005,,Alex,parents nearby,just remodeled kitchen,tree trim quote
Quinn,Jones2888,quinn.jones2888@example.com,(414) 555-2888,Kenosha,WI,53140,,Sam,,,
Jamie,Davis2889,jamie.davis2889@example.com,(414) 555-2889,Appleton,WI,54911,Davis Properties,,,,
Cameron,Hernandez2890,cameron.hernandez2890@example.com,(414) 555-2890,Milwaukee,WI,53202,,Pat,two kids,new roof last year,sump pump check
Drew,Wilson2891,drew.wilson2891@example.com,(414) 555-2891,Waukesha,WI,53186,,Chris,dog named Buddy,loves gardening,insurance deductible question
Reese,Taylor2892,reese.taylor2892@example.com,(414) 555-2892,Racine,WI,53403,Taylor Properties,Alex,parents nearby,just remodeled kitchen,tree trim quote
Skyler,Martin2893,skyler.martin2893@example.com,(414) 555-2893,Madison,WI,53703,,Sam,,,
Parker,Williams2894,parker.williams2894@example.com,(414) 555-2894,Green Bay,WI,54301,,,,,
Blake,Garcia2895,blake.garcia2895@example.com,(414) 555-2895,Chicago,IL,60611,Garcia Properties,Pat,two kids,new roof last year,sump pump check
Hayden,Rodriguez2896,hayden.rodriguez2896@example.com,(414) 555-2896,Evanston,IL,60201,,Chris,dog named Buddy,loves gardening,insurance deductible question
Rowan,Lopez2897,rowan.lopez2897@example.com,(414) 555-2897,Brookfield,WI,53005,,Alex,parents nearby,just remodeled kitchen,tree trim quote
Sawyer,Anderson2898,sawyer.anderson2898@example.com,(414) 555-2898,Kenosha,WI,53140,Anderson Properties,Sam,,,
Finley,Moore2899,finley.moore2899@example.com,(414) 555-2899,Appleton,WI,54911,,,,,
Alex,Smith2900,alex.smith2900@example.com,(414) 555-2900,Milwaukee,WI,53202,,Pat,two kids,new roof last year,sump pump check
Jordan,Brown2901,jordan.brown2901@example.com,(414) 555-2901,Waukesha,WI,53186,Brown Properties,Chris,dog named Buddy,loves gardening,insurance deductible question
Sam,Miller2902,sam.miller2902@example.com,(414) 555-2902,Racine,WI,53403,,Alex,parents nearby,just remodeled kitchen,tree trim quote
Taylor,Martinez2903,taylor.martinez2903@example.com,(414) 555-2903,Madison,WI,53703,,Sam,,,
Casey,Gonzalez2904,casey.gonzalez2904@example.com,(414) 555-2904,Green Bay,WI,54301,Gonzalez Properties,,,,
Riley,Thomas2905,riley.thomas2905@example.com,(414) 555-2905,Chicago,IL,60611,,Pat,two kids,new roof last year,sump pump check
Morgan,Jackson2906,morgan.jackson2906@example.com,(414) 555-2906,Evanston,IL,60201,,Chris,dog named Buddy,loves gardening,insurance deductible question
Avery,Johnson2907,avery.johnson2907@example.com,(414) 555-2907,Brookfield,WI,53005,Johnson Properties,Alex,parents nearby,just remodeled kitchen,tree trim quote
Quinn,Jones2908,quinn.jones2908@example.com,(414) 555-2908,Kenosha,WI,53140,,Sam,,,
Jamie,Davis2909,jamie.davis2909@example.com,(414) 555-2909,Appleton,WI,54911,,,,,
Cameron,Hernandez2910,cameron.hernandez2910@example.com,(414) 555-2910,Milwaukee,WI,53202,Hernandez Properties,Pat,two kids,new roof last year,sump pump check
Drew,Wilson2911,drew.wilson2911@example.com,(414) 555-2911,Waukesha,WI,53186,,Chris,dog named Buddy,loves gardening,insurance deductible question
Reese,Taylor2912,reese.taylor2912@example.com,(414) 555-2912,Racine,WI,53403,,Alex,parents nearby,just remodeled kitchen,tree trim quote
Skyler,Martin2913,skyler.martin2913@example.com,(414) 555-2913,Madison,WI,53703,Martin Properties,Sam,,,
Parker,Williams2914,parker.williams2914@example.com,(414) 555-2914,Green Bay,WI,54301,,,,,
Blake,Garcia2915,blake.garcia2915@example.com,(414) 555-2915,Chicago,IL,60611,,Pat,two kids,new roof last year,sump pump check
Hayden,Rodriguez2916,hayden.rodriguez2916@example.com,(414) 555-2916,Evanston,IL,60201,Rodriguez Properties,Chris,dog named Buddy,loves gardening,insurance deductible question
Rowan,Lopez2917,rowan.lopez2917@example.com,(414) 555-2917,Brookfield,WI,53005,,Alex,parents nearby,just remodeled kitchen,tree trim quote
Sawyer,Anderson2918,sawyer.anderson2918@example.com,(414) 555-2918,Kenosha,WI,53140,,Sam,,,
Finley,Moore2919,finley.moore2919@example.com,(414) 555-2919,Appleton,WI,54911,Moore Properties,,,,
Alex,Smith2920,alex.smith2920@example.com,(414) 555-2920,Milwaukee,WI,53202,,Pat,two kids,new roof last year,sump pump check
Jordan,Brown2921,jordan.brown2921@example.com,(414) 555-2921,Waukesha,WI,53186,,Chris,dog named Buddy,loves gardening,insurance deductible question
Sam,Miller2922,sam.miller2922@example.com,(414) 555-2922,Racine,WI,53403,Miller Properties,Alex,parents nearby,just remodeled kitchen,tree trim quote
Taylor,Martinez2923,taylor.martinez2923@example.com,(414) 555-2923,Madison,WI,53703,,Sam,,,
Casey,Gonzalez2924,casey.gonzalez2924@example.com,(414) 555-2924,Green Bay,WI,54301,,,,,
Riley,Thomas2925,riley.thomas2925@example.com,(414) 555-2925,Chicago,IL,60611,Thomas Properties,Pat,two kids,new roof last year,sump pump check
Morgan,Jackson2926,morgan.jackson2926@example.com,(414) 555-2926,Evanston,IL,60201,,Chris,dog named Buddy,loves gardening,insurance deductible question
Avery,Johnson2927,avery.johnson2927@example.com,(414) 555-2927,Brookfield,WI,53005,,Alex,parents nearby,just remodeled kitchen,tree trim quote
Quinn,Jones2928,quinn.jones2928@example.com,(414) 555-2928,Kenosha,WI,53140,Jones Properties,Sam,,,
Jamie,Davis2929,jamie.davis2929@example.com,(414) 555-2929,Appleton,WI,54911,,,,,
Cameron,Hernandez2930,cameron.hernandez2930@example.com,(414) 555-2930,Milwaukee,WI,53202,,Pat,two kids,new roof last year,sump pump check
Drew,Wilson2931,drew.wilson2931@example.com,(414) 555-2931,Waukesha,WI,53186,Wilson Properties,Chris,dog named Buddy,loves gardening,insurance deductible question
Reese,Taylor2932,reese.taylor2932@example.com,(414) 555-2932,Racine,WI,53403,,Alex,parents nearby,just remodeled kitchen,tree trim quote
Skyler,Martin2933,skyler.martin2933@example.com,(414) 555-2933,Madison,WI,53703,,Sam,,,
Parker,Williams2934,parker.williams2934@example.com,(414) 555-2934,Green Bay,WI,54301,Williams Properties,,,,
Blake,Garcia2935,blake.garcia2935@example.com,(414) 555-2935,Chicago,IL,60611,,Pat,two kids,new roof last year,sump pump check
Hayden,Rodriguez2936,hayden.rodriguez2936@example.com,(414) 555-2936,Evanston,IL,60201,,Chris,dog named Buddy,loves gardening,insurance deductible question
Rowan,Lopez2937,rowan.lopez2937@example.com,(414) 555-2937,Brookfield,WI,53005,Lopez Properties,Alex,parents nearby,just remodeled kitchen,tree trim quote
Sawyer,Anderson2938,sawyer.anderson2938@example.com,(414) 555-2938,Kenosha,WI,53140,,Sam,,,
Finley,Moore2939,finley.moore2939@example.com,(414) 555-2939,Appleton,WI,54911,,,,,
Alex,Smith2940,alex.smith2940@example.com,(414) 555-2940,Milwaukee,WI,53202,Smith Properties,Pat,two kids,new roof last year,sump pump check
Jordan,Brown2941,jordan.brown2941@example.com,(414) 555-2941,Waukesha,WI,53186,,Chris,dog named Buddy,loves gardening,insurance deductible question
Sam,Miller2942,sam.miller2942@example.com,(414) 555-2942,Racine,WI,53403,,Alex,parents nearby,just remodeled kitchen,tree trim quote
Taylor,Martinez2943,taylor.martinez2943@example.com,(414) 555-2943,Madison,WI,53703,Martinez Properties,Sam,,,
Casey,Gonzalez2944,casey.gonzalez2944@example.com,(414) 555-2944,Green Bay,WI,54301,,,,,
Riley,Thomas2945,riley.thomas2945@example.com,(414) 555-2945,Chicago,IL,60611,,Pat,two kids,new roof last year,sump pump check
Morgan,Jackson2946,morgan.jackson2946@example.com,(414) 555-2946,Evanston,IL,60201,Jackson Properties,Chris,dog named Buddy,loves gardening,insurance deductible question
Avery,Johnson2947,avery.johnson2947@example.com,(414) 555-2947,Brookfield,WI,53005,,Alex,parents nearby,just remodeled kitchen,tree trim quote
Quinn,Jones2948,quinn.jones2948@example.com,(414) 555-2948,Kenosha,WI,53140,,Sam,,,
Jamie,Davis2949,jamie.davis2949@example.com,(414) 555-2949,Appleton,WI,54911,Davis Properties,,,,
Cameron,Hernandez2950,cameron.hernandez2950@example.com,(414) 555-2950,Milwaukee,WI,53202,,Pat,two kids,new roof last year,sump pump check
Drew,Wilson2951,drew.wilson2951@example.com,(414) 555-2951,Waukesha,WI,53186,,Chris,dog named Buddy,loves gardening,insurance deductible question
Reese,Taylor2952,reese.taylor2952@example.com,(414) 555-2952,Racine,WI,53403,Taylor Properties,Alex,parents nearby,just remodeled kitchen,tree trim quote
Skyler,Martin2953,skyler.martin2953@example.com,(414) 555-2953,Madison,WI,53703,,Sam,,,
Parker,Williams2954,parker.williams2954@example.com,(414) 555-2954,Green Bay,WI,54301,,,,,
Blake,Garcia2955,blake.garcia2955@example.com,(414) 555-2955,Chicago,IL,60611,Garcia Properties,Pat,two kids,new roof last year,sump pump check
Hayden,Rodriguez2956,hayden.rodriguez2956@example.com,(414) 555-2956,Evanston,IL,60201,,Chris,dog named Buddy,loves gardening,insurance deductible question
Rowan,Lopez2957,rowan.lopez2957@example.com,(414) 555-2957,Brookfield,WI,53005,,Alex,parents nearby,just remodeled kitchen,tree trim quote
Sawyer,Anderson2958,sawyer.anderson2958@example.com,(414) 555-2958,Kenosha,WI,53140,Anderson Properties,Sam,,,
Finley,Moore2959,finley.moore2959@example.com,(414) 555-2959,Appleton,WI,54911,,,,,
Alex,Smith2960,alex.smith2960@example.com,(414) 555-2960,Milwaukee,WI,53202,,Pat,two kids,new roof last year,sump pump check
Jordan,Brown2961,jordan.brown2961@example.com,(414) 555-2961,Waukesha,WI,53186,Brown Properties,Chris,dog named Buddy,loves gardening,insurance deductible question
Sam,Miller2962,sam.miller2962@example.com,(414) 555-2962,Racine,WI,53403,,Alex,parents nearby,just remodeled kitchen,tree trim quote
Taylor,Martinez2963,taylor.martinez2963@example.com,(414) 555-2963,Madison,WI,53703,,Sam,,,
Casey,Gonzalez2964,casey.gonzalez2964@example.com,(414) 555-2964,Green Bay,WI,54301,Gonzalez Properties,,,,
Riley,Thomas2965,riley.thomas2965@example.com,(414) 555-2965,Chicago,IL,60611,,Pat,two kids,new roof last year,sump pump check
Morgan,Jackson2966,morgan.jackson2966@example.com,(414) 555-2966,Evanston,IL,60201,,Chris,dog named Buddy,loves gardening,insurance deductible question
Avery,Johnson2967,avery.johnson2967@example.com,(414) 555-2967,Brookfield,WI,53005,Johnson Properties,Alex,parents nearby,just remodeled kitchen,tree trim quote
Quinn,Jones2968,quinn.jones2968@example.com,(414) 555-2968,Kenosha,WI,53140,,Sam,,,
Jamie,Davis2969,jamie.davis2969@example.com,(414) 555-2969,Appleton,WI,54911,,,,,
Cameron,Hernandez2970,cameron.hernandez2970@example.com,(414) 555-2970,Milwaukee,WI,53202,Hernandez Properties,Pat,two kids,new roof last year,sump pump check
Drew,Wilson2971,drew.wilson2971@example.com,(414) 555-2971,Waukesha,WI,53186,,Chris,dog named Buddy,loves gardening,insurance deductible question
Reese,Taylor2972,reese.taylor2972@example.com,(414) 555-2972,Racine,WI,53403,,Alex,parents nearby,just remodeled kitchen,tree trim quote
Skyler,Martin2973,skyler.martin2973@example.com,(414) 555-2973,Madison,WI,53703,Martin Properties,Sam,,,
Parker,Williams2974,parker.williams2974@example.com,(414) 555-2974,Green Bay,WI,54301,,,,,
Blake,Garcia2975,blake.garcia2975@example.com,(414) 555-2975,Chicago,IL,60611,,Pat,two kids,new roof last year,sump pump check
Hayden,Rodriguez2976,hayden.rodriguez2976@example.com,(414) 555-2976,Evanston,IL,60201,Rodriguez Properties,Chris,dog named Buddy,loves gardening,insurance deductible question
Rowan,Lopez2977,rowan.lopez2977@example.com,(414) 555-2977,Brookfield,WI,53005,,Alex,parents nearby,just remodeled kitchen,tree trim quote
Sawyer,Anderson2978,sawyer.anderson2978@example.com,(414) 555-2978,Kenosha,WI,53140,,Sam,,,
Finley,Moore2979,finley.moore2979@example.com,(414) 555-2979,Appleton,WI,54911,Moore Properties,,,,
Alex,Smith2980,alex.smith2980@example.com,(414) 555-2980,Milwaukee,WI,53202,,Pat,two kids,new roof last year,sump pump check
Jordan,Brown2981,jordan.brown2981@example.com,(414) 555-2981,Waukesha,WI,53186,,Chris,dog named Buddy,loves gardening,insurance deductible question
Sam,Miller2982,sam.miller2982@example.com,(414) 555-2982,Racine,WI,53403,Miller Properties,Alex,parents nearby,just remodeled kitchen,tree trim quote
Taylor,Martinez2983,taylor.martinez2983@example.com,(414) 555-2983,Madison,WI,53703,,Sam,,,
Casey,Gonzalez2984,casey.gonzalez2984@example.com,(414) 555-2984,Green Bay,WI,54301,,,,,
Riley,Thomas2985,riley.thomas2985@example.com,(414) 555-2985,Chicago,IL,60611,Thomas Properties,Pat,two kids,new roof last year,sump pump check
Morgan,Jackson2986,morgan.jackson2986@example.com,(414) 555-2986,Evanston,IL,60201,,Chris,dog named Buddy,loves gardening,insurance deductible question
Avery,Johnson2987,avery.johnson2987@example.com,(414) 555-2987,Brookfield,WI,53005,,Alex,parents nearby,just remodeled kitchen,tree trim quote
Quinn,Jones2988,quinn.jones2988@example.com,(414) 555-2988,Kenosha,WI,53140,Jones Properties,Sam,,,
Jamie,Davis2989,jamie.davis2989@example.com,(414) 555-2989,Appleton,WI,54911,,,,,
Cameron,Hernandez2990,cameron.hernandez2990@example.com,(414) 555-2990,Milwaukee,WI,53202,,Pat,two kids,new roof last year,sump pump check
Drew,Wilson2991,drew.wilson2991@example.com,(414) 555-2991,Waukesha,WI,53186,Wilson Properties,Chris,dog named Buddy,loves gardening,insurance deductible question
Reese,Taylor2992,reese.taylor2992@example.com,(414) 555-2992,Racine,WI,53403,,Alex,parents nearby,just remodeled kitchen,tree trim quote
Skyler,Martin2993,skyler.martin2993@example.com,(414) 555-2993,Madison,WI,53703,,Sam,,,
Parker,Williams2994,parker.williams2994@example.com,(414) 555-2994,Green Bay,WI,54301,Williams Properties,,,,
Blake,Garcia2995,blake.garcia2995@example.com,(414) 555-2995,Chicago,IL,60611,,Pat,two kids,new roof last year,sump pump check
Hayden,Rodriguez2996,hayden.rodriguez2996@example.com,(414) 555-2996,Evanston,IL,60201,,Chris,dog named Buddy,loves gardening,insurance deductible question
Rowan,Lopez2997,rowan.lopez2997@example.com,(414) 555-2997,Brookfield,WI,53005,Lopez Properties,Alex,parents nearby,just remodeled kitchen,tree trim quote
Sawyer,Anderson2998,sawyer.anderson2998@example.com,(414) 555-2998,Kenosha,WI,53140,,Sam,,,
Finley,Moore2999,finley.moore2999@example.com,(414) 555-2999,Appleton,WI,54911,,,,,
Alex,Smith3000,alex.smith3000@example.com,(414) 555-3000,Milwaukee,WI,53202,Smith Properties,Pat,two kids,new roof last year,sump pump check
Jordan,Brown3001,jordan.brown3001@example.com,(414) 555-3001,Waukesha,WI,53186,,Chris,dog named Buddy,loves gardening,insurance deductible question
Sam,Miller3002,sam.miller3002@example.com,(414) 555-3002,Racine,WI,53403,,Alex,parents nearby,just remodeled kitchen,tree trim quote
Taylor,Martinez3003,taylor.martinez3003@example.com,(414) 555-3003,Madison,WI,53703,Martinez Properties,Sam,,,
Casey,Gonzalez3004,casey.gonzalez3004@example.com,(414) 555-3004,Green Bay,WI,54301,,,,,
Riley,Thomas3005,riley.thomas3005@example.com,(414) 555-3005,Chicago,IL,60611,,Pat,two kids,new roof last year,sump pump check
Morgan,Jackson3006,morgan.jackson3006@example.com,(414) 555-3006,Evanston,IL,60201,Jackson Properties,Chris,dog named Buddy,loves gardening,insurance deductible question
Avery,Johnson3007,avery.johnson3007@example.com,(414) 555-3007,Brookfield,WI,53005,,Alex,parents nearby,just remodeled kitchen,tree trim quote
Quinn,Jones3008,quinn.jones3008@example.com,(414) 555-3008,Kenosha,WI,53140,,Sam,,,
Jamie,Davis3009,jamie.davis3009@example.com,(414) 555-3009,Appleton,WI,54911,Davis Properties,,,,
Cameron,Hernandez3010,cameron.hernandez3010@example.com,(414) 555-3010,Milwaukee,WI,53202,,Pat,two kids,new roof last year,sump pump check
Drew,Wilson3011,drew.wilson3011@example.com,(414) 555-3011,Waukesha,WI,53186,,Chris,dog named Buddy,loves gardening,insurance deductible question
Reese,Taylor3012,reese.taylor3012@example.com,(414) 555-3012,Racine,WI,53403,Taylor Properties,Alex,parents nearby,just remodeled kitchen,tree trim quote
Skyler,Martin3013,skyler.martin3013@example.com,(414) 555-3013,Madison,WI,53703,,Sam,,,
Parker,Williams3014,parker.williams3014@example.com,(414) 555-3014,Green Bay,WI,54301,,,,,
Blake,Garcia3015,blake.garcia3015@example.com,(414) 555-3015,Chicago,IL,60611,Garcia Properties,Pat,two kids,new roof last year,sump pump check
Hayden,Rodriguez3016,hayden.rodriguez3016@example.com,(414) 555-3016,Evanston,IL,60201,,Chris,dog named Buddy,loves gardening,insurance deductible question
Rowan,Lopez3017,rowan.lopez3017@example.com,(414) 555-3017,Brookfield,WI,53005,,Alex,parents nearby,just remodeled kitchen,tree trim quote
Sawyer,Anderson3018,sawyer.anderson3018@example.com,(414) 555-3018,Kenosha,WI,53140,Anderson Properties,Sam,,,
Finley,Moore3019,finley.moore3019@example.com,(414) 555-3019,Appleton,WI,54911,,,,,
Alex,Smith3020,alex.smith3020@example.com,(414) 555-3020,Milwaukee,WI,53202,,Pat,two kids,new roof last year,sump pump check
Jordan,Brown3021,jordan.brown3021@example.com,(414) 555-3021,Waukesha,WI,53186,Brown Properties,Chris,dog named Buddy,loves gardening,insurance deductible question
Sam,Miller3022,sam.miller3022@example.com,(414) 555-3022,Racine,WI,53403,,Alex,parents nearby,just remodeled kitchen,tree trim quote
Taylor,Martinez3023,taylor.martinez3023@example.com,(414) 555-3023,Madison,WI,53703,,Sam,,,
Casey,Gonzalez3024,casey.gonzalez3024@example.com,(414) 555-3024,Green Bay,WI,54301,Gonzalez Properties,,,,
Riley,Thomas3025,riley.thomas3025@example.com,(414) 555-3025,Chicago,IL,60611,,Pat,two kids,new roof last year,sump pump check
Morgan,Jackson3026,morgan.jackson3026@example.com,(414) 555-3026,Evanston,IL,60201,,Chris,dog named Buddy,loves gardening,insurance deductible question
Avery,Johnson3027,avery.johnson3027@example.com,(414) 555-3027,Brookfield,WI,53005,Johnson Properties,Alex,parents nearby,just remodeled kitchen,tree trim quote
Quinn,Jones3028,quinn.jones3028@example.com,(414) 555-3028,Kenosha,WI,53140,,Sam,,,
Jamie,Davis3029,jamie.davis3029@example.com,(414) 555-3029,Appleton,WI,54911,,,,,
Cameron,Hernandez3030,cameron.hernandez3030@example.com,(414) 555-3030,Milwaukee,WI,53202,Hernandez Properties,Pat,two kids,new roof last year,sump pump check
Drew,Wilson3031,drew.wilson3031@example.com,(414) 555-3031,Waukesha,WI,53186,,Chris,dog named Buddy,loves gardening,insurance deductible question
Reese,Taylor3032,reese.taylor3032@example.com,(414) 555-3032,Racine,WI,53403,,Alex,parents nearby,just remodeled kitchen,tree trim quote
Skyler,Martin3033,skyler.martin3033@example.com,(414) 555-3033,Madison,WI,53703,Martin Properties,Sam,,,
Parker,Williams3034,parker.williams3034@example.com,(414) 555-3034,Green Bay,WI,54301,,,,,
Blake,Garcia3035,blake.garcia3035@example.com,(414) 555-3035,Chicago,IL,60611,,Pat,two kids,new roof last year,sump pump check
Hayden,Rodriguez3036,hayden.rodriguez3036@example.com,(414) 555-3036,Evanston,IL,60201,Rodriguez Properties,Chris,dog named Buddy,loves gardening,insurance deductible question
Rowan,Lopez3037,rowan.lopez3037@example.com,(414) 555-3037,Brookfield,WI,53005,,Alex,parents nearby,just remodeled kitchen,tree trim quote
Sawyer,Anderson3038,sawyer.anderson3038@example.com,(414) 555-3038,Kenosha,WI,53140,,Sam,,,
Finley,Moore3039,finley.moore3039@example.com,(414) 555-3039,Appleton,WI,54911,Moore Properties,,,,
Alex,Smith3040,alex.smith3040@example.com,(414) 555-3040,Milwaukee,WI,53202,,Pat,two kids,new roof last year,sump pump check
Jordan,Brown3041,jordan.brown3041@example.com,(414) 555-3041,Waukesha,WI,53186,,Chris,dog named Buddy,loves gardening,insurance deductible question
Sam,Miller3042,sam.miller3042@example.com,(414) 555-3042,Racine,WI,53403,Miller Properties,Alex,parents nearby,just remodeled kitchen,tree trim quote
Taylor,Martinez3043,taylor.martinez3043@example.com,(414) 555-3043,Madison,WI,53703,,Sam,,,
Casey,Gonzalez3044,casey.gonzalez3044@example.com,(414) 555-3044,Green Bay,WI,54301,,,,,
Riley,Thomas3045,riley.thomas3045@example.com,(414) 555-3045,Chicago,IL,60611,Thomas Properties,Pat,two kids,new roof last year,sump pump check
Morgan,Jackson3046,morgan.jackson3046@example.com,(414) 555-3046,Evanston,IL,60201,,Chris,dog named Buddy,loves gardening,insurance deductible question
Avery,Johnson3047,avery.johnson3047@example.com,(414) 555-3047,Brookfield,WI,53005,,Alex,parents nearby,just remodeled kitchen,tree trim quote
Quinn,Jones3048,quinn.jones3048@example.com,(414) 555-3048,Kenosha,WI,53140,Jones Properties,Sam,,,
Jamie,Davis3049,jamie.davis3049@example.com,(414) 555-3049,Appleton,WI,54911,,,,,
Cameron,Hernandez3050,cameron.hernandez3050@example.com,(414) 555-3050,Milwaukee,WI,53202,,Pat,two kids,new roof last year,sump pump check
Drew,Wilson3051,drew.wilson3051@example.com,(414) 555-3051,Waukesha,WI,53186,Wilson Properties,Chris,dog named Buddy,loves gardening,insurance deductible question
Reese,Taylor3052,reese.taylor3052@example.com,(414) 555-3052,Racine,WI,53403,,Alex,parents nearby,just remodeled kitchen,tree trim quote
Skyler,Martin3053,skyler.martin3053@example.com,(414) 555-3053,Madison,WI,53703,,Sam,,,
Parker,Williams3054,parker.williams3054@example.com,(414) 555-3054,Green Bay,WI,54301,Williams Properties,,,,
Blake,Garcia3055,blake.garcia3055@example.com,(414) 555-3055,Chicago,IL,60611,,Pat,two kids,new roof last year,sump pump check
Hayden,Rodriguez3056,hayden.rodriguez3056@example.com,(414) 555-3056,Evanston,IL,60201,,Chris,dog named Buddy,loves gardening,insurance deductible question
Rowan,Lopez3057,rowan.lopez3057@example.com,(414) 555-3057,Brookfield,WI,53005,Lopez Properties,Alex,parents nearby,just remodeled kitchen,tree trim quote
Sawyer,Anderson3058,sawyer.anderson3058@example.com,(414) 555-3058,Kenosha,WI,53140,,Sam,,,
Finley,Moore3059,finley.moore3059@example.com,(414) 555-3059,Appleton,WI,54911,,,,,
Alex,Smith3060,alex.smith3060@example.com,(414) 555-3060,Milwaukee,WI,53202,Smith Properties,Pat,two kids,new roof last year,sump pump check
Jordan,Brown3061,jordan.brown3061@example.com,(414) 555-3061,Waukesha,WI,53186,,Chris,dog named Buddy,loves gardening,insurance deductible question
Sam,Miller3062,sam.miller3062@example.com,(414) 555-3062,Racine,WI,53403,,Alex,parents nearby,just remodeled kitchen,tree trim quote
Taylor,Martinez3063,taylor.martinez3063@example.com,(414) 555-3063,Madison,WI,53703,Martinez Properties,Sam,,,
Casey,Gonzalez3064,casey.gonzalez3064@example.com,(414) 555-3064,Green Bay,WI,54301,,,,,
Riley,Thomas3065,riley.thomas3065@example.com,(414) 555-3065,Chicago,IL,60611,,Pat,two kids,new roof last year,sump pump check
Morgan,Jackson3066,morgan.jackson3066@example.com,(414) 555-3066,Evanston,IL,60201,Jackson Properties,Chris,dog named Buddy,loves gardening,insurance deductible question
Avery,Johnson3067,avery.johnson3067@example.com,(414) 555-3067,Brookfield,WI,53005,,Alex,parents nearby,just remodeled kitchen,tree trim quote
Quinn,Jones3068,quinn.jones3068@example.com,(414) 555-3068,Kenosha,WI,53140,,Sam,,,
Jamie,Davis3069,jamie.davis3069@example.com,(414) 555-3069,Appleton,WI,54911,Davis Properties,,,,
Cameron,Hernandez3070,cameron.hernandez3070@example.com,(414) 555-3070,Milwaukee,WI,53202,,Pat,two kids,new roof last year,sump pump check
Drew,Wilson3071,drew.wilson3071@example.com,(414) 555-3071,Waukesha,WI,53186,,Chris,dog named Buddy,loves gardening,insurance deductible question
Reese,Taylor3072,reese.taylor3072@example.com,(414) 555-3072,Racine,WI,53403,Taylor Properties,Alex,parents nearby,just remodeled kitchen,tree trim quote
Skyler,Martin3073,skyler.martin3073@example.com,(414) 555-3073,Madison,WI,53703,,Sam,,,
Parker,Williams3074,parker.williams3074@example.com,(414) 555-3074,Green Bay,WI,54301,,,,,
Blake,Garcia3075,blake.garcia3075@example.com,(414) 555-3075,Chicago,IL,60611,Garcia Properties,Pat,two kids,new roof last year,sump pump check
Hayden,Rodriguez3076,hayden.rodriguez3076@example.com,(414) 555-3076,Evanston,IL,60201,,Chris,dog named Buddy,loves gardening,insurance deductible question
Rowan,Lopez3077,rowan.lopez3077@example.com,(414) 555-3077,Brookfield,WI,53005,,Alex,parents nearby,just remodeled kitchen,tree trim quote
Sawyer,Anderson3078,sawyer.anderson3078@example.com,(414) 555-3078,Kenosha,WI,53140,Anderson Properties,Sam,,,
Finley,Moore3079,finley.moore3079@example.com,(414) 555-3079,Appleton,WI,54911,,,,,
Alex,Smith3080,alex.smith3080@example.com,(414) 555-3080,Milwaukee,WI,53202,,Pat,two kids,new roof last year,sump pump check
Jordan,Brown3081,jordan.brown3081@example.com,(414) 555-3081,Waukesha,WI,53186,Brown Properties,Chris,dog named Buddy,loves gardening,insurance deductible question
Sam,Miller3082,sam.miller3082@example.com,(414) 555-3082,Racine,WI,53403,,Alex,parents nearby,just remodeled kitchen,tree trim quote
Taylor,Martinez3083,taylor.martinez3083@example.com,(414) 555-3083,Madison,WI,53703,,Sam,,,
Casey,Gonzalez3084,casey.gonzalez3084@example.com,(414) 555-3084,Green Bay,WI,54301,Gonzalez Properties,,,,
Riley,Thomas3085,riley.thomas3085@example.com,(414) 555-3085,Chicago,IL,60611,,Pat,two kids,new roof last year,sump pump check
Morgan,Jackson3086,morgan.jackson3086@example.com,(414) 555-3086,Evanston,IL,60201,,Chris,dog named Buddy,loves gardening,insurance deductible question
Avery,Johnson3087,avery.johnson3087@example.com,(414) 555-3087,Brookfield,WI,53005,Johnson Properties,Alex,parents nearby,just remodeled kitchen,tree trim quote
Quinn,Jones3088,quinn.jones3088@example.com,(414) 555-3088,Kenosha,WI,53140,,Sam,,,
Jamie,Davis3089,jamie.davis3089@example.com,(414) 555-3089,Appleton,WI,54911,,,,,
Cameron,Hernandez3090,cameron.hernandez3090@example.com,(414) 555-3090,Milwaukee,WI,53202,Hernandez Properties,Pat,two kids,new roof last year,sump pump check
Drew,Wilson3091,drew.wilson3091@example.com,(414) 555-3091,Waukesha,WI,53186,,Chris,dog named Buddy,loves gardening,insurance deductible question
Reese,Taylor3092,reese.taylor3092@example.com,(414) 555-3092,Racine,WI,53403,,Alex,parents nearby,just remodeled kitchen,tree trim quote
Skyler,Martin3093,skyler.martin3093@example.com,(414) 555-3093,Madison,WI,53703,Martin Properties,Sam,,,
Parker,Williams3094,parker.williams3094@example.com,(414) 555-3094,Green Bay,WI,54301,,,,,
Blake,Garcia3095,blake.garcia3095@example.com,(414) 555-3095,Chicago,IL,60611,,Pat,two kids,new roof last year,sump pump check
Hayden,Rodriguez3096,hayden.rodriguez3096@example.com,(414) 555-3096,Evanston,IL,60201,Rodriguez Properties,Chris,dog named Buddy,loves gardening,insurance deductible question
Rowan,Lopez3097,rowan.lopez3097@example.com,(414) 555-3097,Brookfield,WI,53005,,Alex,parents nearby,just remodeled kitchen,tree trim quote
Sawyer,Anderson3098,sawyer.anderson3098@example.com,(414) 555-3098,Kenosha,WI,53140,,Sam,,,
Finley,Moore3099,finley.moore3099@example.com,(414) 555-3099,Appleton,WI,54911,Moore Properties,,,,
Alex,Smith3100,alex.smith3100@example.com,(414) 555-3100,Milwaukee,WI,53202,,Pat,two kids,new roof last year,sump pump check
Jordan,Brown3101,jordan.brown3101@example.com,(414) 555-3101,Waukesha,WI,53186,,Chris,dog named Buddy,loves gardening,insurance deductible question
Sam,Miller3102,sam.miller3102@example.com,(414) 555-3102,Racine,WI,53403,Miller Properties,Alex,parents nearby,just remodeled kitchen,tree trim quote
Taylor,Martinez3103,taylor.martinez3103@example.com,(414) 555-3103,Madison,WI,53703,,Sam,,,
Casey,Gonzalez3104,casey.gonzalez3104@example.com,(414) 555-3104,Green Bay,WI,54301,,,,,
Riley,Thomas3105,riley.thomas3105@example.com,(414) 555-3105,Chicago,IL,60611,Thomas Properties,Pat,two kids,new roof last year,sump pump check
Morgan,Jackson3106,morgan.jackson3106@example.com,(414) 555-3106,Evanston,IL,60201,,Chris,dog named Buddy,loves gardening,insurance deductible question
Avery,Johnson3107,avery.johnson3107@example.com,(414) 555-3107,Brookfield,WI,53005,,Alex,parents nearby,just remodeled kitchen,tree trim quote
Quinn,Jones3108,quinn.jones3108@example.com,(414) 555-3108,Kenosha,WI,53140,Jones Properties,Sam,,,
Jamie,Davis3109,jamie.davis3109@example.com,(414) 555-3109,Appleton,WI,54911,,,,,
Cameron,Hernandez3110,cameron.hernandez3110@example.com,(414) 555-3110,Milwaukee,WI,53202,,Pat,two kids,new roof last year,sump pump check
Drew,Wilson3111,drew.wilson3111@example.com,(414) 555-3111,Waukesha,WI,53186,Wilson Properties,Chris,dog named Buddy,loves gardening,insurance deductible question
Reese,Taylor3112,reese.taylor3112@example.com,(414) 555-3112,Racine,WI,53403,,Alex,parents nearby,just remodeled kitchen,tree trim quote
Skyler,Martin3113,skyler.martin3113@example.com,(414) 555-3113,Madison,WI,53703,,Sam,,,
Parker,Williams3114,parker.williams3114@example.com,(414) 555-3114,Green Bay,WI,54301,Williams Properties,,,,
Blake,Garcia3115,blake.garcia3115@example.com,(414) 555-3115,Chicago,IL,60611,,Pat,two kids,new roof last year,sump pump check
Hayden,Rodriguez3116,hayden.rodriguez3116@example.com,(414) 555-3116,Evanston,IL,60201,,Chris,dog named Buddy,loves gardening,insurance deductible question
Rowan,Lopez3117,rowan.lopez3117@example.com,(414) 555-3117,Brookfield,WI,53005,Lopez Properties,Alex,parents nearby,just remodeled kitchen,tree trim quote
Sawyer,Anderson3118,sawyer.anderson3118@example.com,(414) 555-3118,Kenosha,WI,53140,,Sam,,,
Finley,Moore3119,finley.moore3119@example.com,(414) 555-3119,Appleton,WI,54911,,,,,
Alex,Smith3120,alex.smith3120@example.com,(414) 555-3120,Milwaukee,WI,53202,Smith Properties,Pat,two kids,new roof last year,sump pump check
Jordan,Brown3121,jordan.brown3121@example.com,(414) 555-3121,Waukesha,WI,53186,,Chris,dog named Buddy,loves gardening,insurance deductible question
Sam,Miller3122,sam.miller3122@example.com,(414) 555-3122,Racine,WI,53403,,Alex,parents nearby,just remodeled kitchen,tree trim quote
Taylor,Martinez3123,taylor.martinez3123@example.com,(414) 555-3123,Madison,WI,53703,Martinez Properties,Sam,,,
Casey,Gonzalez3124,casey.gonzalez3124@example.com,(414) 555-3124,Green Bay,WI,54301,,,,,
Riley,Thomas3125,riley.thomas3125@example.com,(414) 555-3125,Chicago,IL,60611,,Pat,two kids,new roof last year,sump pump check
Morgan,Jackson3126,morgan.jackson3126@example.com,(414) 555-3126,Evanston,IL,60201,Jackson Properties,Chris,dog named Buddy,loves gardening,insurance deductible question
Avery,Johnson3127,avery.johnson3127@example.com,(414) 555-3127,Brookfield,WI,53005,,Alex,parents nearby,just remodeled kitchen,tree trim quote
Quinn,Jones3128,quinn.jones3128@example.com,(414) 555-3128,Kenosha,WI,53140,,Sam,,,
Jamie,Davis3129,jamie.davis3129@example.com,(414) 555-3129,Appleton,WI,54911,Davis Properties,,,,
Cameron,Hernandez3130,cameron.hernandez3130@example.com,(414) 555-3130,Milwaukee,WI,53202,,Pat,two kids,new roof last year,sump pump check
Drew,Wilson3131,drew.wilson3131@example.com,(414) 555-3131,Waukesha,WI,53186,,Chris,dog named Buddy,loves gardening,insurance deductible question
Reese,Taylor3132,reese.taylor3132@example.com,(414) 555-3132,Racine,WI,53403,Taylor Properties,Alex,parents nearby,just remodeled kitchen,tree trim quote
Skyler,Martin3133,skyler.martin3133@example.com,(414) 555-3133,Madison,WI,53703,,Sam,,,
Parker,Williams3134,parker.williams3134@example.com,(414) 555-3134,Green Bay,WI,54301,,,,,
Blake,Garcia3135,blake.garcia3135@example.com,(414) 555-3135,Chicago,IL,60611,Garcia Properties,Pat,two kids,new roof last year,sump pump check
Hayden,Rodriguez3136,hayden.rodriguez3136@example.com,(414) 555-3136,Evanston,IL,60201,,Chris,dog named Buddy,loves gardening,insurance deductible question
Rowan,Lopez3137,rowan.lopez3137@example.com,(414) 555-3137,Brookfield,WI,53005,,Alex,parents nearby,just remodeled kitchen,tree trim quote
Sawyer,Anderson3138,sawyer.anderson3138@example.com,(414) 555-3138,Kenosha,WI,53140,Anderson Properties,Sam,,,
Finley,Moore3139,finley.moore3139@example.com,(414) 555-3139,Appleton,WI,54911,,,,,
Alex,Smith3140,alex.smith3140@example.com,(414) 555-3140,Milwaukee,WI,53202,,Pat,two kids,new roof last year,sump pump check
Jordan,Brown3141,jordan.brown3141@example.com,(414) 555-3141,Waukesha,WI,53186,Brown Properties,Chris,dog named Buddy,loves gardening,insurance deductible question
Sam,Miller3142,sam.miller3142@example.com,(414) 555-3142,Racine,WI,53403,,Alex,parents nearby,just remodeled kitchen,tree trim quote
Taylor,Martinez3143,taylor.martinez3143@example.com,(414) 555-3143,Madison,WI,53703,,Sam,,,
Casey,Gonzalez3144,casey.gonzalez3144@example.com,(414) 555-3144,Green Bay,WI,54301,Gonzalez Properties,,,,
Riley,Thomas3145,riley.thomas3145@example.com,(414) 555-3145,Chicago,IL,60611,,Pat,two kids,new roof last year,sump pump check
Morgan,Jackson3146,morgan.jackson3146@example.com,(414) 555-3146,Evanston,IL,60201,,Chris,dog named Buddy,loves gardening,insurance deductible question
Avery,Johnson3147,avery.johnson3147@example.com,(414) 555-3147,Brookfield,WI,53005,Johnson Properties,Alex,parents nearby,just remodeled kitchen,tree trim quote
Quinn,Jones3148,quinn.jones3148@example.com,(414) 555-3148,Kenosha,WI,53140,,Sam,,,
Jamie,Davis3149,jamie.davis3149@example.com,(414) 555-3149,Appleton,WI,54911,,,,,
Cameron,Hernandez3150,cameron.hernandez3150@example.com,(414) 555-3150,Milwaukee,WI,53202,Hernandez Properties,Pat,two kids,new roof last year,sump pump check
Drew,Wilson3151,drew.wilson3151@example.com,(414) 555-3151,Waukesha,WI,53186,,Chris,dog named Buddy,loves gardening,insurance deductible question
Reese,Taylor3152,reese.taylor3152@example.com,(414) 555-3152,Racine,WI,53403,,Alex,parents nearby,just remodeled kitchen,tree trim quote
Skyler,Martin3153,skyler.martin3153@example.com,(414) 555-3153,Madison,WI,53703,Martin Properties,Sam,,,
Parker,Williams3154,parker.williams3154@example.com,(414) 555-3154,Green Bay,WI,54301,,,,,
Blake,Garcia3155,blake.garcia3155@example.com,(414) 555-3155,Chicago,IL,60611,,Pat,two kids,new roof last year,sump pump check
Hayden,Rodriguez3156,hayden.rodriguez3156@example.com,(414) 555-3156,Evanston,IL,60201,Rodriguez Properties,Chris,dog named Buddy,loves gardening,insurance deductible question
Rowan,Lopez3157,rowan.lopez3157@example.com,(414) 555-3157,Brookfield,WI,53005,,Alex,parents nearby,just remodeled kitchen,tree trim quote
Sawyer,Anderson3158,sawyer.anderson3158@example.com,(414) 555-3158,Kenosha,WI,53140,,Sam,,,
Finley,Moore3159,finley.moore3159@example.com,(414) 555-3159,Appleton,WI,54911,Moore Properties,,,,
Alex,Smith3160,alex.smith3160@example.com,(414) 555-3160,Milwaukee,WI,53202,,Pat,two kids,new roof last year,sump pump check
Jordan,Brown3161,jordan.brown3161@example.com,(414) 555-3161,Waukesha,WI,53186,,Chris,dog named Buddy,loves gardening,insurance deductible question
Sam,Miller3162,sam.miller3162@example.com,(414) 555-3162,Racine,WI,53403,Miller Properties,Alex,parents nearby,just remodeled kitchen,tree trim quote
Taylor,Martinez3163,taylor.martinez3163@example.com,(414) 555-3163,Madison,WI,53703,,Sam,,,
Casey,Gonzalez3164,casey.gonzalez3164@example.com,(414) 555-3164,Green Bay,WI,54301,,,,,
Riley,Thomas3165,riley.thomas3165@example.com,(414) 555-3165,Chicago,IL,60611,Thomas Properties,Pat,two kids,new roof last year,sump pump check
Morgan,Jackson3166,morgan.jackson3166@example.com,(414) 555-3166,Evanston,IL,60201,,Chris,dog named Buddy,loves gardening,insurance deductible question
Avery,Johnson3167,avery.johnson3167@example.com,(414) 555-3167,Brookfield,WI,53005,,Alex,parents nearby,just remodeled kitchen,tree trim quote
Quinn,Jones3168,quinn.jones3168@example.com,(414) 555-3168,Kenosha,WI,53140,Jones Properties,Sam,,,
Jamie,Davis3169,jamie.davis3169@example.com,(414) 555-3169,Appleton,WI,54911,,,,,
Cameron,Hernandez3170,cameron.hernandez3170@example.com,(414) 555-3170,Milwaukee,WI,53202,,Pat,two kids,new roof last year,sump pump check
Drew,Wilson3171,drew.wilson3171@example.com,(414) 555-3171,Waukesha,WI,53186,Wilson Properties,Chris,dog named Buddy,loves gardening,insurance deductible question
Reese,Taylor3172,reese.taylor3172@example.com,(414) 555-3172,Racine,WI,53403,,Alex,parents nearby,just remodeled kitchen,tree trim quote
Skyler,Martin3173,skyler.martin3173@example.com,(414) 555-3173,Madison,WI,53703,,Sam,,,
Parker,Williams3174,parker.williams3174@example.com,(414) 555-3174,Green Bay,WI,54301,Williams Properties,,,,
Blake,Garcia3175,blake.garcia3175@example.com,(414) 555-3175,Chicago,IL,60611,,Pat,two kids,new roof last year,sump pump check
Hayden,Rodriguez3176,hayden.rodriguez3176@example.com,(414) 555-3176,Evanston,IL,60201,,Chris,dog named Buddy,loves gardening,insurance deductible question
Rowan,Lopez3177,rowan.lopez3177@example.com,(414) 555-3177,Brookfield,WI,53005,Lopez Properties,Alex,parents nearby,just remodeled kitchen,tree trim quote
Sawyer,Anderson3178,sawyer.anderson3178@example.com,(414) 555-3178,Kenosha,WI,53140,,Sam,,,
Finley,Moore3179,finley.moore3179@example.com,(414) 555-3179,Appleton,WI,54911,,,,,
Alex,Smith3180,alex.smith3180@example.com,(414) 555-3180,Milwaukee,WI,53202,Smith Properties,Pat,two kids,new roof last year,sump pump check
Jordan,Brown3181,jordan.brown3181@example.com,(414) 555-3181,Waukesha,WI,53186,,Chris,dog named Buddy,loves gardening,insurance deductible question
Sam,Miller3182,sam.miller3182@example.com,(414) 555-3182,Racine,WI,53403,,Alex,parents nearby,just remodeled kitchen,tree trim quote
Taylor,Martinez3183,taylor.martinez3183@example.com,(414) 555-3183,Madison,WI,53703,Martinez Properties,Sam,,,
Casey,Gonzalez3184,casey.gonzalez3184@example.com,(414) 555-3184,Green Bay,WI,54301,,,,,
Riley,Thomas3185,riley.thomas3185@example.com,(414) 555-3185,Chicago,IL,60611,,Pat,two kids,new roof last year,sump pump check
Morgan,Jackson3186,morgan.jackson3186@example.com,(414) 555-3186,Evanston,IL,60201,Jackson Properties,Chris,dog named Buddy,loves gardening,insurance deductible question
Avery,Johnson3187,avery.johnson3187@example.com,(414) 555-3187,Brookfield,WI,53005,,Alex,parents nearby,just remodeled kitchen,tree trim quote
Quinn,Jones3188,quinn.jones3188@example.com,(414) 555-3188,Kenosha,WI,53140,,Sam,,,
Jamie,Davis3189,jamie.davis3189@example.com,(414) 555-3189,Appleton,WI,54911,Davis Properties,,,,
Cameron,Hernandez3190,cameron.hernandez3190@example.com,(414) 555-3190,Milwaukee,WI,53202,,Pat,two kids,new roof last year,sump pump check
Drew,Wilson3191,drew.wilson3191@example.com,(414) 555-3191,Waukesha,WI,53186,,Chris,dog named Buddy,loves gardening,insurance deductible question
Reese,Taylor3192,reese.taylor3192@example.com,(414) 555-3192,Racine,WI,53403,Taylor Properties,Alex,parents nearby,just remodeled kitchen,tree trim quote
Skyler,Martin3193,skyler.martin3193@example.com,(414) 555-3193,Madison,WI,53703,,Sam,,,
Parker,Williams3194,parker.williams3194@example.com,(414) 555-3194,Green Bay,WI,54301,,,,,
Blake,Garcia3195,blake.garcia3195@example.com,(414) 555-3195,Chicago,IL,60611,Garcia Properties,Pat,two kids,new roof last year,sump pump check
Hayden,Rodriguez3196,hayden.rodriguez3196@example.com,(414) 555-3196,Evanston,IL,60201,,Chris,dog named Buddy,loves gardening,insurance deductible question
Rowan,Lopez3197,rowan.lopez3197@example.com,(414) 555-3197,Brookfield,WI,53005,,Alex,parents nearby,just remodeled kitchen,tree trim quote
Sawyer,Anderson3198,sawyer.anderson3198@example.com,(414) 555-3198,Kenosha,WI,53140,Anderson Properties,Sam,,,
Finley,Moore3199,finley.moore3199@example.com,(414) 555-3199,Appleton,WI,54911,,,,,
Alex,Smith3200,alex.smith3200@example.com,(414) 555-3200,Milwaukee,WI,53202,,Pat,two kids,new roof last year,sump pump check
Jordan,Brown3201,jordan.brown3201@example.com,(414) 555-3201,Waukesha,WI,53186,Brown Properties,Chris,dog named Buddy,loves gardening,insurance deductible question
Sam,Miller3202,sam.miller3202@example.com,(414) 555-3202,Racine,WI,53403,,Alex,parents nearby,just remodeled kitchen,tree trim quote
Taylor,Martinez3203,taylor.martinez3203@example.com,(414) 555-3203,Madison,WI,53703,,Sam,,,
Casey,Gonzalez3204,casey.gonzalez3204@example.com,(414) 555-3204,Green Bay,WI,54301,Gonzalez Properties,,,,
Riley,Thomas3205,riley.thomas3205@example.com,(414) 555-3205,Chicago,IL,60611,,Pat,two kids,new roof last year,sump pump check
Morgan,Jackson3206,morgan.jackson3206@example.com,(414) 555-3206,Evanston,IL,60201,,Chris,dog named Buddy,loves gardening,insurance deductible question
Avery,Johnson3207,avery.johnson3207@example.com,(414) 555-3207,Brookfield,WI,53005,Johnson Properties,Alex,parents nearby,just remodeled kitchen,tree trim quote
Quinn,Jones3208,quinn.jones3208@example.com,(414) 555-3208,Kenosha,WI,53140,,Sam,,,
Jamie,Davis3209,jamie.davis3209@example.com,(414) 555-3209,Appleton,WI,54911,,,,,
Cameron,Hernandez3210,cameron.hernandez3210@example.com,(414) 555-3210,Milwaukee,WI,53202,Hernandez Properties,Pat,two kids,new roof last year,sump pump check
Drew,Wilson3211,drew.wilson3211@example.com,(414) 555-3211,Waukesha,WI,53186,,Chris,dog named Buddy,loves gardening,insurance deductible question
Reese,Taylor3212,reese.taylor3212@example.com,(414) 555-3212,Racine,WI,53403,,Alex,parents nearby,just remodeled kitchen,tree trim quote
Skyler,Martin3213,skyler.martin3213@example.com,(414) 555-3213,Madison,WI,53703,Martin Properties,Sam,,,
Parker,Williams3214,parker.williams3214@example.com,(414) 555-3214,Green Bay,WI,54301,,,,,
Blake,Garcia3215,blake.garcia3215@example.com,(414) 555-3215,Chicago,IL,60611,,Pat,two kids,new roof last year,sump pump check
Hayden,Rodriguez3216,hayden.rodriguez3216@example.com,(414) 555-3216,Evanston,IL,60201,Rodriguez Properties,Chris,dog named Buddy,loves gardening,insurance deductible question
Rowan,Lopez3217,rowan.lopez3217@example.com,(414) 555-3217,Brookfield,WI,53005,,Alex,parents nearby,just remodeled kitchen,tree trim quote
Sawyer,Anderson3218,sawyer.anderson3218@example.com,(414) 555-3218,Kenosha,WI,53140,,Sam,,,
Finley,Moore3219,finley.moore3219@example.com,(414) 555-3219,Appleton,WI,54911,Moore Properties,,,,
Alex,Smith3220,alex.smith3220@example.com,(414) 555-3220,Milwaukee,WI,53202,,Pat,two kids,new roof last year,sump pump check
Jordan,Brown3221,jordan.brown3221@example.com,(414) 555-3221,Waukesha,WI,53186,,Chris,dog named Buddy,loves gardening,insurance deductible question
Sam,Miller3222,sam.miller3222@example.com,(414) 555-3222,Racine,WI,53403,Miller Properties,Alex,parents nearby,just remodeled kitchen,tree trim quote
Taylor,Martinez3223,taylor.martinez3223@example.com,(414) 555-3223,Madison,WI,53703,,Sam,,,
Casey,Gonzalez3224,casey.gonzalez3224@example.com,(414) 555-3224,Green Bay,WI,54301,,,,,
Riley,Thomas3225,riley.thomas3225@example.com,(414) 555-3225,Chicago,IL,60611,Thomas Properties,Pat,two kids,new roof last year,sump pump check
Morgan,Jackson3226,morgan.jackson3226@example.com,(414) 555-3226,Evanston,IL,60201,,Chris,dog named Buddy,loves gardening,insurance deductible question
Avery,Johnson3227,avery.johnson3227@example.com,(414) 555-3227,Brookfield,WI,53005,,Alex,parents nearby,just remodeled kitchen,tree trim quote
Quinn,Jones3228,quinn.jones3228@example.com,(414) 555-3228,Kenosha,WI,53140,Jones Properties,Sam,,,
Jamie,Davis3229,jamie.davis3229@example.com,(414) 555-3229,Appleton,WI,54911,,,,,
Cameron,Hernandez3230,cameron.hernandez3230@example.com,(414) 555-3230,Milwaukee,WI,53202,,Pat,two kids,new roof last year,sump pump check
Drew,Wilson3231,drew.wilson3231@example.com,(414) 555-3231,Waukesha,WI,53186,Wilson Properties,Chris,dog named Buddy,loves gardening,insurance deductible question
Reese,Taylor3232,reese.taylor3232@example.com,(414) 555-3232,Racine,WI,53403,,Alex,parents nearby,just remodeled kitchen,tree trim quote
Skyler,Martin3233,skyler.martin3233@example.com,(414) 555-3233,Madison,WI,53703,,Sam,,,
Parker,Williams3234,parker.williams3234@example.com,(414) 555-3234,Green Bay,WI,54301,Williams Properties,,,,
Blake,Garcia3235,blake.garcia3235@example.com,(414) 555-3235,Chicago,IL,60611,,Pat,two kids,new roof last year,sump pump check
Hayden,Rodriguez3236,hayden.rodriguez3236@example.com,(414) 555-3236,Evanston,IL,60201,,Chris,dog named Buddy,loves gardening,insurance deductible question
Rowan,Lopez3237,rowan.lopez3237@example.com,(414) 555-3237,Brookfield,WI,53005,Lopez Properties,Alex,parents nearby,just remodeled kitchen,tree trim quote
Sawyer,Anderson3238,sawyer.anderson3238@example.com,(414) 555-3238,Kenosha,WI,53140,,Sam,,,
Finley,Moore3239,finley.moore3239@example.com,(414) 555-3239,Appleton,WI,54911,,,,,
Alex,Smith3240,alex.smith3240@example.com,(414) 555-3240,Milwaukee,WI,53202,Smith Properties,Pat,two kids,new roof last year,sump pump check
Jordan,Brown3241,jordan.brown3241@example.com,(414) 555-3241,Waukesha,WI,53186,,Chris,dog named Buddy,loves gardening,insurance deductible question
Sam,Miller3242,sam.miller3242@example.com,(414) 555-3242,Racine,WI,53403,,Alex,parents nearby,just remodeled kitchen,tree trim quote
Taylor,Martinez3243,taylor.martinez3243@example.com,(414) 555-3243,Madison,WI,53703,Martinez Properties,Sam,,,
Casey,Gonzalez3244,casey.gonzalez3244@example.com,(414) 555-3244,Green Bay,WI,54301,,,,,
Riley,Thomas3245,riley.thomas3245@example.com,(414) 555-3245,Chicago,IL,60611,,Pat,two kids,new roof last year,sump pump check
Morgan,Jackson3246,morgan.jackson3246@example.com,(414) 555-3246,Evanston,IL,60201,Jackson Properties,Chris,dog named Buddy,loves gardening,insurance deductible question
Avery,Johnson3247,avery.johnson3247@example.com,(414) 555-3247,Brookfield,WI,53005,,Alex,parents nearby,just remodeled kitchen,tree trim quote
Quinn,Jones3248,quinn.jones3248@example.com,(414) 555-3248,Kenosha,WI,53140,,Sam,,,
Jamie,Davis3249,jamie.davis3249@example.com,(414) 555-3249,Appleton,WI,54911,Davis Properties,,,,
Cameron,Hernandez3250,cameron.hernandez3250@example.com,(414) 555-3250,Milwaukee,WI,53202,,Pat,two kids,new roof last year,sump pump check
Drew,Wilson3251,drew.wilson3251@example.com,(414) 555-3251,Waukesha,WI,53186,,Chris,dog named Buddy,loves gardening,insurance deductible question
Reese,Taylor3252,reese.taylor3252@example.com,(414) 555-3252,Racine,WI,53403,Taylor Properties,Alex,parents nearby,just remodeled kitchen,tree trim quote
Skyler,Martin3253,skyler.martin3253@example.com,(414) 555-3253,Madison,WI,53703,,Sam,,,
Parker,Williams3254,parker.williams3254@example.com,(414) 555-3254,Green Bay,WI,54301,,,,,
Blake,Garcia3255,blake.garcia3255@example.com,(414) 555-3255,Chicago,IL,60611,Garcia Properties,Pat,two kids,new roof last year,sump pump check
Hayden,Rodriguez3256,hayden.rodriguez3256@example.com,(414) 555-3256,Evanston,IL,60201,,Chris,dog named Buddy,loves gardening,insurance deductible question
Rowan,Lopez3257,rowan.lopez3257@example.com,(414) 555-3257,Brookfield,WI,53005,,Alex,parents nearby,just remodeled kitchen,tree trim quote
Sawyer,Anderson3258,sawyer.anderson3258@example.com,(414) 555-3258,Kenosha,WI,53140,Anderson Properties,Sam,,,
Finley,Moore3259,finley.moore3259@example.com,(414) 555-3259,Appleton,WI,54911,,,,,
Alex,Smith3260,alex.smith3260@example.com,(414) 555-3260,Milwaukee,WI,53202,,Pat,two kids,new roof last year,sump pump check
Jordan,Brown3261,jordan.brown3261@example.com,(414) 555-3261,Waukesha,WI,53186,Brown Properties,Chris,dog named Buddy,loves gardening,insurance deductible question
Sam,Miller3262,sam.miller3262@example.com,(414) 555-3262,Racine,WI,53403,,Alex,parents nearby,just remodeled kitchen,tree trim quote
Taylor,Martinez3263,taylor.martinez3263@example.com,(414) 555-3263,Madison,WI,53703,,Sam,,,
Casey,Gonzalez3264,casey.gonzalez3264@example.com,(414) 555-3264,Green Bay,WI,54301,Gonzalez Properties,,,,
Riley,Thomas3265,riley.thomas3265@example.com,(414) 555-3265,Chicago,IL,60611,,Pat,two kids,new roof last year,sump pump check
Morgan,Jackson3266,morgan.jackson3266@example.com,(414) 555-3266,Evanston,IL,60201,,Chris,dog named Buddy,loves gardening,insurance deductible question
Avery,Johnson3267,avery.johnson3267@example.com,(414) 555-3267,Brookfield,WI,53005,Johnson Properties,Alex,parents nearby,just remodeled kitchen,tree trim quote
Quinn,Jones3268,quinn.jones3268@example.com,(414) 555-3268,Kenosha,WI,53140,,Sam,,,
Jamie,Davis3269,jamie.davis3269@example.com,(414) 555-3269,Appleton,WI,54911,,,,,
Cameron,Hernandez3270,cameron.hernandez3270@example.com,(414) 555-3270,Milwaukee,WI,53202,Hernandez Properties,Pat,two kids,new roof last year,sump pump check
Drew,Wilson3271,drew.wilson3271@example.com,(414) 555-3271,Waukesha,WI,53186,,Chris,dog named Buddy,loves gardening,insurance deductible question
Reese,Taylor3272,reese.taylor3272@example.com,(414) 555-3272,Racine,WI,53403,,Alex,parents nearby,just remodeled kitchen,tree trim quote
Skyler,Martin3273,skyler.martin3273@example.com,(414) 555-3273,Madison,WI,53703,Martin Properties,Sam,,,
Parker,Williams3274,parker.williams3274@example.com,(414) 555-3274,Green Bay,WI,54301,,,,,
Blake,Garcia3275,blake.garcia3275@example.com,(414) 555-3275,Chicago,IL,60611,,Pat,two kids,new roof last year,sump pump check
Hayden,Rodriguez3276,hayden.rodriguez3276@example.com,(414) 555-3276,Evanston,IL,60201,Rodriguez Properties,Chris,dog named Buddy,loves gardening,insurance deductible question
Rowan,Lopez3277,rowan.lopez3277@example.com,(414) 555-3277,Brookfield,WI,53005,,Alex,parents nearby,just remodeled kitchen,tree trim quote
Sawyer,Anderson3278,sawyer.anderson3278@example.com,(414) 555-3278,Kenosha,WI,53140,,Sam,,,
Finley,Moore3279,finley.moore3279@example.com,(414) 555-3279,Appleton,WI,54911,Moore Properties,,,,
Alex,Smith3280,alex.smith3280@example.com,(414) 555-3280,Milwaukee,WI,53202,,Pat,two kids,new roof last year,sump pump check
Jordan,Brown3281,jordan.brown3281@example.com,(414) 555-3281,Waukesha,WI,53186,,Chris,dog named Buddy,loves gardening,insurance deductible question
Sam,Miller3282,sam.miller3282@example.com,(414) 555-3282,Racine,WI,53403,Miller Properties,Alex,parents nearby,just remodeled kitchen,tree trim quote
Taylor,Martinez3283,taylor.martinez3283@example.com,(414) 555-3283,Madison,WI,53703,,Sam,,,
Casey,Gonzalez3284,casey.gonzalez3284@example.com,(414) 555-3284,Green Bay,WI,54301,,,,,
Riley,Thomas3285,riley.thomas3285@example.com,(414) 555-3285,Chicago,IL,60611,Thomas Properties,Pat,two kids,new roof last year,sump pump check
Morgan,Jackson3286,morgan.jackson3286@example.com,(414) 555-3286,Evanston,IL,60201,,Chris,dog named Buddy,loves gardening,insurance deductible question
Avery,Johnson3287,avery.johnson3287@example.com,(414) 555-3287,Brookfield,WI,53005,,Alex,parents nearby,just remodeled kitchen,tree trim quote
Quinn,Jones3288,quinn.jones3288@example.com,(414) 555-3288,Kenosha,WI,53140,Jones Properties,Sam,,,
Jamie,Davis3289,jamie.davis3289@example.com,(414) 555-3289,Appleton,WI,54911,,,,,
Cameron,Hernandez3290,cameron.hernandez3290@example.com,(414) 555-3290,Milwaukee,WI,53202,,Pat,two kids,new roof last year,sump pump check
Drew,Wilson3291,drew.wilson3291@example.com,(414) 555-3291,Waukesha,WI,53186,Wilson Properties,Chris,dog named Buddy,loves gardening,insurance deductible question
Reese,Taylor3292,reese.taylor3292@example.com,(414) 555-3292,Racine,WI,53403,,Alex,parents nearby,just remodeled kitchen,tree trim quote
Skyler,Martin3293,skyler.martin3293@example.com,(414) 555-3293,Madison,WI,53703,,Sam,,,
Parker,Williams3294,parker.williams3294@example.com,(414) 555-3294,Green Bay,WI,54301,Williams Properties,,,,
Blake,Garcia3295,blake.garcia3295@example.com,(414) 555-3295,Chicago,IL,60611,,Pat,two kids,new roof last year,sump pump check
Hayden,Rodriguez3296,hayden.rodriguez3296@example.com,(414) 555-3296,Evanston,IL,60201,,Chris,dog named Buddy,loves gardening,insurance deductible question
Rowan,Lopez3297,rowan.lopez3297@example.com,(414) 555-3297,Brookfield,WI,53005,Lopez Properties,Alex,parents nearby,just remodeled kitchen,tree trim quote
Sawyer,Anderson3298,sawyer.anderson3298@example.com,(414) 555-3298,Kenosha,WI,53140,,Sam,,,
Finley,Moore3299,finley.moore3299@example.com,(414) 555-3299,Appleton,WI,54911,,,,,
Alex,Smith3300,alex.smith3300@example.com,(414) 555-3300,Milwaukee,WI,53202,Smith Properties,Pat,two kids,new roof last year,sump pump check
Jordan,Brown3301,jordan.brown3301@example.com,(414) 555-3301,Waukesha,WI,53186,,Chris,dog named Buddy,loves gardening,insurance deductible question
Sam,Miller3302,sam.miller3302@example.com,(414) 555-3302,Racine,WI,53403,,Alex,parents nearby,just remodeled kitchen,tree trim quote
Taylor,Martinez3303,taylor.martinez3303@example.com,(414) 555-3303,Madison,WI,53703,Martinez Properties,Sam,,,
Casey,Gonzalez3304,casey.gonzalez3304@example.com,(414) 555-3304,Green Bay,WI,54301,,,,,
Riley,Thomas3305,riley.thomas3305@example.com,(414) 555-3305,Chicago,IL,60611,,Pat,two kids,new roof last year,sump pump check
Morgan,Jackson3306,morgan.jackson3306@example.com,(414) 555-3306,Evanston,IL,60201,Jackson Properties,Chris,dog named Buddy,loves gardening,insurance deductible question
Avery,Johnson3307,avery.johnson3307@example.com,(414) 555-3307,Brookfield,WI,53005,,Alex,parents nearby,just remodeled kitchen,tree trim quote
Quinn,Jones3308,quinn.jones3308@example.com,(414) 555-3308,Kenosha,WI,53140,,Sam,,,
Jamie,Davis3309,jamie.davis3309@example.com,(414) 555-3309,Appleton,WI,54911,Davis Properties,,,,
Cameron,Hernandez3310,cameron.hernandez3310@example.com,(414) 555-3310,Milwaukee,WI,53202,,Pat,two kids,new roof last year,sump pump check
Drew,Wilson3311,drew.wilson3311@example.com,(414) 555-3311,Waukesha,WI,53186,,Chris,dog named Buddy,loves gardening,insurance deductible question
Reese,Taylor3312,reese.taylor3312@example.com,(414) 555-3312,Racine,WI,53403,Taylor Properties,Alex,parents nearby,just remodeled kitchen,tree trim quote
Skyler,Martin3313,skyler.martin3313@example.com,(414) 555-3313,Madison,WI,53703,,Sam,,,
Parker,Williams3314,parker.williams3314@example.com,(414) 555-3314,Green Bay,WI,54301,,,,,
Blake,Garcia3315,blake.garcia3315@example.com,(414) 555-3315,Chicago,IL,60611,Garcia Properties,Pat,two kids,new roof last year,sump pump check
Hayden,Rodriguez3316,hayden.rodriguez3316@example.com,(414) 555-3316,Evanston,IL,60201,,Chris,dog named Buddy,loves gardening,insurance deductible question
Rowan,Lopez3317,rowan.lopez3317@example.com,(414) 555-3317,Brookfield,WI,53005,,Alex,parents nearby,just remodeled kitchen,tree trim quote
Sawyer,Anderson3318,sawyer.anderson3318@example.com,(414) 555-3318,Kenosha,WI,53140,Anderson Properties,Sam,,,
Finley,Moore3319,finley.moore3319@example.com,(414) 555-3319,Appleton,WI,54911,,,,,
Alex,Smith3320,alex.smith3320@example.com,(414) 555-3320,Milwaukee,WI,53202,,Pat,two kids,new roof last year,sump pump check
Jordan,Brown3321,jordan.brown3321@example.com,(414) 555-3321,Waukesha,WI,53186,Brown Properties,Chris,dog named Buddy,loves gardening,insurance deductible question
Sam,Miller3322,sam.miller3322@example.com,(414) 555-3322,Racine,WI,53403,,Alex,parents nearby,just remodeled kitchen,tree trim quote
Taylor,Martinez3323,taylor.martinez3323@example.com,(414) 555-3323,Madison,WI,53703,,Sam,,,
Casey,Gonzalez3324,casey.gonzalez3324@example.com,(414) 555-3324,Green Bay,WI,54301,Gonzalez Properties,,,,
Riley,Thomas3325,riley.thomas3325@example.com,(414) 555-3325,Chicago,IL,60611,,Pat,two kids,new roof last year,sump pump check
Morgan,Jackson3326,morgan.jackson3326@example.com,(414) 555-3326,Evanston,IL,60201,,Chris,dog named Buddy,loves gardening,insurance deductible question
Avery,Johnson3327,avery.johnson3327@example.com,(414) 555-3327,Brookfield,WI,53005,Johnson Properties,Alex,parents nearby,just remodeled kitchen,tree trim quote
Quinn,Jones3328,quinn.jones3328@example.com,(414) 555-3328,Kenosha,WI,53140,,Sam,,,
Jamie,Davis3329,jamie.davis3329@example.com,(414) 555-3329,Appleton,WI,54911,,,,,
Cameron,Hernandez3330,cameron.hernandez3330@example.com,(414) 555-3330,Milwaukee,WI,53202,Hernandez Properties,Pat,two kids,new roof last year,sump pump check
Drew,Wilson3331,drew.wilson3331@example.com,(414) 555-3331,Waukesha,WI,53186,,Chris,dog named Buddy,loves gardening,insurance deductible question
Reese,Taylor3332,reese.taylor3332@example.com,(414) 555-3332,Racine,WI,53403,,Alex,parents nearby,just remodeled kitchen,tree trim quote
Skyler,Martin3333,skyler.martin3333@example.com,(414) 555-3333,Madison,WI,53703,Martin Properties,Sam,,,
Parker,Williams3334,parker.williams3334@example.com,(414) 555-3334,Green Bay,WI,54301,,,,,
Blake,Garcia3335,blake.garcia3335@example.com,(414) 555-3335,Chicago,IL,60611,,Pat,two kids,new roof last year,sump pump check
Hayden,Rodriguez3336,hayden.rodriguez3336@example.com,(414) 555-3336,Evanston,IL,60201,Rodriguez Properties,Chris,dog named Buddy,loves gardening,insurance deductible question
Rowan,Lopez3337,rowan.lopez3337@example.com,(414) 555-3337,Brookfield,WI,53005,,Alex,parents nearby,just remodeled kitchen,tree trim quote
Sawyer,Anderson3338,sawyer.anderson3338@example.com,(414) 555-3338,Kenosha,WI,53140,,Sam,,,
Finley,Moore3339,finley.moore3339@example.com,(414) 555-3339,Appleton,WI,54911,Moore Properties,,,,
Alex,Smith3340,alex.smith3340@example.com,(414) 555-3340,Milwaukee,WI,53202,,Pat,two kids,new roof last year,sump pump check
Jordan,Brown3341,jordan.brown3341@example.com,(414) 555-3341,Waukesha,WI,53186,,Chris,dog named Buddy,loves gardening,insurance deductible question
Sam,Miller3342,sam.miller3342@example.com,(414) 555-3342,Racine,WI,53403,Miller Properties,Alex,parents nearby,just remodeled kitchen,tree trim quote
Taylor,Martinez3343,taylor.martinez3343@example.com,(414) 555-3343,Madison,WI,53703,,Sam,,,
Casey,Gonzalez3344,casey.gonzalez3344@example.com,(414) 555-3344,Green Bay,WI,54301,,,,,
Riley,Thomas3345,riley.thomas3345@example.com,(414) 555-3345,Chicago,IL,60611,Thomas Properties,Pat,two kids,new roof last year,sump pump check
Morgan,Jackson3346,morgan.jackson3346@example.com,(414) 555-3346,Evanston,IL,60201,,Chris,dog named Buddy,loves gardening,insurance deductible question
Avery,Johnson3347,avery.johnson3347@example.com,(414) 555-3347,Brookfield,WI,53005,,Alex,parents nearby,just remodeled kitchen,tree trim quote
Quinn,Jones3348,quinn.jones3348@example.com,(414) 555-3348,Kenosha,WI,53140,Jones Properties,Sam,,,
Jamie,Davis3349,jamie.davis3349@example.com,(414) 555-3349,Appleton,WI,54911,,,,,
Cameron,Hernandez3350,cameron.hernandez3350@example.com,(414) 555-3350,Milwaukee,WI,53202,,Pat,two kids,new roof last year,sump pump check
Drew,Wilson3351,drew.wilson3351@example.com,(414) 555-3351,Waukesha,WI,53186,Wilson Properties,Chris,dog named Buddy,loves gardening,insurance deductible question
Reese,Taylor3352,reese.taylor3352@example.com,(414) 555-3352,Racine,WI,53403,,Alex,parents nearby,just remodeled kitchen,tree trim quote
Skyler,Martin3353,skyler.martin3353@example.com,(414) 555-3353,Madison,WI,53703,,Sam,,,
Parker,Williams3354,parker.williams3354@example.com,(414) 555-3354,Green Bay,WI,54301,Williams Properties,,,,
Blake,Garcia3355,blake.garcia3355@example.com,(414) 555-3355,Chicago,IL,60611,,Pat,two kids,new roof last year,sump pump check
Hayden,Rodriguez3356,hayden.rodriguez3356@example.com,(414) 555-3356,Evanston,IL,60201,,Chris,dog named Buddy,loves gardening,insurance deductible question
Rowan,Lopez3357,rowan.lopez3357@example.com,(414) 555-3357,Brookfield,WI,53005,Lopez Properties,Alex,parents nearby,just remodeled kitchen,tree trim quote
Sawyer,Anderson3358,sawyer.anderson3358@example.com,(414) 555-3358,Kenosha,WI,53140,,Sam,,,
Finley,Moore3359,finley.moore3359@example.com,(414) 555-3359,Appleton,WI,54911,,,,,
Alex,Smith3360,alex.smith3360@example.com,(414) 555-3360,Milwaukee,WI,53202,Smith Properties,Pat,two kids,new roof last year,sump pump check
Jordan,Brown3361,jordan.brown3361@example.com,(414) 555-3361,Waukesha,WI,53186,,Chris,dog named Buddy,loves gardening,insurance deductible question
Sam,Miller3362,sam.miller3362@example.com,(414) 555-3362,Racine,WI,53403,,Alex,parents nearby,just remodeled kitchen,tree trim quote
Taylor,Martinez3363,taylor.martinez3363@example.com,(414) 555-3363,Madison,WI,53703,Martinez Properties,Sam,,,
Casey,Gonzalez3364,casey.gonzalez3364@example.com,(414) 555-3364,Green Bay,WI,54301,,,,,
Riley,Thomas3365,riley.thomas3365@example.com,(414) 555-3365,Chicago,IL,60611,,Pat,two kids,new roof last year,sump pump check
Morgan,Jackson3366,morgan.jackson3366@example.com,(414) 555-3366,Evanston,IL,60201,Jackson Properties,Chris,dog named Buddy,loves gardening,insurance deductible question
Avery,Johnson3367,avery.johnson3367@example.com,(414) 555-3367,Brookfield,WI,53005,,Alex,parents nearby,just remodeled kitchen,tree trim quote
Quinn,Jones3368,quinn.jones3368@example.com,(414) 555-3368,Kenosha,WI,53140,,Sam,,,
Jamie,Davis3369,jamie.davis3369@example.com,(414) 555-3369,Appleton,WI,54911,Davis Properties,,,,
Cameron,Hernandez3370,cameron.hernandez3370@example.com,(414) 555-3370,Milwaukee,WI,53202,,Pat,two kids,new roof last year,sump pump check
Drew,Wilson3371,drew.wilson3371@example.com,(414) 555-3371,Waukesha,WI,53186,,Chris,dog named Buddy,loves gardening,insurance deductible question
Reese,Taylor3372,reese.taylor3372@example.com,(414) 555-3372,Racine,WI,53403,Taylor Properties,Alex,parents nearby,just remodeled kitchen,tree trim quote
Skyler,Martin3373,skyler.martin3373@example.com,(414) 555-3373,Madison,WI,53703,,Sam,,,
Parker,Williams3374,parker.williams3374@example.com,(414) 555-3374,Green Bay,WI,54301,,,,,
Blake,Garcia3375,blake.garcia3375@example.com,(414) 555-3375,Chicago,IL,60611,Garcia Properties,Pat,two kids,new roof last year,sump pump check
Hayden,Rodriguez3376,hayden.rodriguez3376@example.com,(414) 555-3376,Evanston,IL,60201,,Chris,dog named Buddy,loves gardening,insurance deductible question
Rowan,Lopez3377,rowan.lopez3377@example.com,(414) 555-3377,Brookfield,WI,53005,,Alex,parents nearby,just remodeled kitchen,tree trim quote
Sawyer,Anderson3378,sawyer.anderson3378@example.com,(414) 555-3378,Kenosha,WI,53140,Anderson Properties,Sam,,,
Finley,Moore3379,finley.moore3379@example.com,(414) 555-3379,Appleton,WI,54911,,,,,
Alex,Smith3380,alex.smith3380@example.com,(414) 555-3380,Milwaukee,WI,53202,,Pat,two kids,new roof last year,sump pump check
Jordan,Brown3381,jordan.brown3381@example.com,(414) 555-3381,Waukesha,WI,53186,Brown Properties,Chris,dog named Buddy,loves gardening,insurance deductible question
Sam,Miller3382,sam.miller3382@example.com,(414) 555-3382,Racine,WI,53403,,Alex,parents nearby,just remodeled kitchen,tree trim quote
Taylor,Martinez3383,taylor.martinez3383@example.com,(414) 555-3383,Madison,WI,53703,,Sam,,,
Casey,Gonzalez3384,casey.gonzalez3384@example.com,(414) 555-3384,Green Bay,WI,54301,Gonzalez Properties,,,,
Riley,Thomas3385,riley.thomas3385@example.com,(414) 555-3385,Chicago,IL,60611,,Pat,two kids,new roof last year,sump pump check
Morgan,Jackson3386,morgan.jackson3386@example.com,(414) 555-3386,Evanston,IL,60201,,Chris,dog named Buddy,loves gardening,insurance deductible question
Avery,Johnson3387,avery.johnson3387@example.com,(414) 555-3387,Brookfield,WI,53005,Johnson Properties,Alex,parents nearby,just remodeled kitchen,tree trim quote
Quinn,Jones3388,quinn.jones3388@example.com,(414) 555-3388,Kenosha,WI,53140,,Sam,,,
Jamie,Davis3389,jamie.davis3389@example.com,(414) 555-3389,Appleton,WI,54911,,,,,
Cameron,Hernandez3390,cameron.hernandez3390@example.com,(414) 555-3390,Milwaukee,WI,53202,Hernandez Properties,Pat,two kids,new roof last year,sump pump check
Drew,Wilson3391,drew.wilson3391@example.com,(414) 555-3391,Waukesha,WI,53186,,Chris,dog named Buddy,loves gardening,insurance deductible question
Reese,Taylor3392,reese.taylor3392@example.com,(414) 555-3392,Racine,WI,53403,,Alex,parents nearby,just remodeled kitchen,tree trim quote
Skyler,Martin3393,skyler.martin3393@example.com,(414) 555-3393,Madison,WI,53703,Martin Properties,Sam,,,
Parker,Williams3394,parker.williams3394@example.com,(414) 555-3394,Green Bay,WI,54301,,,,,
Blake,Garcia3395,blake.garcia3395@example.com,(414) 555-3395,Chicago,IL,60611,,Pat,two kids,new roof last year,sump pump check
Hayden,Rodriguez3396,hayden.rodriguez3396@example.com,(414) 555-3396,Evanston,IL,60201,Rodriguez Properties,Chris,dog named Buddy,loves gardening,insurance deductible question
Rowan,Lopez3397,rowan.lopez3397@example.com,(414) 555-3397,Brookfield,WI,53005,,Alex,parents nearby,just remodeled kitchen,tree trim quote
Sawyer,Anderson3398,sawyer.anderson3398@example.com,(414) 555-3398,Kenosha,WI,53140,,Sam,,,
Finley,Moore3399,finley.moore3399@example.com,(414) 555-3399,Appleton,WI,54911,Moore Properties,,,,
Alex,Smith3400,alex.smith3400@example.com,(414) 555-3400,Milwaukee,WI,53202,,Pat,two kids,new roof last year,sump pump check
Jordan,Brown3401,jordan.brown3401@example.com,(414) 555-3401,Waukesha,WI,53186,,Chris,dog named Buddy,loves gardening,insurance deductible question
Sam,Miller3402,sam.miller3402@example.com,(414) 555-3402,Racine,WI,53403,Miller Properties,Alex,parents nearby,just remodeled kitchen,tree trim quote
Taylor,Martinez3403,taylor.martinez3403@example.com,(414) 555-3403,Madison,WI,53703,,Sam,,,
Casey,Gonzalez3404,casey.gonzalez3404@example.com,(414) 555-3404,Green Bay,WI,54301,,,,,
Riley,Thomas3405,riley.thomas3405@example.com,(414) 555-3405,Chicago,IL,60611,Thomas Properties,Pat,two kids,new roof last year,sump pump check
Morgan,Jackson3406,morgan.jackson3406@example.com,(414) 555-3406,Evanston,IL,60201,,Chris,dog named Buddy,loves gardening,insurance deductible question
Avery,Johnson3407,avery.johnson3407@example.com,(414) 555-3407,Brookfield,WI,53005,,Alex,parents nearby,just remodeled kitchen,tree trim quote
Quinn,Jones3408,quinn.jones3408@example.com,(414) 555-3408,Kenosha,WI,53140,Jones Properties,Sam,,,
Jamie,Davis3409,jamie.davis3409@example.com,(414) 555-3409,Appleton,WI,54911,,,,,
Cameron,Hernandez3410,cameron.hernandez3410@example.com,(414) 555-3410,Milwaukee,WI,53202,,Pat,two kids,new roof last year,sump pump check
Drew,Wilson3411,drew.wilson3411@example.com,(414) 555-3411,Waukesha,WI,53186,Wilson Properties,Chris,dog named Buddy,loves gardening,insurance deductible question
Reese,Taylor3412,reese.taylor3412@example.com,(414) 555-3412,Racine,WI,53403,,Alex,parents nearby,just remodeled kitchen,tree trim quote
Skyler,Martin3413,skyler.martin3413@example.com,(414) 555-3413,Madison,WI,53703,,Sam,,,
Parker,Williams3414,parker.williams3414@example.com,(414) 555-3414,Green Bay,WI,54301,Williams Properties,,,,
Blake,Garcia3415,blake.garcia3415@example.com,(414) 555-3415,Chicago,IL,60611,,Pat,two kids,new roof last year,sump pump check
Hayden,Rodriguez3416,hayden.rodriguez3416@example.com,(414) 555-3416,Evanston,IL,60201,,Chris,dog named Buddy,loves gardening,insurance deductible question
Rowan,Lopez3417,rowan.lopez3417@example.com,(414) 555-3417,Brookfield,WI,53005,Lopez Properties,Alex,parents nearby,just remodeled kitchen,tree trim quote
Sawyer,Anderson3418,sawyer.anderson3418@example.com,(414) 555-3418,Kenosha,WI,53140,,Sam,,,
Finley,Moore3419,finley.moore3419@example.com,(414) 555-3419,Appleton,WI,54911,,,,,
Alex,Smith3420,alex.smith3420@example.com,(414) 555-3420,Milwaukee,WI,53202,Smith Properties,Pat,two kids,new roof last year,sump pump check
Jordan,Brown3421,jordan.brown3421@example.com,(414) 555-3421,Waukesha,WI,53186,,Chris,dog named Buddy,loves gardening,insurance deductible question
Sam,Miller3422,sam.miller3422@example.com,(414) 555-3422,Racine,WI,53403,,Alex,parents nearby,just remodeled kitchen,tree trim quote
Taylor,Martinez3423,taylor.martinez3423@example.com,(414) 555-3423,Madison,WI,53703,Martinez Properties,Sam,,,
Casey,Gonzalez3424,casey.gonzalez3424@example.com,(414) 555-3424,Green Bay,WI,54301,,,,,
Riley,Thomas3425,riley.thomas3425@example.com,(414) 555-3425,Chicago,IL,60611,,Pat,two kids,new roof last year,sump pump check
Morgan,Jackson3426,morgan.jackson3426@example.com,(414) 555-3426,Evanston,IL,60201,Jackson Properties,Chris,dog named Buddy,loves gardening,insurance deductible question
Avery,Johnson3427,avery.johnson3427@example.com,(414) 555-3427,Brookfield,WI,53005,,Alex,parents nearby,just remodeled kitchen,tree trim quote
Quinn,Jones3428,quinn.jones3428@example.com,(414) 555-3428,Kenosha,WI,53140,,Sam,,,
Jamie,Davis3429,jamie.davis3429@example.com,(414) 555-3429,Appleton,WI,54911,Davis Properties,,,,
Cameron,Hernandez3430,cameron.hernandez3430@example.com,(414) 555-3430,Milwaukee,WI,53202,,Pat,two kids,new roof last year,sump pump check
Drew,Wilson3431,drew.wilson3431@example.com,(414) 555-3431,Waukesha,WI,53186,,Chris,dog named Buddy,loves gardening,insurance deductible question
Reese,Taylor3432,reese.taylor3432@example.com,(414) 555-3432,Racine,WI,53403,Taylor Properties,Alex,parents nearby,just remodeled kitchen,tree trim quote
Skyler,Martin3433,skyler.martin3433@example.com,(414) 555-3433,Madison,WI,53703,,Sam,,,
Parker,Williams3434,parker.williams3434@example.com,(414) 555-3434,Green Bay,WI,54301,,,,,
Blake,Garcia3435,blake.garcia3435@example.com,(414) 555-3435,Chicago,IL,60611,Garcia Properties,Pat,two kids,new roof last year,sump pump check
Hayden,Rodriguez3436,hayden.rodriguez3436@example.com,(414) 555-3436,Evanston,IL,60201,,Chris,dog named Buddy,loves gardening,insurance deductible question
Rowan,Lopez3437,rowan.lopez3437@example.com,(414) 555-3437,Brookfield,WI,53005,,Alex,parents nearby,just remodeled kitchen,tree trim quote
Sawyer,Anderson3438,sawyer.anderson3438@example.com,(414) 555-3438,Kenosha,WI,53140,Anderson Properties,Sam,,,
Finley,Moore3439,finley.moore3439@example.com,(414) 555-3439,Appleton,WI,54911,,,,,
Alex,Smith3440,alex.smith3440@example.com,(414) 555-3440,Milwaukee,WI,53202,,Pat,two kids,new roof last year,sump pump check
Jordan,Brown3441,jordan.brown3441@example.com,(414) 555-3441,Waukesha,WI,53186,Brown Properties,Chris,dog named Buddy,loves gardening,insurance deductible question
Sam,Miller3442,sam.miller3442@example.com,(414) 555-3442,Racine,WI,53403,,Alex,parents nearby,just remodeled kitchen,tree trim quote
Taylor,Martinez3443,taylor.martinez3443@example.com,(414) 555-3443,Madison,WI,53703,,Sam,,,
Casey,Gonzalez3444,casey.gonzalez3444@example.com,(414) 555-3444,Green Bay,WI,54301,Gonzalez Properties,,,,
Riley,Thomas3445,riley.thomas3445@example.com,(414) 555-3445,Chicago,IL,60611,,Pat,two kids,new roof last year,sump pump check
Morgan,Jackson3446,morgan.jackson3446@example.com,(414) 555-3446,Evanston,IL,60201,,Chris,dog named Buddy,loves gardening,insurance deductible question
Avery,Johnson3447,avery.johnson3447@example.com,(414) 555-3447,Brookfield,WI,53005,Johnson Properties,Alex,parents nearby,just remodeled kitchen,tree trim quote
Quinn,Jones3448,quinn.jones3448@example.com,(414) 555-3448,Kenosha,WI,53140,,Sam,,,
Jamie,Davis3449,jamie.davis3449@example.com,(414) 555-3449,Appleton,WI,54911,,,,,
Cameron,Hernandez3450,cameron.hernandez3450@example.com,(414) 555-3450,Milwaukee,WI,53202,Hernandez Properties,Pat,two kids,new roof last year,sump pump check
Drew,Wilson3451,drew.wilson3451@example.com,(414) 555-3451,Waukesha,WI,53186,,Chris,dog named Buddy,loves gardening,insurance deductible question
Reese,Taylor3452,reese.taylor3452@example.com,(414) 555-3452,Racine,WI,53403,,Alex,parents nearby,just remodeled kitchen,tree trim quote
Skyler,Martin3453,skyler.martin3453@example.com,(414) 555-3453,Madison,WI,53703,Martin Properties,Sam,,,
Parker,Williams3454,parker.williams3454@example.com,(414) 555-3454,Green Bay,WI,54301,,,,,
Blake,Garcia3455,blake.garcia3455@example.com,(414) 555-3455,Chicago,IL,60611,,Pat,two kids,new roof last year,sump pump check
Hayden,Rodriguez3456,hayden.rodriguez3456@example.com,(414) 555-3456,Evanston,IL,60201,Rodriguez Properties,Chris,dog named Buddy,loves gardening,insurance deductible question
Rowan,Lopez3457,rowan.lopez3457@example.com,(414) 555-3457,Brookfield,WI,53005,,Alex,parents nearby,just remodeled kitchen,tree trim quote
Sawyer,Anderson3458,sawyer.anderson3458@example.com,(414) 555-3458,Kenosha,WI,53140,,Sam,,,
Finley,Moore3459,finley.moore3459@example.com,(414) 555-3459,Appleton,WI,54911,Moore Properties,,,,
Alex,Smith3460,alex.smith3460@example.com,(414) 555-3460,Milwaukee,WI,53202,,Pat,two kids,new roof last year,sump pump check
Jordan,Brown3461,jordan.brown3461@example.com,(414) 555-3461,Waukesha,WI,53186,,Chris,dog named Buddy,loves gardening,insurance deductible question
Sam,Miller3462,sam.miller3462@example.com,(414) 555-3462,Racine,WI,53403,Miller Properties,Alex,parents nearby,just remodeled kitchen,tree trim quote
Taylor,Martinez3463,taylor.martinez3463@example.com,(414) 555-3463,Madison,WI,53703,,Sam,,,
Casey,Gonzalez3464,casey.gonzalez3464@example.com,(414) 555-3464,Green Bay,WI,54301,,,,,
Riley,Thomas3465,riley.thomas3465@example.com,(414) 555-3465,Chicago,IL,60611,Thomas Properties,Pat,two kids,new roof last year,sump pump check
Morgan,Jackson3466,morgan.jackson3466@example.com,(414) 555-3466,Evanston,IL,60201,,Chris,dog named Buddy,loves gardening,insurance deductible question
Avery,Johnson3467,avery.johnson3467@example.com,(414) 555-3467,Brookfield,WI,53005,,Alex,parents nearby,just remodeled kitchen,tree trim quote
Quinn,Jones3468,quinn.jones3468@example.com,(414) 555-3468,Kenosha,WI,53140,Jones Properties,Sam,,,
Jamie,Davis3469,jamie.davis3469@example.com,(414) 555-3469,Appleton,WI,54911,,,,,
Cameron,Hernandez3470,cameron.hernandez3470@example.com,(414) 555-3470,Milwaukee,WI,53202,,Pat,two kids,new roof last year,sump pump check
Drew,Wilson3471,drew.wilson3471@example.com,(414) 555-3471,Waukesha,WI,53186,Wilson Properties,Chris,dog named Buddy,loves gardening,insurance deductible question
Reese,Taylor3472,reese.taylor3472@example.com,(414) 555-3472,Racine,WI,53403,,Alex,parents nearby,just remodeled kitchen,tree trim quote
Skyler,Martin3473,skyler.martin3473@example.com,(414) 555-3473,Madison,WI,53703,,Sam,,,
Parker,Williams3474,parker.williams3474@example.com,(414) 555-3474,Green Bay,WI,54301,Williams Properties,,,,
Blake,Garcia3475,blake.garcia3475@example.com,(414) 555-3475,Chicago,IL,60611,,Pat,two kids,new roof last year,sump pump check
Hayden,Rodriguez3476,hayden.rodriguez3476@example.com,(414) 555-3476,Evanston,IL,60201,,Chris,dog named Buddy,loves gardening,insurance deductible question
Rowan,Lopez3477,rowan.lopez3477@example.com,(414) 555-3477,Brookfield,WI,53005,Lopez Properties,Alex,parents nearby,just remodeled kitchen,tree trim quote
Sawyer,Anderson3478,sawyer.anderson3478@example.com,(414) 555-3478,Kenosha,WI,53140,,Sam,,,
Finley,Moore3479,finley.moore3479@example.com,(414) 555-3479,Appleton,WI,54911,,,,,
Alex,Smith3480,alex.smith3480@example.com,(414) 555-3480,Milwaukee,WI,53202,Smith Properties,Pat,two kids,new roof last year,sump pump check
Jordan,Brown3481,jordan.brown3481@example.com,(414) 555-3481,Waukesha,WI,53186,,Chris,dog named Buddy,loves gardening,insurance deductible question
Sam,Miller3482,sam.miller3482@example.com,(414) 555-3482,Racine,WI,53403,,Alex,parents nearby,just remodeled kitchen,tree trim quote
Taylor,Martinez3483,taylor.martinez3483@example.com,(414) 555-3483,Madison,WI,53703,Martinez Properties,Sam,,,
Casey,Gonzalez3484,casey.gonzalez3484@example.com,(414) 555-3484,Green Bay,WI,54301,,,,,
Riley,Thomas3485,riley.thomas3485@example.com,(414) 555-3485,Chicago,IL,60611,,Pat,two kids,new roof last year,sump pump check
Morgan,Jackson3486,morgan.jackson3486@example.com,(414) 555-3486,Evanston,IL,60201,Jackson Properties,Chris,dog named Buddy,loves gardening,insurance deductible question
Avery,Johnson3487,avery.johnson3487@example.com,(414) 555-3487,Brookfield,WI,53005,,Alex,parents nearby,just remodeled kitchen,tree trim quote
Quinn,Jones3488,quinn.jones3488@example.com,(414) 555-3488,Kenosha,WI,53140,,Sam,,,
Jamie,Davis3489,jamie.davis3489@example.com,(414) 555-3489,Appleton,WI,54911,Davis Properties,,,,
Cameron,Hernandez3490,cameron.hernandez3490@example.com,(414) 555-3490,Milwaukee,WI,53202,,Pat,two kids,new roof last year,sump pump check
Drew,Wilson3491,drew.wilson3491@example.com,(414) 555-3491,Waukesha,WI,53186,,Chris,dog named Buddy,loves gardening,insurance deductible question
Reese,Taylor3492,reese.taylor3492@example.com,(414) 555-3492,Racine,WI,53403,Taylor Properties,Alex,parents nearby,just remodeled kitchen,tree trim quote
Skyler,Martin3493,skyler.martin3493@example.com,(414) 555-3493,Madison,WI,53703,,Sam,,,
Parker,Williams3494,parker.williams3494@example.com,(414) 555-3494,Green Bay,WI,54301,,,,,
Blake,Garcia3495,blake.garcia3495@example.com,(414) 555-3495,Chicago,IL,60611,Garcia Properties,Pat,two kids,new roof last year,sump pump check
Hayden,Rodriguez3496,hayden.rodriguez3496@example.com,(414) 555-3496,Evanston,IL,60201,,Chris,dog named Buddy,loves gardening,insurance deductible question
Rowan,Lopez3497,rowan.lopez3497@example.com,(414) 555-3497,Brookfield,WI,53005,,Alex,parents nearby,just remodeled kitchen,tree trim quote
Sawyer,Anderson3498,sawyer.anderson3498@example.com,(414) 555-3498,Kenosha,WI,53140,Anderson Properties,Sam,,,
Finley,Moore3499,finley.moore3499@example.com,(414) 555-3499,Appleton,WI,54911,,,,,
Alex,Smith3500,alex.smith3500@example.com,(414) 555-3500,Milwaukee,WI,53202,,Pat,two kids,new roof last year,sump pump check
Jordan,Brown3501,jordan.brown3501@example.com,(414) 555-3501,Waukesha,WI,53186,Brown Properties,Chris,dog named Buddy,loves gardening,insurance deductible question
Sam,Miller3502,sam.miller3502@example.com,(414) 555-3502,Racine,WI,53403,,Alex,parents nearby,just remodeled kitchen,tree trim quote
Taylor,Martinez3503,taylor.martinez3503@example.com,(414) 555-3503,Madison,WI,53703,,Sam,,,
Casey,Gonzalez3504,casey.gonzalez3504@example.com,(414) 555-3504,Green Bay,WI,54301,Gonzalez Properties,,,,
Riley,Thomas3505,riley.thomas3505@example.com,(414) 555-3505,Chicago,IL,60611,,Pat,two kids,new roof last year,sump pump check
Morgan,Jackson3506,morgan.jackson3506@example.com,(414) 555-3506,Evanston,IL,60201,,Chris,dog named Buddy,loves gardening,insurance deductible question
Avery,Johnson3507,avery.johnson3507@example.com,(414) 555-3507,Brookfield,WI,53005,Johnson Properties,Alex,parents nearby,just remodeled kitchen,tree trim quote
Quinn,Jones3508,quinn.jones3508@example.com,(414) 555-3508,Kenosha,WI,53140,,Sam,,,
Jamie,Davis3509,jamie.davis3509@example.com,(414) 555-3509,Appleton,WI,54911,,,,,
Cameron,Hernandez3510,cameron.hernandez3510@example.com,(414) 555-3510,Milwaukee,WI,53202,Hernandez Properties,Pat,two kids,new roof last year,sump pump check
Drew,Wilson3511,drew.wilson3511@example.com,(414) 555-3511,Waukesha,WI,53186,,Chris,dog named Buddy,loves gardening,insurance deductible question
Reese,Taylor3512,reese.taylor3512@example.com,(414) 555-3512,Racine,WI,53403,,Alex,parents nearby,just remodeled kitchen,tree trim quote
Skyler,Martin3513,skyler.martin3513@example.com,(414) 555-3513,Madison,WI,53703,Martin Properties,Sam,,,
Parker,Williams3514,parker.williams3514@example.com,(414) 555-3514,Green Bay,WI,54301,,,,,
Blake,Garcia3515,blake.garcia3515@example.com,(414) 555-3515,Chicago,IL,60611,,Pat,two kids,new roof last year,sump pump check
Hayden,Rodriguez3516,hayden.rodriguez3516@example.com,(414) 555-3516,Evanston,IL,60201,Rodriguez Properties,Chris,dog named Buddy,loves gardening,insurance deductible question
Rowan,Lopez3517,rowan.lopez3517@example.com,(414) 555-3517,Brookfield,WI,53005,,Alex,parents nearby,just remodeled kitchen,tree trim quote
Sawyer,Anderson3518,sawyer.anderson3518@example.com,(414) 555-3518,Kenosha,WI,53140,,Sam,,,
Finley,Moore3519,finley.moore3519@example.com,(414) 555-3519,Appleton,WI,54911,Moore Properties,,,,
Alex,Smith3520,alex.smith3520@example.com,(414) 555-3520,Milwaukee,WI,53202,,Pat,two kids,new roof last year,sump pump check
Jordan,Brown3521,jordan.brown3521@example.com,(414) 555-3521,Waukesha,WI,53186,,Chris,dog named Buddy,loves gardening,insurance deductible question
Sam,Miller3522,sam.miller3522@example.com,(414) 555-3522,Racine,WI,53403,Miller Properties,Alex,parents nearby,just remodeled kitchen,tree trim quote
Taylor,Martinez3523,taylor.martinez3523@example.com,(414) 555-3523,Madison,WI,53703,,Sam,,,
Casey,Gonzalez3524,casey.gonzalez3524@example.com,(414) 555-3524,Green Bay,WI,54301,,,,,
Riley,Thomas3525,riley.thomas3525@example.com,(414) 555-3525,Chicago,IL,60611,Thomas Properties,Pat,two kids,new roof last year,sump pump check
Morgan,Jackson3526,morgan.jackson3526@example.com,(414) 555-3526,Evanston,IL,60201,,Chris,dog named Buddy,loves gardening,insurance deductible question
Avery,Johnson3527,avery.johnson3527@example.com,(414) 555-3527,Brookfield,WI,53005,,Alex,parents nearby,just remodeled kitchen,tree trim quote
Quinn,Jones3528,quinn.jones3528@example.com,(414) 555-3528,Kenosha,WI,53140,Jones Properties,Sam,,,
Jamie,Davis3529,jamie.davis3529@example.com,(414) 555-3529,Appleton,WI,54911,,,,,
Cameron,Hernandez3530,cameron.hernandez3530@example.com,(414) 555-3530,Milwaukee,WI,53202,,Pat,two kids,new roof last year,sump pump check
Drew,Wilson3531,drew.wilson3531@example.com,(414) 555-3531,Waukesha,WI,53186,Wilson Properties,Chris,dog named Buddy,loves gardening,insurance deductible question
Reese,Taylor3532,reese.taylor3532@example.com,(414) 555-3532,Racine,WI,53403,,Alex,parents nearby,just remodeled kitchen,tree trim quote
Skyler,Martin3533,skyler.martin3533@example.com,(414) 555-3533,Madison,WI,53703,,Sam,,,
Parker,Williams3534,parker.williams3534@example.com,(414) 555-3534,Green Bay,WI,54301,Williams Properties,,,,
Blake,Garcia3535,blake.garcia3535@example.com,(414) 555-3535,Chicago,IL,60611,,Pat,two kids,new roof last year,sump pump check
Hayden,Rodriguez3536,hayden.rodriguez3536@example.com,(414) 555-3536,Evanston,IL,60201,,Chris,dog named Buddy,loves gardening,insurance deductible question
Rowan,Lopez3537,rowan.lopez3537@example.com,(414) 555-3537,Brookfield,WI,53005,Lopez Properties,Alex,parents nearby,just remodeled kitchen,tree trim quote
Sawyer,Anderson3538,sawyer.anderson3538@example.com,(414) 555-3538,Kenosha,WI,53140,,Sam,,,
Finley,Moore3539,finley.moore3539@example.com,(414) 555-3539,Appleton,WI,54911,,,,,
Alex,Smith3540,alex.smith3540@example.com,(414) 555-3540,Milwaukee,WI,53202,Smith Properties,Pat,two kids,new roof last year,sump pump check
Jordan,Brown3541,jordan.brown3541@example.com,(414) 555-3541,Waukesha,WI,53186,,Chris,dog named Buddy,loves gardening,insurance deductible question
Sam,Miller3542,sam.miller3542@example.com,(414) 555-3542,Racine,WI,53403,,Alex,parents nearby,just remodeled kitchen,tree trim quote
Taylor,Martinez3543,taylor.martinez3543@example.com,(414) 555-3543,Madison,WI,53703,Martinez Properties,Sam,,,
Casey,Gonzalez3544,casey.gonzalez3544@example.com,(414) 555-3544,Green Bay,WI,54301,,,,,
Riley,Thomas3545,riley.thomas3545@example.com,(414) 555-3545,Chicago,IL,60611,,Pat,two kids,new roof last year,sump pump check
Morgan,Jackson3546,morgan.jackson3546@example.com,(414) 555-3546,Evanston,IL,60201,Jackson Properties,Chris,dog named Buddy,loves gardening,insurance deductible question
Avery,Johnson3547,avery.johnson3547@example.com,(414) 555-3547,Brookfield,WI,53005,,Alex,parents nearby,just remodeled kitchen,tree trim quote
Quinn,Jones3548,quinn.jones3548@example.com,(414) 555-3548,Kenosha,WI,53140,,Sam,,,
Jamie,Davis3549,jamie.davis3549@example.com,(414) 555-3549,Appleton,WI,54911,Davis Properties,,,,
Cameron,Hernandez3550,cameron.hernandez3550@example.com,(414) 555-3550,Milwaukee,WI,53202,,Pat,two kids,new roof last year,sump pump check
Drew,Wilson3551,drew.wilson3551@example.com,(414) 555-3551,Waukesha,WI,53186,,Chris,dog named Buddy,loves gardening,insurance deductible question
Reese,Taylor3552,reese.taylor3552@example.com,(414) 555-3552,Racine,WI,53403,Taylor Properties,Alex,parents nearby,just remodeled kitchen,tree trim quote
Skyler,Martin3553,skyler.martin3553@example.com,(414) 555-3553,Madison,WI,53703,,Sam,,,
Parker,Williams3554,parker.williams3554@example.com,(414) 555-3554,Green Bay,WI,54301,,,,,
Blake,Garcia3555,blake.garcia3555@example.com,(414) 555-3555,Chicago,IL,60611,Garcia Properties,Pat,two kids,new roof last year,sump pump check
Hayden,Rodriguez3556,hayden.rodriguez3556@example.com,(414) 555-3556,Evanston,IL,60201,,Chris,dog named Buddy,loves gardening,insurance deductible question
Rowan,Lopez3557,rowan.lopez3557@example.com,(414) 555-3557,Brookfield,WI,53005,,Alex,parents nearby,just remodeled kitchen,tree trim quote
Sawyer,Anderson3558,sawyer.anderson3558@example.com,(414) 555-3558,Kenosha,WI,53140,Anderson Properties,Sam,,,
Finley,Moore3559,finley.moore3559@example.com,(414) 555-3559,Appleton,WI,54911,,,,,
Alex,Smith3560,alex.smith3560@example.com,(414) 555-3560,Milwaukee,WI,53202,,Pat,two kids,new roof last year,sump pump check
Jordan,Brown3561,jordan.brown3561@example.com,(414) 555-3561,Waukesha,WI,53186,Brown Properties,Chris,dog named Buddy,loves gardening,insurance deductible question
Sam,Miller3562,sam.miller3562@example.com,(414) 555-3562,Racine,WI,53403,,Alex,parents nearby,just remodeled kitchen,tree trim quote
Taylor,Martinez3563,taylor.martinez3563@example.com,(414) 555-3563,Madison,WI,53703,,Sam,,,
Casey,Gonzalez3564,casey.gonzalez3564@example.com,(414) 555-3564,Green Bay,WI,54301,Gonzalez Properties,,,,
Riley,Thomas3565,riley.thomas3565@example.com,(414) 555-3565,Chicago,IL,60611,,Pat,two kids,new roof last year,sump pump check
Morgan,Jackson3566,morgan.jackson3566@example.com,(414) 555-3566,Evanston,IL,60201,,Chris,dog named Buddy,loves gardening,insurance deductible question
Avery,Johnson3567,avery.johnson3567@example.com,(414) 555-3567,Brookfield,WI,53005,Johnson Properties,Alex,parents nearby,just remodeled kitchen,tree trim quote
Quinn,Jones3568,quinn.jones3568@example.com,(414) 555-3568,Kenosha,WI,53140,,Sam,,,
Jamie,Davis3569,jamie.davis3569@example.com,(414) 555-3569,Appleton,WI,54911,,,,,
Cameron,Hernandez3570,cameron.hernandez3570@example.com,(414) 555-3570,Milwaukee,WI,53202,Hernandez Properties,Pat,two kids,new roof last year,sump pump check
Drew,Wilson3571,drew.wilson3571@example.com,(414) 555-3571,Waukesha,WI,53186,,Chris,dog named Buddy,loves gardening,insurance deductible question
Reese,Taylor3572,reese.taylor3572@example.com,(414) 555-3572,Racine,WI,53403,,Alex,parents nearby,just remodeled kitchen,tree trim quote
Skyler,Martin3573,skyler.martin3573@example.com,(414) 555-3573,Madison,WI,53703,Martin Properties,Sam,,,
Parker,Williams3574,parker.williams3574@example.com,(414) 555-3574,Green Bay,WI,54301,,,,,
Blake,Garcia3575,blake.garcia3575@example.com,(414) 555-3575,Chicago,IL,60611,,Pat,two kids,new roof last year,sump pump check
Hayden,Rodriguez3576,hayden.rodriguez3576@example.com,(414) 555-3576,Evanston,IL,60201,Rodriguez Properties,Chris,dog named Buddy,loves gardening,insurance deductible question
Rowan,Lopez3577,rowan.lopez3577@example.com,(414) 555-3577,Brookfield,WI,53005,,Alex,parents nearby,just remodeled kitchen,tree trim quote
Sawyer,Anderson3578,sawyer.anderson3578@example.com,(414) 555-3578,Kenosha,WI,53140,,Sam,,,
Finley,Moore3579,finley.moore3579@example.com,(414) 555-3579,Appleton,WI,54911,Moore Properties,,,,
Alex,Smith3580,alex.smith3580@example.com,(414) 555-3580,Milwaukee,WI,53202,,Pat,two kids,new roof last year,sump pump check
Jordan,Brown3581,jordan.brown3581@example.com,(414) 555-3581,Waukesha,WI,53186,,Chris,dog named Buddy,loves gardening,insurance deductible question
Sam,Miller3582,sam.miller3582@example.com,(414) 555-3582,Racine,WI,53403,Miller Properties,Alex,parents nearby,just remodeled kitchen,tree trim quote
Taylor,Martinez3583,taylor.martinez3583@example.com,(414) 555-3583,Madison,WI,53703,,Sam,,,
Casey,Gonzalez3584,casey.gonzalez3584@example.com,(414) 555-3584,Green Bay,WI,54301,,,,,
Riley,Thomas3585,riley.thomas3585@example.com,(414) 555-3585,Chicago,IL,60611,Thomas Properties,Pat,two kids,new roof last year,sump pump check
Morgan,Jackson3586,morgan.jackson3586@example.com,(414) 555-3586,Evanston,IL,60201,,Chris,dog named Buddy,loves gardening,insurance deductible question
Avery,Johnson3587,avery.johnson3587@example.com,(414) 555-3587,Brookfield,WI,53005,,Alex,parents nearby,just remodeled kitchen,tree trim quote
Quinn,Jones3588,quinn.jones3588@example.com,(414) 555-3588,Kenosha,WI,53140,Jones Properties,Sam,,,
Jamie,Davis3589,jamie.davis3589@example.com,(414) 555-3589,Appleton,WI,54911,,,,,
Cameron,Hernandez3590,cameron.hernandez3590@example.com,(414) 555-3590,Milwaukee,WI,53202,,Pat,two kids,new roof last year,sump pump check
Drew,Wilson3591,drew.wilson3591@example.com,(414) 555-3591,Waukesha,WI,53186,Wilson Properties,Chris,dog named Buddy,loves gardening,insurance deductible question
Reese,Taylor3592,reese.taylor3592@example.com,(414) 555-3592,Racine,WI,53403,,Alex,parents nearby,just remodeled kitchen,tree trim quote
Skyler,Martin3593,skyler.martin3593@example.com,(414) 555-3593,Madison,WI,53703,,Sam,,,
Parker,Williams3594,parker.williams3594@example.com,(414) 555-3594,Green Bay,WI,54301,Williams Properties,,,,
Blake,Garcia3595,blake.garcia3595@example.com,(414) 555-3595,Chicago,IL,60611,,Pat,two kids,new roof last year,sump pump check
Hayden,Rodriguez3596,hayden.rodriguez3596@example.com,(414) 555-3596,Evanston,IL,60201,,Chris,dog named Buddy,loves gardening,insurance deductible question
Rowan,Lopez3597,rowan.lopez3597@example.com,(414) 555-3597,Brookfield,WI,53005,Lopez Properties,Alex,parents nearby,just remodeled kitchen,tree trim quote
Sawyer,Anderson3598,sawyer.anderson3598@example.com,(414) 555-3598,Kenosha,WI,53140,,Sam,,,
Finley,Moore3599,finley.moore3599@example.com,(414) 555-3599,Appleton,WI,54911,,,,,
Alex,Smith3600,alex.smith3600@example.com,(414) 555-3600,Milwaukee,WI,53202,Smith Properties,Pat,two kids,new roof last year,sump pump check
Jordan,Brown3601,jordan.brown3601@example.com,(414) 555-3601,Waukesha,WI,53186,,Chris,dog named Buddy,loves gardening,insurance deductible question
Sam,Miller3602,sam.miller3602@example.com,(414) 555-3602,Racine,WI,53403,,Alex,parents nearby,just remodeled kitchen,tree trim quote
Taylor,Martinez3603,taylor.martinez3603@example.com,(414) 555-3603,Madison,WI,53703,Martinez Properties,Sam,,,
Casey,Gonzalez3604,casey.gonzalez3604@example.com,(414) 555-3604,Green Bay,WI,54301,,,,,
Riley,Thomas3605,riley.thomas3605@example.com,(414) 555-3605,Chicago,IL,60611,,Pat,two kids,new roof last year,sump pump check
Morgan,Jackson3606,morgan.jackson3606@example.com,(414) 555-3606,Evanston,IL,60201,Jackson Properties,Chris,dog named Buddy,loves gardening,insurance deductible question
Avery,Johnson3607,avery.johnson3607@example.com,(414) 555-3607,Brookfield,WI,53005,,Alex,parents nearby,just remodeled kitchen,tree trim quote
Quinn,Jones3608,quinn.jones3608@example.com,(414) 555-3608,Kenosha,WI,53140,,Sam,,,
Jamie,Davis3609,jamie.davis3609@example.com,(414) 555-3609,Appleton,WI,54911,Davis Properties,,,,
Cameron,Hernandez3610,cameron.hernandez3610@example.com,(414) 555-3610,Milwaukee,WI,53202,,Pat,two kids,new roof last year,sump pump check
Drew,Wilson3611,drew.wilson3611@example.com,(414) 555-3611,Waukesha,WI,53186,,Chris,dog named Buddy,loves gardening,insurance deductible question
Reese,Taylor3612,reese.taylor3612@example.com,(414) 555-3612,Racine,WI,53403,Taylor Properties,Alex,parents nearby,just remodeled kitchen,tree trim quote
Skyler,Martin3613,skyler.martin3613@example.com,(414) 555-3613,Madison,WI,53703,,Sam,,,
Parker,Williams3614,parker.williams3614@example.com,(414) 555-3614,Green Bay,WI,54301,,,,,
Blake,Garcia3615,blake.garcia3615@example.com,(414) 555-3615,Chicago,IL,60611,Garcia Properties,Pat,two kids,new roof last year,sump pump check
Hayden,Rodriguez3616,hayden.rodriguez3616@example.com,(414) 555-3616,Evanston,IL,60201,,Chris,dog named Buddy,loves gardening,insurance deductible question
Rowan,Lopez3617,rowan.lopez3617@example.com,(414) 555-3617,Brookfield,WI,53005,,Alex,parents nearby,just remodeled kitchen,tree trim quote
Sawyer,Anderson3618,sawyer.anderson3618@example.com,(414) 555-3618,Kenosha,WI,53140,Anderson Properties,Sam,,,
Finley,Moore3619,finley.moore3619@example.com,(414) 555-3619,Appleton,WI,54911,,,,,
Alex,Smith3620,alex.smith3620@example.com,(414) 555-3620,Milwaukee,WI,53202,,Pat,two kids,new roof last year,sump pump check
Jordan,Brown3621,jordan.brown3621@example.com,(414) 555-3621,Waukesha,WI,53186,Brown Properties,Chris,dog named Buddy,loves gardening,insurance deductible question
Sam,Miller3622,sam.miller3622@example.com,(414) 555-3622,Racine,WI,53403,,Alex,parents nearby,just remodeled kitchen,tree trim quote
Taylor,Martinez3623,taylor.martinez3623@example.com,(414) 555-3623,Madison,WI,53703,,Sam,,,
Casey,Gonzalez3624,casey.gonzalez3624@example.com,(414) 555-3624,Green Bay,WI,54301,Gonzalez Properties,,,,
Riley,Thomas3625,riley.thomas3625@example.com,(414) 555-3625,Chicago,IL,60611,,Pat,two kids,new roof last year,sump pump check
Morgan,Jackson3626,morgan.jackson3626@example.com,(414) 555-3626,Evanston,IL,60201,,Chris,dog named Buddy,loves gardening,insurance deductible question
Avery,Johnson3627,avery.johnson3627@example.com,(414) 555-3627,Brookfield,WI,53005,Johnson Properties,Alex,parents nearby,just remodeled kitchen,tree trim quote
Quinn,Jones3628,quinn.jones3628@example.com,(414) 555-3628,Kenosha,WI,53140,,Sam,,,
Jamie,Davis3629,jamie.davis3629@example.com,(414) 555-3629,Appleton,WI,54911,,,,,
Cameron,Hernandez3630,cameron.hernandez3630@example.com,(414) 555-3630,Milwaukee,WI,53202,Hernandez Properties,Pat,two kids,new roof last year,sump pump check
Drew,Wilson3631,drew.wilson3631@example.com,(414) 555-3631,Waukesha,WI,53186,,Chris,dog named Buddy,loves gardening,insurance deductible question
Reese,Taylor3632,reese.taylor3632@example.com,(414) 555-3632,Racine,WI,53403,,Alex,parents nearby,just remodeled kitchen,tree trim quote
Skyler,Martin3633,skyler.martin3633@example.com,(414) 555-3633,Madison,WI,53703,Martin Properties,Sam,,,
Parker,Williams3634,parker.williams3634@example.com,(414) 555-3634,Green Bay,WI,54301,,,,,
Blake,Garcia3635,blake.garcia3635@example.com,(414) 555-3635,Chicago,IL,60611,,Pat,two kids,new roof last year,sump pump check
Hayden,Rodriguez3636,hayden.rodriguez3636@example.com,(414) 555-3636,Evanston,IL,60201,Rodriguez Properties,Chris,dog named Buddy,loves gardening,insurance deductible question
Rowan,Lopez3637,rowan.lopez3637@example.com,(414) 555-3637,Brookfield,WI,53005,,Alex,parents nearby,just remodeled kitchen,tree trim quote
Sawyer,Anderson3638,sawyer.anderson3638@example.com,(414) 555-3638,Kenosha,WI,53140,,Sam,,,
Finley,Moore3639,finley.moore3639@example.com,(414) 555-3639,Appleton,WI,54911,Moore Properties,,,,
Alex,Smith3640,alex.smith3640@example.com,(414) 555-3640,Milwaukee,WI,53202,,Pat,two kids,new roof last year,sump pump check
Jordan,Brown3641,jordan.brown3641@example.com,(414) 555-3641,Waukesha,WI,53186,,Chris,dog named Buddy,loves gardening,insurance deductible question
Sam,Miller3642,sam.miller3642@example.com,(414) 555-3642,Racine,WI,53403,Miller Properties,Alex,parents nearby,just remodeled kitchen,tree trim quote
Taylor,Martinez3643,taylor.martinez3643@example.com,(414) 555-3643,Madison,WI,53703,,Sam,,,
Casey,Gonzalez3644,casey.gonzalez3644@example.com,(414) 555-3644,Green Bay,WI,54301,,,,,
Riley,Thomas3645,riley.thomas3645@example.com,(414) 555-3645,Chicago,IL,60611,Thomas Properties,Pat,two kids,new roof last year,sump pump check
Morgan,Jackson3646,morgan.jackson3646@example.com,(414) 555-3646,Evanston,IL,60201,,Chris,dog named Buddy,loves gardening,insurance deductible question
Avery,Johnson3647,avery.johnson3647@example.com,(414) 555-3647,Brookfield,WI,53005,,Alex,parents nearby,just remodeled kitchen,tree trim quote
Quinn,Jones3648,quinn.jones3648@example.com,(414) 555-3648,Kenosha,WI,53140,Jones Properties,Sam,,,
Jamie,Davis3649,jamie.davis3649@example.com,(414) 555-3649,Appleton,WI,54911,,,,,
Cameron,Hernandez3650,cameron.hernandez3650@example.com,(414) 555-3650,Milwaukee,WI,53202,,Pat,two kids,new roof last year,sump pump check
Drew,Wilson3651,drew.wilson3651@example.com,(414) 555-3651,Waukesha,WI,53186,Wilson Properties,Chris,dog named Buddy,loves gardening,insurance deductible question
Reese,Taylor3652,reese.taylor3652@example.com,(414) 555-3652,Racine,WI,53403,,Alex,parents nearby,just remodeled kitchen,tree trim quote
Skyler,Martin3653,skyler.martin3653@example.com,(414) 555-3653,Madison,WI,53703,,Sam,,,
Parker,Williams3654,parker.williams3654@example.com,(414) 555-3654,Green Bay,WI,54301,Williams Properties,,,,
Blake,Garcia3655,blake.garcia3655@example.com,(414) 555-3655,Chicago,IL,60611,,Pat,two kids,new roof last year,sump pump check
Hayden,Rodriguez3656,hayden.rodriguez3656@example.com,(414) 555-3656,Evanston,IL,60201,,Chris,dog named Buddy,loves gardening,insurance deductible question
Rowan,Lopez3657,rowan.lopez3657@example.com,(414) 555-3657,Brookfield,WI,53005,Lopez Properties,Alex,parents nearby,just remodeled kitchen,tree trim quote
Sawyer,Anderson3658,sawyer.anderson3658@example.com,(414) 555-3658,Kenosha,WI,53140,,Sam,,,
Finley,Moore3659,finley.moore3659@example.com,(414) 555-3659,Appleton,WI,54911,,,,,
Alex,Smith3660,alex.smith3660@example.com,(414) 555-3660,Milwaukee,WI,53202,Smith Properties,Pat,two kids,new roof last year,sump pump check
Jordan,Brown3661,jordan.brown3661@example.com,(414) 555-3661,Waukesha,WI,53186,,Chris,dog named Buddy,loves gardening,insurance deductible question
Sam,Miller3662,sam.miller3662@example.com,(414) 555-3662,Racine,WI,53403,,Alex,parents nearby,just remodeled kitchen,tree trim quote
Taylor,Martinez3663,taylor.martinez3663@example.com,(414) 555-3663,Madison,WI,53703,Martinez Properties,Sam,,,
Casey,Gonzalez3664,casey.gonzalez3664@example.com,(414) 555-3664,Green Bay,WI,54301,,,,,
Riley,Thomas3665,riley.thomas3665@example.com,(414) 555-3665,Chicago,IL,60611,,Pat,two kids,new roof last year,sump pump check
Morgan,Jackson3666,morgan.jackson3666@example.com,(414) 555-3666,Evanston,IL,60201,Jackson Properties,Chris,dog named Buddy,loves gardening,insurance deductible question
Avery,Johnson3667,avery.johnson3667@example.com,(414) 555-3667,Brookfield,WI,53005,,Alex,parents nearby,just remodeled kitchen,tree trim quote
Quinn,Jones3668,quinn.jones3668@example.com,(414) 555-3668,Kenosha,WI,53140,,Sam,,,
Jamie,Davis3669,jamie.davis3669@example.com,(414) 555-3669,Appleton,WI,54911,Davis Properties,,,,
Cameron,Hernandez3670,cameron.hernandez3670@example.com,(414) 555-3670,Milwaukee,WI,53202,,Pat,two kids,new roof last year,sump pump check
Drew,Wilson3671,drew.wilson3671@example.com,(414) 555-3671,Waukesha,WI,53186,,Chris,dog named Buddy,loves gardening,insurance deductible question
Reese,Taylor3672,reese.taylor3672@example.com,(414) 555-3672,Racine,WI,53403,Taylor Properties,Alex,parents nearby,just remodeled kitchen,tree trim quote
Skyler,Martin3673,skyler.martin3673@example.com,(414) 555-3673,Madison,WI,53703,,Sam,,,
Parker,Williams3674,parker.williams3674@example.com,(414) 555-3674,Green Bay,WI,54301,,,,,
Blake,Garcia3675,blake.garcia3675@example.com,(414) 555-3675,Chicago,IL,60611,Garcia Properties,Pat,two kids,new roof last year,sump pump check
Hayden,Rodriguez3676,hayden.rodriguez3676@example.com,(414) 555-3676,Evanston,IL,60201,,Chris,dog named Buddy,loves gardening,insurance deductible question
Rowan,Lopez3677,rowan.lopez3677@example.com,(414) 555-3677,Brookfield,WI,53005,,Alex,parents nearby,just remodeled kitchen,tree trim quote
Sawyer,Anderson3678,sawyer.anderson3678@example.com,(414) 555-3678,Kenosha,WI,53140,Anderson Properties,Sam,,,
Finley,Moore3679,finley.moore3679@example.com,(414) 555-3679,Appleton,WI,54911,,,,,
Alex,Smith3680,alex.smith3680@example.com,(414) 555-3680,Milwaukee,WI,53202,,Pat,two kids,new roof last year,sump pump check
Jordan,Brown3681,jordan.brown3681@example.com,(414) 555-3681,Waukesha,WI,53186,Brown Properties,Chris,dog named Buddy,loves gardening,insurance deductible question
Sam,Miller3682,sam.miller3682@example.com,(414) 555-3682,Racine,WI,53403,,Alex,parents nearby,just remodeled kitchen,tree trim quote
Taylor,Martinez3683,taylor.martinez3683@example.com,(414) 555-3683,Madison,WI,53703,,Sam,,,
Casey,Gonzalez3684,casey.gonzalez3684@example.com,(414) 555-3684,Green Bay,WI,54301,Gonzalez Properties,,,,
Riley,Thomas3685,riley.thomas3685@example.com,(414) 555-3685,Chicago,IL,60611,,Pat,two kids,new roof last year,sump pump check
Morgan,Jackson3686,morgan.jackson3686@example.com,(414) 555-3686,Evanston,IL,60201,,Chris,dog named Buddy,loves gardening,insurance deductible question
Avery,Johnson3687,avery.johnson3687@example.com,(414) 555-3687,Brookfield,WI,53005,Johnson Properties,Alex,parents nearby,just remodeled kitchen,tree trim quote
Quinn,Jones3688,quinn.jones3688@example.com,(414) 555-3688,Kenosha,WI,53140,,Sam,,,
Jamie,Davis3689,jamie.davis3689@example.com,(414) 555-3689,Appleton,WI,54911,,,,,
Cameron,Hernandez3690,cameron.hernandez3690@example.com,(414) 555-3690,Milwaukee,WI,53202,Hernandez Properties,Pat,two kids,new roof last year,sump pump check
Drew,Wilson3691,drew.wilson3691@example.com,(414) 555-3691,Waukesha,WI,53186,,Chris,dog named Buddy,loves gardening,insurance deductible question
Reese,Taylor3692,reese.taylor3692@example.com,(414) 555-3692,Racine,WI,53403,,Alex,parents nearby,just remodeled kitchen,tree trim quote
Skyler,Martin3693,skyler.martin3693@example.com,(414) 555-3693,Madison,WI,53703,Martin Properties,Sam,,,
Parker,Williams3694,parker.williams3694@example.com,(414) 555-3694,Green Bay,WI,54301,,,,,
Blake,Garcia3695,blake.garcia3695@example.com,(414) 555-3695,Chicago,IL,60611,,Pat,two kids,new roof last year,sump pump check
Hayden,Rodriguez3696,hayden.rodriguez3696@example.com,(414) 555-3696,Evanston,IL,60201,Rodriguez Properties,Chris,dog named Buddy,loves gardening,insurance deductible question
Rowan,Lopez3697,rowan.lopez3697@example.com,(414) 555-3697,Brookfield,WI,53005,,Alex,parents nearby,just remodeled kitchen,tree trim quote
Sawyer,Anderson3698,sawyer.anderson3698@example.com,(414) 555-3698,Kenosha,WI,53140,,Sam,,,
Finley,Moore3699,finley.moore3699@example.com,(414) 555-3699,Appleton,WI,54911,Moore Properties,,,,
Alex,Smith3700,alex.smith3700@example.com,(414) 555-3700,Milwaukee,WI,53202,,Pat,two kids,new roof last year,sump pump check
Jordan,Brown3701,jordan.brown3701@example.com,(414) 555-3701,Waukesha,WI,53186,,Chris,dog named Buddy,loves gardening,insurance deductible question
Sam,Miller3702,sam.miller3702@example.com,(414) 555-3702,Racine,WI,53403,Miller Properties,Alex,parents nearby,just remodeled kitchen,tree trim quote
Taylor,Martinez3703,taylor.martinez3703@example.com,(414) 555-3703,Madison,WI,53703,,Sam,,,
Casey,Gonzalez3704,casey.gonzalez3704@example.com,(414) 555-3704,Green Bay,WI,54301,,,,,
Riley,Thomas3705,riley.thomas3705@example.com,(414) 555-3705,Chicago,IL,60611,Thomas Properties,Pat,two kids,new roof last year,sump pump check
Morgan,Jackson3706,morgan.jackson3706@example.com,(414) 555-3706,Evanston,IL,60201,,Chris,dog named Buddy,loves gardening,insurance deductible question
Avery,Johnson3707,avery.johnson3707@example.com,(414) 555-3707,Brookfield,WI,53005,,Alex,parents nearby,just remodeled kitchen,tree trim quote
Quinn,Jones3708,quinn.jones3708@example.com,(414) 555-3708,Kenosha,WI,53140,Jones Properties,Sam,,,
Jamie,Davis3709,jamie.davis3709@example.com,(414) 555-3709,Appleton,WI,54911,,,,,
Cameron,Hernandez3710,cameron.hernandez3710@example.com,(414) 555-3710,Milwaukee,WI,53202,,Pat,two kids,new roof last year,sump pump check
Drew,Wilson3711,drew.wilson3711@example.com,(414) 555-3711,Waukesha,WI,53186,Wilson Properties,Chris,dog named Buddy,loves gardening,insurance deductible question
Reese,Taylor3712,reese.taylor3712@example.com,(414) 555-3712,Racine,WI,53403,,Alex,parents nearby,just remodeled kitchen,tree trim quote
Skyler,Martin3713,skyler.martin3713@example.com,(414) 555-3713,Madison,WI,53703,,Sam,,,
Parker,Williams3714,parker.williams3714@example.com,(414) 555-3714,Green Bay,WI,54301,Williams Properties,,,,
Blake,Garcia3715,blake.garcia3715@example.com,(414) 555-3715,Chicago,IL,60611,,Pat,two kids,new roof last year,sump pump check
Hayden,Rodriguez3716,hayden.rodriguez3716@example.com,(414) 555-3716,Evanston,IL,60201,,Chris,dog named Buddy,loves gardening,insurance deductible question
Rowan,Lopez3717,rowan.lopez3717@example.com,(414) 555-3717,Brookfield,WI,53005,Lopez Properties,Alex,parents nearby,just remodeled kitchen,tree trim quote
Sawyer,Anderson3718,sawyer.anderson3718@example.com,(414) 555-3718,Kenosha,WI,53140,,Sam,,,
Finley,Moore3719,finley.moore3719@example.com,(414) 555-3719,Appleton,WI,54911,,,,,
Alex,Smith3720,alex.smith3720@example.com,(414) 555-3720,Milwaukee,WI,53202,Smith Properties,Pat,two kids,new roof last year,sump pump check
Jordan,Brown3721,jordan.brown3721@example.com,(414) 555-3721,Waukesha,WI,53186,,Chris,dog named Buddy,loves gardening,insurance deductible question
Sam,Miller3722,sam.miller3722@example.com,(414) 555-3722,Racine,WI,53403,,Alex,parents nearby,just remodeled kitchen,tree trim quote
Taylor,Martinez3723,taylor.martinez3723@example.com,(414) 555-3723,Madison,WI,53703,Martinez Properties,Sam,,,
Casey,Gonzalez3724,casey.gonzalez3724@example.com,(414) 555-3724,Green Bay,WI,54301,,,,,
Riley,Thomas3725,riley.thomas3725@example.com,(414) 555-3725,Chicago,IL,60611,,Pat,two kids,new roof last year,sump pump check
Morgan,Jackson3726,morgan.jackson3726@example.com,(414) 555-3726,Evanston,IL,60201,Jackson Properties,Chris,dog named Buddy,loves gardening,insurance deductible question
Avery,Johnson3727,avery.johnson3727@example.com,(414) 555-3727,Brookfield,WI,53005,,Alex,parents nearby,just remodeled kitchen,tree trim quote
Quinn,Jones3728,quinn.jones3728@example.com,(414) 555-3728,Kenosha,WI,53140,,Sam,,,
Jamie,Davis3729,jamie.davis3729@example.com,(414) 555-3729,Appleton,WI,54911,Davis Properties,,,,
Cameron,Hernandez3730,cameron.hernandez3730@example.com,(414) 555-3730,Milwaukee,WI,53202,,Pat,two kids,new roof last year,sump pump check
Drew,Wilson3731,drew.wilson3731@example.com,(414) 555-3731,Waukesha,WI,53186,,Chris,dog named Buddy,loves gardening,insurance deductible question
Reese,Taylor3732,reese.taylor3732@example.com,(414) 555-3732,Racine,WI,53403,Taylor Properties,Alex,parents nearby,just remodeled kitchen,tree trim quote
Skyler,Martin3733,skyler.martin3733@example.com,(414) 555-3733,Madison,WI,53703,,Sam,,,
Parker,Williams3734,parker.williams3734@example.com,(414) 555-3734,Green Bay,WI,54301,,,,,
Blake,Garcia3735,blake.garcia3735@example.com,(414) 555-3735,Chicago,IL,60611,Garcia Properties,Pat,two kids,new roof last year,sump pump check
Hayden,Rodriguez3736,hayden.rodriguez3736@example.com,(414) 555-3736,Evanston,IL,60201,,Chris,dog named Buddy,loves gardening,insurance deductible question
Rowan,Lopez3737,rowan.lopez3737@example.com,(414) 555-3737,Brookfield,WI,53005,,Alex,parents nearby,just remodeled kitchen,tree trim quote
Sawyer,Anderson3738,sawyer.anderson3738@example.com,(414) 555-3738,Kenosha,WI,53140,Anderson Properties,Sam,,,
Finley,Moore3739,finley.moore3739@example.com,(414) 555-3739,Appleton,WI,54911,,,,,
Alex,Smith3740,alex.smith3740@example.com,(414) 555-3740,Milwaukee,WI,53202,,Pat,two kids,new roof last year,sump pump check
Jordan,Brown3741,jordan.brown3741@example.com,(414) 555-3741,Waukesha,WI,53186,Brown Properties,Chris,dog named Buddy,loves gardening,insurance deductible question
Sam,Miller3742,sam.miller3742@example.com,(414) 555-3742,Racine,WI,53403,,Alex,parents nearby,just remodeled kitchen,tree trim quote
Taylor,Martinez3743,taylor.martinez3743@example.com,(414) 555-3743,Madison,WI,53703,,Sam,,,
Casey,Gonzalez3744,casey.gonzalez3744@example.com,(414) 555-3744,Green Bay,WI,54301,Gonzalez Properties,,,,
Riley,Thomas3745,riley.thomas3745@example.com,(414) 555-3745,Chicago,IL,60611,,Pat,two kids,new roof last year,sump pump check
Morgan,Jackson3746,morgan.jackson3746@example.com,(414) 555-3746,Evanston,IL,60201,,Chris,dog named Buddy,loves gardening,insurance deductible question
Avery,Johnson3747,avery.johnson3747@example.com,(414) 555-3747,Brookfield,WI,53005,Johnson Properties,Alex,parents nearby,just remodeled kitchen,tree trim quote
Quinn,Jones3748,quinn.jones3748@example.com,(414) 555-3748,Kenosha,WI,53140,,Sam,,,
Jamie,Davis3749,jamie.davis3749@example.com,(414) 555-3749,Appleton,WI,54911,,,,,
Cameron,Hernandez3750,cameron.hernandez3750@example.com,(414) 555-3750,Milwaukee,WI,53202,Hernandez Properties,Pat,two kids,new roof last year,sump pump check
Drew,Wilson3751,drew.wilson3751@example.com,(414) 555-3751,Waukesha,WI,53186,,Chris,dog named Buddy,loves gardening,insurance deductible question
Reese,Taylor3752,reese.taylor3752@example.com,(414) 555-3752,Racine,WI,53403,,Alex,parents nearby,just remodeled kitchen,tree trim quote
Skyler,Martin3753,skyler.martin3753@example.com,(414) 555-3753,Madison,WI,53703,Martin Properties,Sam,,,
Parker,Williams3754,parker.williams3754@example.com,(414) 555-3754,Green Bay,WI,54301,,,,,
Blake,Garcia3755,blake.garcia3755@example.com,(414) 555-3755,Chicago,IL,60611,,Pat,two kids,new roof last year,sump pump check
Hayden,Rodriguez3756,hayden.rodriguez3756@example.com,(414) 555-3756,Evanston,IL,60201,Rodriguez Properties,Chris,dog named Buddy,loves gardening,insurance deductible question
Rowan,Lopez3757,rowan.lopez3757@example.com,(414) 555-3757,Brookfield,WI,53005,,Alex,parents nearby,just remodeled kitchen,tree trim quote
Sawyer,Anderson3758,sawyer.anderson3758@example.com,(414) 555-3758,Kenosha,WI,53140,,Sam,,,
Finley,Moore3759,finley.moore3759@example.com,(414) 555-3759,Appleton,WI,54911,Moore Properties,,,,
Alex,Smith3760,alex.smith3760@example.com,(414) 555-3760,Milwaukee,WI,53202,,Pat,two kids,new roof last year,sump pump check
Jordan,Brown3761,jordan.brown3761@example.com,(414) 555-3761,Waukesha,WI,53186,,Chris,dog named Buddy,loves gardening,insurance deductible question
Sam,Miller3762,sam.miller3762@example.com,(414) 555-3762,Racine,WI,53403,Miller Properties,Alex,parents nearby,just remodeled kitchen,tree trim quote
Taylor,Martinez3763,taylor.martinez3763@example.com,(414) 555-3763,Madison,WI,53703,,Sam,,,
Casey,Gonzalez3764,casey.gonzalez3764@example.com,(414) 555-3764,Green Bay,WI,54301,,,,,
Riley,Thomas3765,riley.thomas3765@example.com,(414) 555-3765,Chicago,IL,60611,Thomas Properties,Pat,two kids,new roof last year,sump pump check
Morgan,Jackson3766,morgan.jackson3766@example.com,(414) 555-3766,Evanston,IL,60201,,Chris,dog named Buddy,loves gardening,insurance deductible question
Avery,Johnson3767,avery.johnson3767@example.com,(414) 555-3767,Brookfield,WI,53005,,Alex,parents nearby,just remodeled kitchen,tree trim quote
Quinn,Jones3768,quinn.jones3768@example.com,(414) 555-3768,Kenosha,WI,53140,Jones Properties,Sam,,,
Jamie,Davis3769,jamie.davis3769@example.com,(414) 555-3769,Appleton,WI,54911,,,,,
Cameron,Hernandez3770,cameron.hernandez3770@example.com,(414) 555-3770,Milwaukee,WI,53202,,Pat,two kids,new roof last year,sump pump check
Drew,Wilson3771,drew.wilson3771@example.com,(414) 555-3771,Waukesha,WI,53186,Wilson Properties,Chris,dog named Buddy,loves gardening,insurance deductible question
Reese,Taylor3772,reese.taylor3772@example.com,(414) 555-3772,Racine,WI,53403,,Alex,parents nearby,just remodeled kitchen,tree trim quote
Skyler,Martin3773,skyler.martin3773@example.com,(414) 555-3773,Madison,WI,53703,,Sam,,,
Parker,Williams3774,parker.williams3774@example.com,(414) 555-3774,Green Bay,WI,54301,Williams Properties,,,,
Blake,Garcia3775,blake.garcia3775@example.com,(414) 555-3775,Chicago,IL,60611,,Pat,two kids,new roof last year,sump pump check
Hayden,Rodriguez3776,hayden.rodriguez3776@example.com,(414) 555-3776,Evanston,IL,60201,,Chris,dog named Buddy,loves gardening,insurance deductible question
Rowan,Lopez3777,rowan.lopez3777@example.com,(414) 555-3777,Brookfield,WI,53005,Lopez Properties,Alex,parents nearby,just remodeled kitchen,tree trim quote
Sawyer,Anderson3778,sawyer.anderson3778@example.com,(414) 555-3778,Kenosha,WI,53140,,Sam,,,
Finley,Moore3779,finley.moore3779@example.com,(414) 555-3779,Appleton,WI,54911,,,,,
Alex,Smith3780,alex.smith3780@example.com,(414) 555-3780,Milwaukee,WI,53202,Smith Properties,Pat,two kids,new roof last year,sump pump check
Jordan,Brown3781,jordan.brown3781@example.com,(414) 555-3781,Waukesha,WI,53186,,Chris,dog named Buddy,loves gardening,insurance deductible question
Sam,Miller3782,sam.miller3782@example.com,(414) 555-3782,Racine,WI,53403,,Alex,parents nearby,just remodeled kitchen,tree trim quote
Taylor,Martinez3783,taylor.martinez3783@example.com,(414) 555-3783,Madison,WI,53703,Martinez Properties,Sam,,,
Casey,Gonzalez3784,casey.gonzalez3784@example.com,(414) 555-3784,Green Bay,WI,54301,,,,,
Riley,Thomas3785,riley.thomas3785@example.com,(414) 555-3785,Chicago,IL,60611,,Pat,two kids,new roof last year,sump pump check
Morgan,Jackson3786,morgan.jackson3786@example.com,(414) 555-3786,Evanston,IL,60201,Jackson Properties,Chris,dog named Buddy,loves gardening,insurance deductible question
Avery,Johnson3787,avery.johnson3787@example.com,(414) 555-3787,Brookfield,WI,53005,,Alex,parents nearby,just remodeled kitchen,tree trim quote
Quinn,Jones3788,quinn.jones3788@example.com,(414) 555-3788,Kenosha,WI,53140,,Sam,,,
Jamie,Davis3789,jamie.davis3789@example.com,(414) 555-3789,Appleton,WI,54911,Davis Properties,,,,
Cameron,Hernandez3790,cameron.hernandez3790@example.com,(414) 555-3790,Milwaukee,WI,53202,,Pat,two kids,new roof last year,sump pump check
Drew,Wilson3791,drew.wilson3791@example.com,(414) 555-3791,Waukesha,WI,53186,,Chris,dog named Buddy,loves gardening,insurance deductible question
Reese,Taylor3792,reese.taylor3792@example.com,(414) 555-3792,Racine,WI,53403,Taylor Properties,Alex,parents nearby,just remodeled kitchen,tree trim quote
Skyler,Martin3793,skyler.martin3793@example.com,(414) 555-3793,Madison,WI,53703,,Sam,,,
Parker,Williams3794,parker.williams3794@example.com,(414) 555-3794,Green Bay,WI,54301,,,,,
Blake,Garcia3795,blake.garcia3795@example.com,(414) 555-3795,Chicago,IL,60611,Garcia Properties,Pat,two kids,new roof last year,sump pump check
Hayden,Rodriguez3796,hayden.rodriguez3796@example.com,(414) 555-3796,Evanston,IL,60201,,Chris,dog named Buddy,loves gardening,insurance deductible question
Rowan,Lopez3797,rowan.lopez3797@example.com,(414) 555-3797,Brookfield,WI,53005,,Alex,parents nearby,just remodeled kitchen,tree trim quote
Sawyer,Anderson3798,sawyer.anderson3798@example.com,(414) 555-3798,Kenosha,WI,53140,Anderson Properties,Sam,,,
Finley,Moore3799,finley.moore3799@example.com,(414) 555-3799,Appleton,WI,54911,,,,,
Alex,Smith3800,alex.smith3800@example.com,(414) 555-3800,Milwaukee,WI,53202,,Pat,two kids,new roof last year,sump pump check
Jordan,Brown3801,jordan.brown3801@example.com,(414) 555-3801,Waukesha,WI,53186,Brown Properties,Chris,dog named Buddy,loves gardening,insurance deductible question
Sam,Miller3802,sam.miller3802@example.com,(414) 555-3802,Racine,WI,53403,,Alex,parents nearby,just remodeled kitchen,tree trim quote
Taylor,Martinez3803,taylor.martinez3803@example.com,(414) 555-3803,Madison,WI,53703,,Sam,,,
Casey,Gonzalez3804,casey.gonzalez3804@example.com,(414) 555-3804,Green Bay,WI,54301,Gonzalez Properties,,,,
Riley,Thomas3805,riley.thomas3805@example.com,(414) 555-3805,Chicago,IL,60611,,Pat,two kids,new roof last year,sump pump check
Morgan,Jackson3806,morgan.jackson3806@example.com,(414) 555-3806,Evanston,IL,60201,,Chris,dog named Buddy,loves gardening,insurance deductible question
Avery,Johnson3807,avery.johnson3807@example.com,(414) 555-3807,Brookfield,WI,53005,Johnson Properties,Alex,parents nearby,just remodeled kitchen,tree trim quote
Quinn,Jones3808,quinn.jones3808@example.com,(414) 555-3808,Kenosha,WI,53140,,Sam,,,
Jamie,Davis3809,jamie.davis3809@example.com,(414) 555-3809,Appleton,WI,54911,,,,,
Cameron,Hernandez3810,cameron.hernandez3810@example.com,(414) 555-3810,Milwaukee,WI,53202,Hernandez Properties,Pat,two kids,new roof last year,sump pump check
Drew,Wilson3811,drew.wilson3811@example.com,(414) 555-3811,Waukesha,WI,53186,,Chris,dog named Buddy,loves gardening,insurance deductible question
Reese,Taylor3812,reese.taylor3812@example.com,(414) 555-3812,Racine,WI,53403,,Alex,parents nearby,just remodeled kitchen,tree trim quote
Skyler,Martin3813,skyler.martin3813@example.com,(414) 555-3813,Madison,WI,53703,Martin Properties,Sam,,,
Parker,Williams3814,parker.williams3814@example.com,(414) 555-3814,Green Bay,WI,54301,,,,,
Blake,Garcia3815,blake.garcia3815@example.com,(414) 555-3815,Chicago,IL,60611,,Pat,two kids,new roof last year,sump pump check
Hayden,Rodriguez3816,hayden.rodriguez3816@example.com,(414) 555-3816,Evanston,IL,60201,Rodriguez Properties,Chris,dog named Buddy,loves gardening,insurance deductible question
Rowan,Lopez3817,rowan.lopez3817@example.com,(414) 555-3817,Brookfield,WI,53005,,Alex,parents nearby,just remodeled kitchen,tree trim quote
Sawyer,Anderson3818,sawyer.anderson3818@example.com,(414) 555-3818,Kenosha,WI,53140,,Sam,,,
Finley,Moore3819,finley.moore3819@example.com,(414) 555-3819,Appleton,WI,54911,Moore Properties,,,,
Alex,Smith3820,alex.smith3820@example.com,(414) 555-3820,Milwaukee,WI,53202,,Pat,two kids,new roof last year,sump pump check
Jordan,Brown3821,jordan.brown3821@example.com,(414) 555-3821,Waukesha,WI,53186,,Chris,dog named Buddy,loves gardening,insurance deductible question
Sam,Miller3822,sam.miller3822@example.com,(414) 555-3822,Racine,WI,53403,Miller Properties,Alex,parents nearby,just remodeled kitchen,tree trim quote
Taylor,Martinez3823,taylor.martinez3823@example.com,(414) 555-3823,Madison,WI,53703,,Sam,,,
Casey,Gonzalez3824,casey.gonzalez3824@example.com,(414) 555-3824,Green Bay,WI,54301,,,,,
Riley,Thomas3825,riley.thomas3825@example.com,(414) 555-3825,Chicago,IL,60611,Thomas Properties,Pat,two kids,new roof last year,sump pump check
Morgan,Jackson3826,morgan.jackson3826@example.com,(414) 555-3826,Evanston,IL,60201,,Chris,dog named Buddy,loves gardening,insurance deductible question
Avery,Johnson3827,avery.johnson3827@example.com,(414) 555-3827,Brookfield,WI,53005,,Alex,parents nearby,just remodeled kitchen,tree trim quote
Quinn,Jones3828,quinn.jones3828@example.com,(414) 555-3828,Kenosha,WI,53140,Jones Properties,Sam,,,
Jamie,Davis3829,jamie.davis3829@example.com,(414) 555-3829,Appleton,WI,54911,,,,,
Cameron,Hernandez3830,cameron.hernandez3830@example.com,(414) 555-3830,Milwaukee,WI,53202,,Pat,two kids,new roof last year,sump pump check
Drew,Wilson3831,drew.wilson3831@example.com,(414) 555-3831,Waukesha,WI,53186,Wilson Properties,Chris,dog named Buddy,loves gardening,insurance deductible question
Reese,Taylor3832,reese.taylor3832@example.com,(414) 555-3832,Racine,WI,53403,,Alex,parents nearby,just remodeled kitchen,tree trim quote
Skyler,Martin3833,skyler.martin3833@example.com,(414) 555-3833,Madison,WI,53703,,Sam,,,
Parker,Williams3834,parker.williams3834@example.com,(414) 555-3834,Green Bay,WI,54301,Williams Properties,,,,
Blake,Garcia3835,blake.garcia3835@example.com,(414) 555-3835,Chicago,IL,60611,,Pat,two kids,new roof last year,sump pump check
Hayden,Rodriguez3836,hayden.rodriguez3836@example.com,(414) 555-3836,Evanston,IL,60201,,Chris,dog named Buddy,loves gardening,insurance deductible question
Rowan,Lopez3837,rowan.lopez3837@example.com,(414) 555-3837,Brookfield,WI,53005,Lopez Properties,Alex,parents nearby,just remodeled kitchen,tree trim quote
Sawyer,Anderson3838,sawyer.anderson3838@example.com,(414) 555-3838,Kenosha,WI,53140,,Sam,,,
Finley,Moore3839,finley.moore3839@example.com,(414) 555-3839,Appleton,WI,54911,,,,,
Alex,Smith3840,alex.smith3840@example.com,(414) 555-3840,Milwaukee,WI,53202,Smith Properties,Pat,two kids,new roof last year,sump pump check
Jordan,Brown3841,jordan.brown3841@example.com,(414) 555-3841,Waukesha,WI,53186,,Chris,dog named Buddy,loves gardening,insurance deductible question
Sam,Miller3842,sam.miller3842@example.com,(414) 555-3842,Racine,WI,53403,,Alex,parents nearby,just remodeled kitchen,tree trim quote
Taylor,Martinez3843,taylor.martinez3843@example.com,(414) 555-3843,Madison,WI,53703,Martinez Properties,Sam,,,
Casey,Gonzalez3844,casey.gonzalez3844@example.com,(414) 555-3844,Green Bay,WI,54301,,,,,
Riley,Thomas3845,riley.thomas3845@example.com,(414) 555-3845,Chicago,IL,60611,,Pat,two kids,new roof last year,sump pump check
Morgan,Jackson3846,morgan.jackson3846@example.com,(414) 555-3846,Evanston,IL,60201,Jackson Properties,Chris,dog named Buddy,loves gardening,insurance deductible question
Avery,Johnson3847,avery.johnson3847@example.com,(414) 555-3847,Brookfield,WI,53005,,Alex,parents nearby,just remodeled kitchen,tree trim quote
Quinn,Jones3848,quinn.jones3848@example.com,(414) 555-3848,Kenosha,WI,53140,,Sam,,,
Jamie,Davis3849,jamie.davis3849@example.com,(414) 555-3849,Appleton,WI,54911,Davis Properties,,,,
Cameron,Hernandez3850,cameron.hernandez3850@example.com,(414) 555-3850,Milwaukee,WI,53202,,Pat,two kids,new roof last year,sump pump check
Drew,Wilson3851,drew.wilson3851@example.com,(414) 555-3851,Waukesha,WI,53186,,Chris,dog named Buddy,loves gardening,insurance deductible question
Reese,Taylor3852,reese.taylor3852@example.com,(414) 555-3852,Racine,WI,53403,Taylor Properties,Alex,parents nearby,just remodeled kitchen,tree trim quote
Skyler,Martin3853,skyler.martin3853@example.com,(414) 555-3853,Madison,WI,53703,,Sam,,,
Parker,Williams3854,parker.williams3854@example.com,(414) 555-3854,Green Bay,WI,54301,,,,,
Blake,Garcia3855,blake.garcia3855@example.com,(414) 555-3855,Chicago,IL,60611,Garcia Properties,Pat,two kids,new roof last year,sump pump check
Hayden,Rodriguez3856,hayden.rodriguez3856@example.com,(414) 555-3856,Evanston,IL,60201,,Chris,dog named Buddy,loves gardening,insurance deductible question
Rowan,Lopez3857,rowan.lopez3857@example.com,(414) 555-3857,Brookfield,WI,53005,,Alex,parents nearby,just remodeled kitchen,tree trim quote
Sawyer,Anderson3858,sawyer.anderson3858@example.com,(414) 555-3858,Kenosha,WI,53140,Anderson Properties,Sam,,,
Finley,Moore3859,finley.moore3859@example.com,(414) 555-3859,Appleton,WI,54911,,,,,
Alex,Smith3860,alex.smith3860@example.com,(414) 555-3860,Milwaukee,WI,53202,,Pat,two kids,new roof last year,sump pump check
Jordan,Brown3861,jordan.brown3861@example.com,(414) 555-3861,Waukesha,WI,53186,Brown Properties,Chris,dog named Buddy,loves gardening,insurance deductible question
Sam,Miller3862,sam.miller3862@example.com,(414) 555-3862,Racine,WI,53403,,Alex,parents nearby,just remodeled kitchen,tree trim quote
Taylor,Martinez3863,taylor.martinez3863@example.com,(414) 555-3863,Madison,WI,53703,,Sam,,,
Casey,Gonzalez3864,casey.gonzalez3864@example.com,(414) 555-3864,Green Bay,WI,54301,Gonzalez Properties,,,,
Riley,Thomas3865,riley.thomas3865@example.com,(414) 555-3865,Chicago,IL,60611,,Pat,two kids,new roof last year,sump pump check
Morgan,Jackson3866,morgan.jackson3866@example.com,(414) 555-3866,Evanston,IL,60201,,Chris,dog named Buddy,loves gardening,insurance deductible question
Avery,Johnson3867,avery.johnson3867@example.com,(414) 555-3867,Brookfield,WI,53005,Johnson Properties,Alex,parents nearby,just remodeled kitchen,tree trim quote
Quinn,Jones3868,quinn.jones3868@example.com,(414) 555-3868,Kenosha,WI,53140,,Sam,,,
Jamie,Davis3869,jamie.davis3869@example.com,(414) 555-3869,Appleton,WI,54911,,,,,
Cameron,Hernandez3870,cameron.hernandez3870@example.com,(414) 555-3870,Milwaukee,WI,53202,Hernandez Properties,Pat,two kids,new roof last year,sump pump check
Drew,Wilson3871,drew.wilson3871@example.com,(414) 555-3871,Waukesha,WI,53186,,Chris,dog named Buddy,loves gardening,insurance deductible question
Reese,Taylor3872,reese.taylor3872@example.com,(414) 555-3872,Racine,WI,53403,,Alex,parents nearby,just remodeled kitchen,tree trim quote
Skyler,Martin3873,skyler.martin3873@example.com,(414) 555-3873,Madison,WI,53703,Martin Properties,Sam,,,
Parker,Williams3874,parker.williams3874@example.com,(414) 555-3874,Green Bay,WI,54301,,,,,
Blake,Garcia3875,blake.garcia3875@example.com,(414) 555-3875,Chicago,IL,60611,,Pat,two kids,new roof last year,sump pump check
Hayden,Rodriguez3876,hayden.rodriguez3876@example.com,(414) 555-3876,Evanston,IL,60201,Rodriguez Properties,Chris,dog named Buddy,loves gardening,insurance deductible question
Rowan,Lopez3877,rowan.lopez3877@example.com,(414) 555-3877,Brookfield,WI,53005,,Alex,parents nearby,just remodeled kitchen,tree trim quote
Sawyer,Anderson3878,sawyer.anderson3878@example.com,(414) 555-3878,Kenosha,WI,53140,,Sam,,,
Finley,Moore3879,finley.moore3879@example.com,(414) 555-3879,Appleton,WI,54911,Moore Properties,,,,
Alex,Smith3880,alex.smith3880@example.com,(414) 555-3880,Milwaukee,WI,53202,,Pat,two kids,new roof last year,sump pump check
Jordan,Brown3881,jordan.brown3881@example.com,(414) 555-3881,Waukesha,WI,53186,,Chris,dog named Buddy,loves gardening,insurance deductible question
Sam,Miller3882,sam.miller3882@example.com,(414) 555-3882,Racine,WI,53403,Miller Properties,Alex,parents nearby,just remodeled kitchen,tree trim quote
Taylor,Martinez3883,taylor.martinez3883@example.com,(414) 555-3883,Madison,WI,53703,,Sam,,,
Casey,Gonzalez3884,casey.gonzalez3884@example.com,(414) 555-3884,Green Bay,WI,54301,,,,,
Riley,Thomas3885,riley.thomas3885@example.com,(414) 555-3885,Chicago,IL,60611,Thomas Properties,Pat,two kids,new roof last year,sump pump check
Morgan,Jackson3886,morgan.jackson3886@example.com,(414) 555-3886,Evanston,IL,60201,,Chris,dog named Buddy,loves gardening,insurance deductible question
Avery,Johnson3887,avery.johnson3887@example.com,(414) 555-3887,Brookfield,WI,53005,,Alex,parents nearby,just remodeled kitchen,tree trim quote
Quinn,Jones3888,quinn.jones3888@example.com,(414) 555-3888,Kenosha,WI,53140,Jones Properties,Sam,,,
Jamie,Davis3889,jamie.davis3889@example.com,(414) 555-3889,Appleton,WI,54911,,,,,
Cameron,Hernandez3890,cameron.hernandez3890@example.com,(414) 555-3890,Milwaukee,WI,53202,,Pat,two kids,new roof last year,sump pump check
Drew,Wilson3891,drew.wilson3891@example.com,(414) 555-3891,Waukesha,WI,53186,Wilson Properties,Chris,dog named Buddy,loves gardening,insurance deductible question
Reese,Taylor3892,reese.taylor3892@example.com,(414) 555-3892,Racine,WI,53403,,Alex,parents nearby,just remodeled kitchen,tree trim quote
Skyler,Martin3893,skyler.martin3893@example.com,(414) 555-3893,Madison,WI,53703,,Sam,,,
Parker,Williams3894,parker.williams3894@example.com,(414) 555-3894,Green Bay,WI,54301,Williams Properties,,,,
Blake,Garcia3895,blake.garcia3895@example.com,(414) 555-3895,Chicago,IL,60611,,Pat,two kids,new roof last year,sump pump check
Hayden,Rodriguez3896,hayden.rodriguez3896@example.com,(414) 555-3896,Evanston,IL,60201,,Chris,dog named Buddy,loves gardening,insurance deductible question
Rowan,Lopez3897,rowan.lopez3897@example.com,(414) 555-3897,Brookfield,WI,53005,Lopez Properties,Alex,parents nearby,just remodeled kitchen,tree trim quote
Sawyer,Anderson3898,sawyer.anderson3898@example.com,(414) 555-3898,Kenosha,WI,53140,,Sam,,,
Finley,Moore3899,finley.moore3899@example.com,(414) 555-3899,Appleton,WI,54911,,,,,
Alex,Smith3900,alex.smith3900@example.com,(414) 555-3900,Milwaukee,WI,53202,Smith Properties,Pat,two kids,new roof last year,sump pump check
Jordan,Brown3901,jordan.brown3901@example.com,(414) 555-3901,Waukesha,WI,53186,,Chris,dog named Buddy,loves gardening,insurance deductible question
Sam,Miller3902,sam.miller3902@example.com,(414) 555-3902,Racine,WI,53403,,Alex,parents nearby,just remodeled kitchen,tree trim quote
Taylor,Martinez3903,taylor.martinez3903@example.com,(414) 555-3903,Madison,WI,53703,Martinez Properties,Sam,,,
Casey,Gonzalez3904,casey.gonzalez3904@example.com,(414) 555-3904,Green Bay,WI,54301,,,,,
Riley,Thomas3905,riley.thomas3905@example.com,(414) 555-3905,Chicago,IL,60611,,Pat,two kids,new roof last year,sump pump check
Morgan,Jackson3906,morgan.jackson3906@example.com,(414) 555-3906,Evanston,IL,60201,Jackson Properties,Chris,dog named Buddy,loves gardening,insurance deductible question
Avery,Johnson3907,avery.johnson3907@example.com,(414) 555-3907,Brookfield,WI,53005,,Alex,parents nearby,just remodeled kitchen,tree trim quote
Quinn,Jones3908,quinn.jones3908@example.com,(414) 555-3908,Kenosha,WI,53140,,Sam,,,
Jamie,Davis3909,jamie.davis3909@example.com,(414) 555-3909,Appleton,WI,54911,Davis Properties,,,,
Cameron,Hernandez3910,cameron.hernandez3910@example.com,(414) 555-3910,Milwaukee,WI,53202,,Pat,two kids,new roof last year,sump pump check
Drew,Wilson3911,drew.wilson3911@example.com,(414) 555-3911,Waukesha,WI,53186,,Chris,dog named Buddy,loves gardening,insurance deductible question
Reese,Taylor3912,reese.taylor3912@example.com,(414) 555-3912,Racine,WI,53403,Taylor Properties,Alex,parents nearby,just remodeled kitchen,tree trim quote
Skyler,Martin3913,skyler.martin3913@example.com,(414) 555-3913,Madison,WI,53703,,Sam,,,
Parker,Williams3914,parker.williams3914@example.com,(414) 555-3914,Green Bay,WI,54301,,,,,
Blake,Garcia3915,blake.garcia3915@example.com,(414) 555-3915,Chicago,IL,60611,Garcia Properties,Pat,two kids,new roof last year,sump pump check
Hayden,Rodriguez3916,hayden.rodriguez3916@example.com,(414) 555-3916,Evanston,IL,60201,,Chris,dog named Buddy,loves gardening,insurance deductible question
Rowan,Lopez3917,rowan.lopez3917@example.com,(414) 555-3917,Brookfield,WI,53005,,Alex,parents nearby,just remodeled kitchen,tree trim quote
Sawyer,Anderson3918,sawyer.anderson3918@example.com,(414) 555-3918,Kenosha,WI,53140,Anderson Properties,Sam,,,
Finley,Moore3919,finley.moore3919@example.com,(414) 555-3919,Appleton,WI,54911,,,,,
Alex,Smith3920,alex.smith3920@example.com,(414) 555-3920,Milwaukee,WI,53202,,Pat,two kids,new roof last year,sump pump check
Jordan,Brown3921,jordan.brown3921@example.com,(414) 555-3921,Waukesha,WI,53186,Brown Properties,Chris,dog named Buddy,loves gardening,insurance deductible question
Sam,Miller3922,sam.miller3922@example.com,(414) 555-3922,Racine,WI,53403,,Alex,parents nearby,just remodeled kitchen,tree trim quote
Taylor,Martinez3923,taylor.martinez3923@example.com,(414) 555-3923,Madison,WI,53703,,Sam,,,
Casey,Gonzalez3924,casey.gonzalez3924@example.com,(414) 555-3924,Green Bay,WI,54301,Gonzalez Properties,,,,
Riley,Thomas3925,riley.thomas3925@example.com,(414) 555-3925,Chicago,IL,60611,,Pat,two kids,new roof last year,sump pump check
Morgan,Jackson3926,morgan.jackson3926@example.com,(414) 555-3926,Evanston,IL,60201,,Chris,dog named Buddy,loves gardening,insurance deductible question
Avery,Johnson3927,avery.johnson3927@example.com,(414) 555-3927,Brookfield,WI,53005,Johnson Properties,Alex,parents nearby,just remodeled kitchen,tree trim quote
Quinn,Jones3928,quinn.jones3928@example.com,(414) 555-3928,Kenosha,WI,53140,,Sam,,,
Jamie,Davis3929,jamie.davis3929@example.com,(414) 555-3929,Appleton,WI,54911,,,,,
Cameron,Hernandez3930,cameron.hernandez3930@example.com,(414) 555-3930,Milwaukee,WI,53202,Hernandez Properties,Pat,two kids,new roof last year,sump pump check
Drew,Wilson3931,drew.wilson3931@example.com,(414) 555-3931,Waukesha,WI,53186,,Chris,dog named Buddy,loves gardening,insurance deductible question
Reese,Taylor3932,reese.taylor3932@example.com,(414) 555-3932,Racine,WI,53403,,Alex,parents nearby,just remodeled kitchen,tree trim quote
Skyler,Martin3933,skyler.martin3933@example.com,(414) 555-3933,Madison,WI,53703,Martin Properties,Sam,,,
Parker,Williams3934,parker.williams3934@example.com,(414) 555-3934,Green Bay,WI,54301,,,,,
Blake,Garcia3935,blake.garcia3935@example.com,(414) 555-3935,Chicago,IL,60611,,Pat,two kids,new roof last year,sump pump check
Hayden,Rodriguez3936,hayden.rodriguez3936@example.com,(414) 555-3936,Evanston,IL,60201,Rodriguez Properties,Chris,dog named Buddy,loves gardening,insurance deductible question
Rowan,Lopez3937,rowan.lopez3937@example.com,(414) 555-3937,Brookfield,WI,53005,,Alex,parents nearby,just remodeled kitchen,tree trim quote
Sawyer,Anderson3938,sawyer.anderson3938@example.com,(414) 555-3938,Kenosha,WI,53140,,Sam,,,
Finley,Moore3939,finley.moore3939@example.com,(414) 555-3939,Appleton,WI,54911,Moore Properties,,,,
Alex,Smith3940,alex.smith3940@example.com,(414) 555-3940,Milwaukee,WI,53202,,Pat,two kids,new roof last year,sump pump check
Jordan,Brown3941,jordan.brown3941@example.com,(414) 555-3941,Waukesha,WI,53186,,Chris,dog named Buddy,loves gardening,insurance deductible question
Sam,Miller3942,sam.miller3942@example.com,(414) 555-3942,Racine,WI,53403,Miller Properties,Alex,parents nearby,just remodeled kitchen,tree trim quote
Taylor,Martinez3943,taylor.martinez3943@example.com,(414) 555-3943,Madison,WI,53703,,Sam,,,
Casey,Gonzalez3944,casey.gonzalez3944@example.com,(414) 555-3944,Green Bay,WI,54301,,,,,
Riley,Thomas3945,riley.thomas3945@example.com,(414) 555-3945,Chicago,IL,60611,Thomas Properties,Pat,two kids,new roof last year,sump pump check
Morgan,Jackson3946,morgan.jackson3946@example.com,(414) 555-3946,Evanston,IL,60201,,Chris,dog named Buddy,loves gardening,insurance deductible question
Avery,Johnson3947,avery.johnson3947@example.com,(414) 555-3947,Brookfield,WI,53005,,Alex,parents nearby,just remodeled kitchen,tree trim quote
Quinn,Jones3948,quinn.jones3948@example.com,(414) 555-3948,Kenosha,WI,53140,Jones Properties,Sam,,,
Jamie,Davis3949,jamie.davis3949@example.com,(414) 555-3949,Appleton,WI,54911,,,,,
Cameron,Hernandez3950,cameron.hernandez3950@example.com,(414) 555-3950,Milwaukee,WI,53202,,Pat,two kids,new roof last year,sump pump check
Drew,Wilson3951,drew.wilson3951@example.com,(414) 555-3951,Waukesha,WI,53186,Wilson Properties,Chris,dog named Buddy,loves gardening,insurance deductible question
Reese,Taylor3952,reese.taylor3952@example.com,(414) 555-3952,Racine,WI,53403,,Alex,parents nearby,just remodeled kitchen,tree trim quote
Skyler,Martin3953,skyler.martin3953@example.com,(414) 555-3953,Madison,WI,53703,,Sam,,,
Parker,Williams3954,parker.williams3954@example.com,(414) 555-3954,Green Bay,WI,54301,Williams Properties,,,,
Blake,Garcia3955,blake.garcia3955@example.com,(414) 555-3955,Chicago,IL,60611,,Pat,two kids,new roof last year,sump pump check
Hayden,Rodriguez3956,hayden.rodriguez3956@example.com,(414) 555-3956,Evanston,IL,60201,,Chris,dog named Buddy,loves gardening,insurance deductible question
Rowan,Lopez3957,rowan.lopez3957@example.com,(414) 555-3957,Brookfield,WI,53005,Lopez Properties,Alex,parents nearby,just remodeled kitchen,tree trim quote
Sawyer,Anderson3958,sawyer.anderson3958@example.com,(414) 555-3958,Kenosha,WI,53140,,Sam,,,
Finley,Moore3959,finley.moore3959@example.com,(414) 555-3959,Appleton,WI,54911,,,,,
Alex,Smith3960,alex.smith3960@example.com,(414) 555-3960,Milwaukee,WI,53202,Smith Properties,Pat,two kids,new roof last year,sump pump check
Jordan,Brown3961,jordan.brown3961@example.com,(414) 555-3961,Waukesha,WI,53186,,Chris,dog named Buddy,loves gardening,insurance deductible question
Sam,Miller3962,sam.miller3962@example.com,(414) 555-3962,Racine,WI,53403,,Alex,parents nearby,just remodeled kitchen,tree trim quote
Taylor,Martinez3963,taylor.martinez3963@example.com,(414) 555-3963,Madison,WI,53703,Martinez Properties,Sam,,,
Casey,Gonzalez3964,casey.gonzalez3964@example.com,(414) 555-3964,Green Bay,WI,54301,,,,,
Riley,Thomas3965,riley.thomas3965@example.com,(414) 555-3965,Chicago,IL,60611,,Pat,two kids,new roof last year,sump pump check
Morgan,Jackson3966,morgan.jackson3966@example.com,(414) 555-3966,Evanston,IL,60201,Jackson Properties,Chris,dog named Buddy,loves gardening,insurance deductible question
Avery,Johnson3967,avery.johnson3967@example.com,(414) 555-3967,Brookfield,WI,53005,,Alex,parents nearby,just remodeled kitchen,tree trim quote
Quinn,Jones3968,quinn.jones3968@example.com,(414) 555-3968,Kenosha,WI,53140,,Sam,,,
Jamie,Davis3969,jamie.davis3969@example.com,(414) 555-3969,Appleton,WI,54911,Davis Properties,,,,
Cameron,Hernandez3970,cameron.hernandez3970@example.com,(414) 555-3970,Milwaukee,WI,53202,,Pat,two kids,new roof last year,sump pump check
Drew,Wilson3971,drew.wilson3971@example.com,(414) 555-3971,Waukesha,WI,53186,,Chris,dog named Buddy,loves gardening,insurance deductible question
Reese,Taylor3972,reese.taylor3972@example.com,(414) 555-3972,Racine,WI,53403,Taylor Properties,Alex,parents nearby,just remodeled kitchen,tree trim quote
Skyler,Martin3973,skyler.martin3973@example.com,(414) 555-3973,Madison,WI,53703,,Sam,,,
Parker,Williams3974,parker.williams3974@example.com,(414) 555-3974,Green Bay,WI,54301,,,,,
Blake,Garcia3975,blake.garcia3975@example.com,(414) 555-3975,Chicago,IL,60611,Garcia Properties,Pat,two kids,new roof last year,sump pump check
Hayden,Rodriguez3976,hayden.rodriguez3976@example.com,(414) 555-3976,Evanston,IL,60201,,Chris,dog named Buddy,loves gardening,insurance deductible question
Rowan,Lopez3977,rowan.lopez3977@example.com,(414) 555-3977,Brookfield,WI,53005,,Alex,parents nearby,just remodeled kitchen,tree trim quote
Sawyer,Anderson3978,sawyer.anderson3978@example.com,(414) 555-3978,Kenosha,WI,53140,Anderson Properties,Sam,,,
Finley,Moore3979,finley.moore3979@example.com,(414) 555-3979,Appleton,WI,54911,,,,,
Alex,Smith3980,alex.smith3980@example.com,(414) 555-3980,Milwaukee,WI,53202,,Pat,two kids,new roof last year,sump pump check
Jordan,Brown3981,jordan.brown3981@example.com,(414) 555-3981,Waukesha,WI,53186,Brown Properties,Chris,dog named Buddy,loves gardening,insurance deductible question
Sam,Miller3982,sam.miller3982@example.com,(414) 555-3982,Racine,WI,53403,,Alex,parents nearby,just remodeled kitchen,tree trim quote
Taylor,Martinez3983,taylor.martinez3983@example.com,(414) 555-3983,Madison,WI,53703,,Sam,,,
Casey,Gonzalez3984,casey.gonzalez3984@example.com,(414) 555-3984,Green Bay,WI,54301,Gonzalez Properties,,,,
Riley,Thomas3985,riley.thomas3985@example.com,(414) 555-3985,Chicago,IL,60611,,Pat,two kids,new roof last year,sump pump check
Morgan,Jackson3986,morgan.jackson3986@example.com,(414) 555-3986,Evanston,IL,60201,,Chris,dog named Buddy,loves gardening,insurance deductible question
Avery,Johnson3987,avery.johnson3987@example.com,(414) 555-3987,Brookfield,WI,53005,Johnson Properties,Alex,parents nearby,just remodeled kitchen,tree trim quote
Quinn,Jones3988,quinn.jones3988@example.com,(414) 555-3988,Kenosha,WI,53140,,Sam,,,
Jamie,Davis3989,jamie.davis3989@example.com,(414) 555-3989,Appleton,WI,54911,,,,,
Cameron,Hernandez3990,cameron.hernandez3990@example.com,(414) 555-3990,Milwaukee,WI,53202,Hernandez Properties,Pat,two kids,new roof last year,sump pump check
Drew,Wilson3991,drew.wilson3991@example.com,(414) 555-3991,Waukesha,WI,53186,,Chris,dog named Buddy,loves gardening,insurance deductible question
Reese,Taylor3992,reese.taylor3992@example.com,(414) 555-3992,Racine,WI,53403,,Alex,parents nearby,just remodeled kitchen,tree trim quote
Skyler,Martin3993,skyler.martin3993@example.com,(414) 555-3993,Madison,WI,53703,Martin Properties,Sam,,,
Parker,Williams3994,parker.williams3994@example.com,(414) 555-3994,Green Bay,WI,54301,,,,,
Blake,Garcia3995,blake.garcia3995@example.com,(414) 555-3995,Chicago,IL,60611,,Pat,two kids,new roof last year,sump pump check
Hayden,Rodriguez3996,hayden.rodriguez3996@example.com,(414) 555-3996,Evanston,IL,60201,Rodriguez Properties,Chris,dog named Buddy,loves gardening,insurance deductible question
Rowan,Lopez3997,rowan.lopez3997@example.com,(414) 555-3997,Brookfield,WI,53005,,Alex,parents nearby,just remodeled kitchen,tree trim quote
Sawyer,Anderson3998,sawyer.anderson3998@example.com,(414) 555-3998,Kenosha,WI,53140,,Sam,,,
Finley,Moore3999,finley.moore3999@example.com,(414) 555-3999,Appleton,WI,54911,Moore Properties,,,,
Alex,Smith4000,alex.smith4000@example.com,(414) 555-4000,Milwaukee,WI,53202,,Pat,two kids,new roof last year,sump pump check
Jordan,Brown4001,jordan.brown4001@example.com,(414) 555-4001,Waukesha,WI,53186,,Chris,dog named Buddy,loves gardening,insurance deductible question
Sam,Miller4002,sam.miller4002@example.com,(414) 555-4002,Racine,WI,53403,Miller Properties,Alex,parents nearby,just remodeled kitchen,tree trim quote
Taylor,Martinez4003,taylor.martinez4003@example.com,(414) 555-4003,Madison,WI,53703,,Sam,,,
Casey,Gonzalez4004,casey.gonzalez4004@example.com,(414) 555-4004,Green Bay,WI,54301,,,,,
Riley,Thomas4005,riley.thomas4005@example.com,(414) 555-4005,Chicago,IL,60611,Thomas Properties,Pat,two kids,new roof last year,sump pump check
Morgan,Jackson4006,morgan.jackson4006@example.com,(414) 555-4006,Evanston,IL,60201,,Chris,dog named Buddy,loves gardening,insurance deductible question
Avery,Johnson4007,avery.johnson4007@example.com,(414) 555-4007,Brookfield,WI,53005,,Alex,parents nearby,just remodeled kitchen,tree trim quote
Quinn,Jones4008,quinn.jones4008@example.com,(414) 555-4008,Kenosha,WI,53140,Jones Properties,Sam,,,
Jamie,Davis4009,jamie.davis4009@example.com,(414) 555-4009,Appleton,WI,54911,,,,,
Cameron,Hernandez4010,cameron.hernandez4010@example.com,(414) 555-4010,Milwaukee,WI,53202,,Pat,two kids,new roof last year,sump pump check
Drew,Wilson4011,drew.wilson4011@example.com,(414) 555-4011,Waukesha,WI,53186,Wilson Properties,Chris,dog named Buddy,loves gardening,insurance deductible question
Reese,Taylor4012,reese.taylor4012@example.com,(414) 555-4012,Racine,WI,53403,,Alex,parents nearby,just remodeled kitchen,tree trim quote
Skyler,Martin4013,skyler.martin4013@example.com,(414) 555-4013,Madison,WI,53703,,Sam,,,
Parker,Williams4014,parker.williams4014@example.com,(414) 555-4014,Green Bay,WI,54301,Williams Properties,,,,
Blake,Garcia4015,blake.garcia4015@example.com,(414) 555-4015,Chicago,IL,60611,,Pat,two kids,new roof last year,sump pump check
Hayden,Rodriguez4016,hayden.rodriguez4016@example.com,(414) 555-4016,Evanston,IL,60201,,Chris,dog named Buddy,loves gardening,insurance deductible question
Rowan,Lopez4017,rowan.lopez4017@example.com,(414) 555-4017,Brookfield,WI,53005,Lopez Properties,Alex,parents nearby,just remodeled kitchen,tree trim quote
Sawyer,Anderson4018,sawyer.anderson4018@example.com,(414) 555-4018,Kenosha,WI,53140,,Sam,,,
Finley,Moore4019,finley.moore4019@example.com,(414) 555-4019,Appleton,WI,54911,,,,,
Alex,Smith4020,alex.smith4020@example.com,(414) 555-4020,Milwaukee,WI,53202,Smith Properties,Pat,two kids,new roof last year,sump pump check
Jordan,Brown4021,jordan.brown4021@example.com,(414) 555-4021,Waukesha,WI,53186,,Chris,dog named Buddy,loves gardening,insurance deductible question
Sam,Miller4022,sam.miller4022@example.com,(414) 555-4022,Racine,WI,53403,,Alex,parents nearby,just remodeled kitchen,tree trim quote
Taylor,Martinez4023,taylor.martinez4023@example.com,(414) 555-4023,Madison,WI,53703,Martinez Properties,Sam,,,
Casey,Gonzalez4024,casey.gonzalez4024@example.com,(414) 555-4024,Green Bay,WI,54301,,,,,
Riley,Thomas4025,riley.thomas4025@example.com,(414) 555-4025,Chicago,IL,60611,,Pat,two kids,new roof last year,sump pump check
Morgan,Jackson4026,morgan.jackson4026@example.com,(414) 555-4026,Evanston,IL,60201,Jackson Properties,Chris,dog named Buddy,loves gardening,insurance deductible question
Avery,Johnson4027,avery.johnson4027@example.com,(414) 555-4027,Brookfield,WI,53005,,Alex,parents nearby,just remodeled kitchen,tree trim quote
Quinn,Jones4028,quinn.jones4028@example.com,(414) 555-4028,Kenosha,WI,53140,,Sam,,,
Jamie,Davis4029,jamie.davis4029@example.com,(414) 555-4029,Appleton,WI,54911,Davis Properties,,,,
Cameron,Hernandez4030,cameron.hernandez4030@example.com,(414) 555-4030,Milwaukee,WI,53202,,Pat,two kids,new roof last year,sump pump check
Drew,Wilson4031,drew.wilson4031@example.com,(414) 555-4031,Waukesha,WI,53186,,Chris,dog named Buddy,loves gardening,insurance deductible question
Reese,Taylor4032,reese.taylor4032@example.com,(414) 555-4032,Racine,WI,53403,Taylor Properties,Alex,parents nearby,just remodeled kitchen,tree trim quote
Skyler,Martin4033,skyler.martin4033@example.com,(414) 555-4033,Madison,WI,53703,,Sam,,,
Parker,Williams4034,parker.williams4034@example.com,(414) 555-4034,Green Bay,WI,54301,,,,,
Blake,Garcia4035,blake.garcia4035@example.com,(414) 555-4035,Chicago,IL,60611,Garcia Properties,Pat,two kids,new roof last year,sump pump check
Hayden,Rodriguez4036,hayden.rodriguez4036@example.com,(414) 555-4036,Evanston,IL,60201,,Chris,dog named Buddy,loves gardening,insurance deductible question
Rowan,Lopez4037,rowan.lopez4037@example.com,(414) 555-4037,Brookfield,WI,53005,,Alex,parents nearby,just remodeled kitchen,tree trim quote
Sawyer,Anderson4038,sawyer.anderson4038@example.com,(414) 555-4038,Kenosha,WI,53140,Anderson Properties,Sam,,,
Finley,Moore4039,finley.moore4039@example.com,(414) 555-4039,Appleton,WI,54911,,,,,
Alex,Smith4040,alex.smith4040@example.com,(414) 555-4040,Milwaukee,WI,53202,,Pat,two kids,new roof last year,sump pump check
Jordan,Brown4041,jordan.brown4041@example.com,(414) 555-4041,Waukesha,WI,53186,Brown Properties,Chris,dog named Buddy,loves gardening,insurance deductible question
Sam,Miller4042,sam.miller4042@example.com,(414) 555-4042,Racine,WI,53403,,Alex,parents nearby,just remodeled kitchen,tree trim quote
Taylor,Martinez4043,taylor.martinez4043@example.com,(414) 555-4043,Madison,WI,53703,,Sam,,,
Casey,Gonzalez4044,casey.gonzalez4044@example.com,(414) 555-4044,Green Bay,WI,54301,Gonzalez Properties,,,,
Riley,Thomas4045,riley.thomas4045@example.com,(414) 555-4045,Chicago,IL,60611,,Pat,two kids,new roof last year,sump pump check
Morgan,Jackson4046,morgan.jackson4046@example.com,(414) 555-4046,Evanston,IL,60201,,Chris,dog named Buddy,loves gardening,insurance deductible question
Avery,Johnson4047,avery.johnson4047@example.com,(414) 555-4047,Brookfield,WI,53005,Johnson Properties,Alex,parents nearby,just remodeled kitchen,tree trim quote
Quinn,Jones4048,quinn.jones4048@example.com,(414) 555-4048,Kenosha,WI,53140,,Sam,,,
Jamie,Davis4049,jamie.davis4049@example.com,(414) 555-4049,Appleton,WI,54911,,,,,
Cameron,Hernandez4050,cameron.hernandez4050@example.com,(414) 555-4050,Milwaukee,WI,53202,Hernandez Properties,Pat,two kids,new roof last year,sump pump check
Drew,Wilson4051,drew.wilson4051@example.com,(414) 555-4051,Waukesha,WI,53186,,Chris,dog named Buddy,loves gardening,insurance deductible question
Reese,Taylor4052,reese.taylor4052@example.com,(414) 555-4052,Racine,WI,53403,,Alex,parents nearby,just remodeled kitchen,tree trim quote
Skyler,Martin4053,skyler.martin4053@example.com,(414) 555-4053,Madison,WI,53703,Martin Properties,Sam,,,
Parker,Williams4054,parker.williams4054@example.com,(414) 555-4054,Green Bay,WI,54301,,,,,
Blake,Garcia4055,blake.garcia4055@example.com,(414) 555-4055,Chicago,IL,60611,,Pat,two kids,new roof last year,sump pump check
Hayden,Rodriguez4056,hayden.rodriguez4056@example.com,(414) 555-4056,Evanston,IL,60201,Rodriguez Properties,Chris,dog named Buddy,loves gardening,insurance deductible question
Rowan,Lopez4057,rowan.lopez4057@example.com,(414) 555-4057,Brookfield,WI,53005,,Alex,parents nearby,just remodeled kitchen,tree trim quote
Sawyer,Anderson4058,sawyer.anderson4058@example.com,(414) 555-4058,Kenosha,WI,53140,,Sam,,,
Finley,Moore4059,finley.moore4059@example.com,(414) 555-4059,Appleton,WI,54911,Moore Properties,,,,
Alex,Smith4060,alex.smith4060@example.com,(414) 555-4060,Milwaukee,WI,53202,,Pat,two kids,new roof last year,sump pump check
Jordan,Brown4061,jordan.brown4061@example.com,(414) 555-4061,Waukesha,WI,53186,,Chris,dog named Buddy,loves gardening,insurance deductible question
Sam,Miller4062,sam.miller4062@example.com,(414) 555-4062,Racine,WI,53403,Miller Properties,Alex,parents nearby,just remodeled kitchen,tree trim quote
Taylor,Martinez4063,taylor.martinez4063@example.com,(414) 555-4063,Madison,WI,53703,,Sam,,,
Casey,Gonzalez4064,casey.gonzalez4064@example.com,(414) 555-4064,Green Bay,WI,54301,,,,,
Riley,Thomas4065,riley.thomas4065@example.com,(414) 555-4065,Chicago,IL,60611,Thomas Properties,Pat,two kids,new roof last year,sump pump check
Morgan,Jackson4066,morgan.jackson4066@example.com,(414) 555-4066,Evanston,IL,60201,,Chris,dog named Buddy,loves gardening,insurance deductible question
Avery,Johnson4067,avery.johnson4067@example.com,(414) 555-4067,Brookfield,WI,53005,,Alex,parents nearby,just remodeled kitchen,tree trim quote
Quinn,Jones4068,quinn.jones4068@example.com,(414) 555-4068,Kenosha,WI,53140,Jones Properties,Sam,,,
Jamie,Davis4069,jamie.davis4069@example.com,(414) 555-4069,Appleton,WI,54911,,,,,
Cameron,Hernandez4070,cameron.hernandez4070@example.com,(414) 555-4070,Milwaukee,WI,53202,,Pat,two kids,new roof last year,sump pump check
Drew,Wilson4071,drew.wilson4071@example.com,(414) 555-4071,Waukesha,WI,53186,Wilson Properties,Chris,dog named Buddy,loves gardening,insurance deductible question
Reese,Taylor4072,reese.taylor4072@example.com,(414) 555-4072,Racine,WI,53403,,Alex,parents nearby,just remodeled kitchen,tree trim quote
Skyler,Martin4073,skyler.martin4073@example.com,(414) 555-4073,Madison,WI,53703,,Sam,,,
Parker,Williams4074,parker.williams4074@example.com,(414) 555-4074,Green Bay,WI,54301,Williams Properties,,,,
Blake,Garcia4075,blake.garcia4075@example.com,(414) 555-4075,Chicago,IL,60611,,Pat,two kids,new roof last year,sump pump check
Hayden,Rodriguez4076,hayden.rodriguez4076@example.com,(414) 555-4076,Evanston,IL,60201,,Chris,dog named Buddy,loves gardening,insurance deductible question
Rowan,Lopez4077,rowan.lopez4077@example.com,(414) 555-4077,Brookfield,WI,53005,Lopez Properties,Alex,parents nearby,just remodeled kitchen,tree trim quote
Sawyer,Anderson4078,sawyer.anderson4078@example.com,(414) 555-4078,Kenosha,WI,53140,,Sam,,,
Finley,Moore4079,finley.moore4079@example.com,(414) 555-4079,Appleton,WI,54911,,,,,
Alex,Smith4080,alex.smith4080@example.com,(414) 555-4080,Milwaukee,WI,53202,Smith Properties,Pat,two kids,new roof last year,sump pump check
Jordan,Brown4081,jordan.brown4081@example.com,(414) 555-4081,Waukesha,WI,53186,,Chris,dog named Buddy,loves gardening,insurance deductible question
Sam,Miller4082,sam.miller4082@example.com,(414) 555-4082,Racine,WI,53403,,Alex,parents nearby,just remodeled kitchen,tree trim quote
Taylor,Martinez4083,taylor.martinez4083@example.com,(414) 555-4083,Madison,WI,53703,Martinez Properties,Sam,,,
Casey,Gonzalez4084,casey.gonzalez4084@example.com,(414) 555-4084,Green Bay,WI,54301,,,,,
Riley,Thomas4085,riley.thomas4085@example.com,(414) 555-4085,Chicago,IL,60611,,Pat,two kids,new roof last year,sump pump check
Morgan,Jackson4086,morgan.jackson4086@example.com,(414) 555-4086,Evanston,IL,60201,Jackson Properties,Chris,dog named Buddy,loves gardening,insurance deductible question
Avery,Johnson4087,avery.johnson4087@example.com,(414) 555-4087,Brookfield,WI,53005,,Alex,parents nearby,just remodeled kitchen,tree trim quote
Quinn,Jones4088,quinn.jones4088@example.com,(414) 555-4088,Kenosha,WI,53140,,Sam,,,
Jamie,Davis4089,jamie.davis4089@example.com,(414) 555-4089,Appleton,WI,54911,Davis Properties,,,,
Cameron,Hernandez4090,cameron.hernandez4090@example.com,(414) 555-4090,Milwaukee,WI,53202,,Pat,two kids,new roof last year,sump pump check
Drew,Wilson4091,drew.wilson4091@example.com,(414) 555-4091,Waukesha,WI,53186,,Chris,dog named Buddy,loves gardening,insurance deductible question
Reese,Taylor4092,reese.taylor4092@example.com,(414) 555-4092,Racine,WI,53403,Taylor Properties,Alex,parents nearby,just remodeled kitchen,tree trim quote
Skyler,Martin4093,skyler.martin4093@example.com,(414) 555-4093,Madison,WI,53703,,Sam,,,
Parker,Williams4094,parker.williams4094@example.com,(414) 555-4094,Green Bay,WI,54301,,,,,
Blake,Garcia4095,blake.garcia4095@example.com,(414) 555-4095,Chicago,IL,60611,Garcia Properties,Pat,two kids,new roof last year,sump pump check
Hayden,Rodriguez4096,hayden.rodriguez4096@example.com,(414) 555-4096,Evanston,IL,60201,,Chris,dog named Buddy,loves gardening,insurance deductible question
Rowan,Lopez4097,rowan.lopez4097@example.com,(414) 555-4097,Brookfield,WI,53005,,Alex,parents nearby,just remodeled kitchen,tree trim quote
Sawyer,Anderson4098,sawyer.anderson4098@example.com,(414) 555-4098,Kenosha,WI,53140,Anderson Properties,Sam,,,
Finley,Moore4099,finley.moore4099@example.com,(414) 555-4099,Appleton,WI,54911,,,,,
Alex,Smith4100,alex.smith4100@example.com,(414) 555-4100,Milwaukee,WI,53202,,Pat,two kids,new roof last year,sump pump check
Jordan,Brown4101,jordan.brown4101@example.com,(414) 555-4101,Waukesha,WI,53186,Brown Properties,Chris,dog named Buddy,loves gardening,insurance deductible question
Sam,Miller4102,sam.miller4102@example.com,(414) 555-4102,Racine,WI,53403,,Alex,parents nearby,just remodeled kitchen,tree trim quote
Taylor,Martinez4103,taylor.martinez4103@example.com,(414) 555-4103,Madison,WI,53703,,Sam,,,
Casey,Gonzalez4104,casey.gonzalez4104@example.com,(414) 555-4104,Green Bay,WI,54301,Gonzalez Properties,,,,
Riley,Thomas4105,riley.thomas4105@example.com,(414) 555-4105,Chicago,IL,60611,,Pat,two kids,new roof last year,sump pump check
Morgan,Jackson4106,morgan.jackson4106@example.com,(414) 555-4106,Evanston,IL,60201,,Chris,dog named Buddy,loves gardening,insurance deductible question
Avery,Johnson4107,avery.johnson4107@example.com,(414) 555-4107,Brookfield,WI,53005,Johnson Properties,Alex,parents nearby,just remodeled kitchen,tree trim quote
Quinn,Jones4108,quinn.jones4108@example.com,(414) 555-4108,Kenosha,WI,53140,,Sam,,,
Jamie,Davis4109,jamie.davis4109@example.com,(414) 555-4109,Appleton,WI,54911,,,,,
Cameron,Hernandez4110,cameron.hernandez4110@example.com,(414) 555-4110,Milwaukee,WI,53202,Hernandez Properties,Pat,two kids,new roof last year,sump pump check
Drew,Wilson4111,drew.wilson4111@example.com,(414) 555-4111,Waukesha,WI,53186,,Chris,dog named Buddy,loves gardening,insurance deductible question
Reese,Taylor4112,reese.taylor4112@example.com,(414) 555-4112,Racine,WI,53403,,Alex,parents nearby,just remodeled kitchen,tree trim quote
Skyler,Martin4113,skyler.martin4113@example.com,(414) 555-4113,Madison,WI,53703,Martin Properties,Sam,,,
Parker,Williams4114,parker.williams4114@example.com,(414) 555-4114,Green Bay,WI,54301,,,,,
Blake,Garcia4115,blake.garcia4115@example.com,(414) 555-4115,Chicago,IL,60611,,Pat,two kids,new roof last year,sump pump check
Hayden,Rodriguez4116,hayden.rodriguez4116@example.com,(414) 555-4116,Evanston,IL,60201,Rodriguez Properties,Chris,dog named Buddy,loves gardening,insurance deductible question
Rowan,Lopez4117,rowan.lopez4117@example.com,(414) 555-4117,Brookfield,WI,53005,,Alex,parents nearby,just remodeled kitchen,tree trim quote
Sawyer,Anderson4118,sawyer.anderson4118@example.com,(414) 555-4118,Kenosha,WI,53140,,Sam,,,
Finley,Moore4119,finley.moore4119@example.com,(414) 555-4119,Appleton,WI,54911,Moore Properties,,,,
Alex,Smith4120,alex.smith4120@example.com,(414) 555-4120,Milwaukee,WI,53202,,Pat,two kids,new roof last year,sump pump check
Jordan,Brown4121,jordan.brown4121@example.com,(414) 555-4121,Waukesha,WI,53186,,Chris,dog named Buddy,loves gardening,insurance deductible question
Sam,Miller4122,sam.miller4122@example.com,(414) 555-4122,Racine,WI,53403,Miller Properties,Alex,parents nearby,just remodeled kitchen,tree trim quote
Taylor,Martinez4123,taylor.martinez4123@example.com,(414) 555-4123,Madison,WI,53703,,Sam,,,
Casey,Gonzalez4124,casey.gonzalez4124@example.com,(414) 555-4124,Green Bay,WI,54301,,,,,
Riley,Thomas4125,riley.thomas4125@example.com,(414) 555-4125,Chicago,IL,60611,Thomas Properties,Pat,two kids,new roof last year,sump pump check
Morgan,Jackson4126,morgan.jackson4126@example.com,(414) 555-4126,Evanston,IL,60201,,Chris,dog named Buddy,loves gardening,insurance deductible question
Avery,Johnson4127,avery.johnson4127@example.com,(414) 555-4127,Brookfield,WI,53005,,Alex,parents nearby,just remodeled kitchen,tree trim quote
Quinn,Jones4128,quinn.jones4128@example.com,(414) 555-4128,Kenosha,WI,53140,Jones Properties,Sam,,,
Jamie,Davis4129,jamie.davis4129@example.com,(414) 555-4129,Appleton,WI,54911,,,,,
Cameron,Hernandez4130,cameron.hernandez4130@example.com,(414) 555-4130,Milwaukee,WI,53202,,Pat,two kids,new roof last year,sump pump check
Drew,Wilson4131,drew.wilson4131@example.com,(414) 555-4131,Waukesha,WI,53186,Wilson Properties,Chris,dog named Buddy,loves gardening,insurance deductible question
Reese,Taylor4132,reese.taylor4132@example.com,(414) 555-4132,Racine,WI,53403,,Alex,parents nearby,just remodeled kitchen,tree trim quote
Skyler,Martin4133,skyler.martin4133@example.com,(414) 555-4133,Madison,WI,53703,,Sam,,,
Parker,Williams4134,parker.williams4134@example.com,(414) 555-4134,Green Bay,WI,54301,Williams Properties,,,,
Blake,Garcia4135,blake.garcia4135@example.com,(414) 555-4135,Chicago,IL,60611,,Pat,two kids,new roof last year,sump pump check
Hayden,Rodriguez4136,hayden.rodriguez4136@example.com,(414) 555-4136,Evanston,IL,60201,,Chris,dog named Buddy,loves gardening,insurance deductible question
Rowan,Lopez4137,rowan.lopez4137@example.com,(414) 555-4137,Brookfield,WI,53005,Lopez Properties,Alex,parents nearby,just remodeled kitchen,tree trim quote
Sawyer,Anderson4138,sawyer.anderson4138@example.com,(414) 555-4138,Kenosha,WI,53140,,Sam,,,
Finley,Moore4139,finley.moore4139@example.com,(414) 555-4139,Appleton,WI,54911,,,,,
Alex,Smith4140,alex.smith4140@example.com,(414) 555-4140,Milwaukee,WI,53202,Smith Properties,Pat,two kids,new roof last year,sump pump check
Jordan,Brown4141,jordan.brown4141@example.com,(414) 555-4141,Waukesha,WI,53186,,Chris,dog named Buddy,loves gardening,insurance deductible question
Sam,Miller4142,sam.miller4142@example.com,(414) 555-4142,Racine,WI,53403,,Alex,parents nearby,just remodeled kitchen,tree trim quote
Taylor,Martinez4143,taylor.martinez4143@example.com,(414) 555-4143,Madison,WI,53703,Martinez Properties,Sam,,,
Casey,Gonzalez4144,casey.gonzalez4144@example.com,(414) 555-4144,Green Bay,WI,54301,,,,,
Riley,Thomas4145,riley.thomas4145@example.com,(414) 555-4145,Chicago,IL,60611,,Pat,two kids,new roof last year,sump pump check
Morgan,Jackson4146,morgan.jackson4146@example.com,(414) 555-4146,Evanston,IL,60201,Jackson Properties,Chris,dog named Buddy,loves gardening,insurance deductible question
Avery,Johnson4147,avery.johnson4147@example.com,(414) 555-4147,Brookfield,WI,53005,,Alex,parents nearby,just remodeled kitchen,tree trim quote
Quinn,Jones4148,quinn.jones4148@example.com,(414) 555-4148,Kenosha,WI,53140,,Sam,,,
Jamie,Davis4149,jamie.davis4149@example.com,(414) 555-4149,Appleton,WI,54911,Davis Properties,,,,
Cameron,Hernandez4150,cameron.hernandez4150@example.com,(414) 555-4150,Milwaukee,WI,53202,,Pat,two kids,new roof last year,sump pump check
Drew,Wilson4151,drew.wilson4151@example.com,(414) 555-4151,Waukesha,WI,53186,,Chris,dog named Buddy,loves gardening,insurance deductible question
Reese,Taylor4152,reese.taylor4152@example.com,(414) 555-4152,Racine,WI,53403,Taylor Properties,Alex,parents nearby,just remodeled kitchen,tree trim quote
Skyler,Martin4153,skyler.martin4153@example.com,(414) 555-4153,Madison,WI,53703,,Sam,,,
Parker,Williams4154,parker.williams4154@example.com,(414) 555-4154,Green Bay,WI,54301,,,,,
Blake,Garcia4155,blake.garcia4155@example.com,(414) 555-4155,Chicago,IL,60611,Garcia Properties,Pat,two kids,new roof last year,sump pump check
Hayden,Rodriguez4156,hayden.rodriguez4156@example.com,(414) 555-4156,Evanston,IL,60201,,Chris,dog named Buddy,loves gardening,insurance deductible question
Rowan,Lopez4157,rowan.lopez4157@example.com,(414) 555-4157,Brookfield,WI,53005,,Alex,parents nearby,just remodeled kitchen,tree trim quote
Sawyer,Anderson4158,sawyer.anderson4158@example.com,(414) 555-4158,Kenosha,WI,53140,Anderson Properties,Sam,,,
Finley,Moore4159,finley.moore4159@example.com,(414) 555-4159,Appleton,WI,54911,,,,,
Alex,Smith4160,alex.smith4160@example.com,(414) 555-4160,Milwaukee,WI,53202,,Pat,two kids,new roof last year,sump pump check
Jordan,Brown4161,jordan.brown4161@example.com,(414) 555-4161,Waukesha,WI,53186,Brown Properties,Chris,dog named Buddy,loves gardening,insurance deductible question
Sam,Miller4162,sam.miller4162@example.com,(414) 555-4162,Racine,WI,53403,,Alex,parents nearby,just remodeled kitchen,tree trim quote
Taylor,Martinez4163,taylor.martinez4163@example.com,(414) 555-4163,Madison,WI,53703,,Sam,,,
Casey,Gonzalez4164,casey.gonzalez4164@example.com,(414) 555-4164,Green Bay,WI,54301,Gonzalez Properties,,,,
Riley,Thomas4165,riley.thomas4165@example.com,(414) 555-4165,Chicago,IL,60611,,Pat,two kids,new roof last year,sump pump check
Morgan,Jackson4166,morgan.jackson4166@example.com,(414) 555-4166,Evanston,IL,60201,,Chris,dog named Buddy,loves gardening,insurance deductible question
Avery,Johnson4167,avery.johnson4167@example.com,(414) 555-4167,Brookfield,WI,53005,Johnson Properties,Alex,parents nearby,just remodeled kitchen,tree trim quote
Quinn,Jones4168,quinn.jones4168@example.com,(414) 555-4168,Kenosha,WI,53140,,Sam,,,
Jamie,Davis4169,jamie.davis4169@example.com,(414) 555-4169,Appleton,WI,54911,,,,,
Cameron,Hernandez4170,cameron.hernandez4170@example.com,(414) 555-4170,Milwaukee,WI,53202,Hernandez Properties,Pat,two kids,new roof last year,sump pump check
Drew,Wilson4171,drew.wilson4171@example.com,(414) 555-4171,Waukesha,WI,53186,,Chris,dog named Buddy,loves gardening,insurance deductible question
Reese,Taylor4172,reese.taylor4172@example.com,(414) 555-4172,Racine,WI,53403,,Alex,parents nearby,just remodeled kitchen,tree trim quote
Skyler,Martin4173,skyler.martin4173@example.com,(414) 555-4173,Madison,WI,53703,Martin Properties,Sam,,,
Parker,Williams4174,parker.williams4174@example.com,(414) 555-4174,Green Bay,WI,54301,,,,,
Blake,Garcia4175,blake.garcia4175@example.com,(414) 555-4175,Chicago,IL,60611,,Pat,two kids,new roof last year,sump pump check
Hayden,Rodriguez4176,hayden.rodriguez4176@example.com,(414) 555-4176,Evanston,IL,60201,Rodriguez Properties,Chris,dog named Buddy,loves gardening,insurance deductible question
Rowan,Lopez4177,rowan.lopez4177@example.com,(414) 555-4177,Brookfield,WI,53005,,Alex,parents nearby,just remodeled kitchen,tree trim quote
Sawyer,Anderson4178,sawyer.anderson4178@example.com,(414) 555-4178,Kenosha,WI,53140,,Sam,,,
Finley,Moore4179,finley.moore4179@example.com,(414) 555-4179,Appleton,WI,54911,Moore Properties,,,,
Alex,Smith4180,alex.smith4180@example.com,(414) 555-4180,Milwaukee,WI,53202,,Pat,two kids,new roof last year,sump pump check
Jordan,Brown4181,jordan.brown4181@example.com,(414) 555-4181,Waukesha,WI,53186,,Chris,dog named Buddy,loves gardening,insurance deductible question
Sam,Miller4182,sam.miller4182@example.com,(414) 555-4182,Racine,WI,53403,Miller Properties,Alex,parents nearby,just remodeled kitchen,tree trim quote
Taylor,Martinez4183,taylor.martinez4183@example.com,(414) 555-4183,Madison,WI,53703,,Sam,,,
Casey,Gonzalez4184,casey.gonzalez4184@example.com,(414) 555-4184,Green Bay,WI,54301,,,,,
Riley,Thomas4185,riley.thomas4185@example.com,(414) 555-4185,Chicago,IL,60611,Thomas Properties,Pat,two kids,new roof last year,sump pump check
Morgan,Jackson4186,morgan.jackson4186@example.com,(414) 555-4186,Evanston,IL,60201,,Chris,dog named Buddy,loves gardening,insurance deductible question
Avery,Johnson4187,avery.johnson4187@example.com,(414) 555-4187,Brookfield,WI,53005,,Alex,parents nearby,just remodeled kitchen,tree trim quote
Quinn,Jones4188,quinn.jones4188@example.com,(414) 555-4188,Kenosha,WI,53140,Jones Properties,Sam,,,
Jamie,Davis4189,jamie.davis4189@example.com,(414) 555-4189,Appleton,WI,54911,,,,,
Cameron,Hernandez4190,cameron.hernandez4190@example.com,(414) 555-4190,Milwaukee,WI,53202,,Pat,two kids,new roof last year,sump pump check
Drew,Wilson4191,drew.wilson4191@example.com,(414) 555-4191,Waukesha,WI,53186,Wilson Properties,Chris,dog named Buddy,loves gardening,insurance deductible question
Reese,Taylor4192,reese.taylor4192@example.com,(414) 555-4192,Racine,WI,53403,,Alex,parents nearby,just remodeled kitchen,tree trim quote
Skyler,Martin4193,skyler.martin4193@example.com,(414) 555-4193,Madison,WI,53703,,Sam,,,
Parker,Williams4194,parker.williams4194@example.com,(414) 555-4194,Green Bay,WI,54301,Williams Properties,,,,
Blake,Garcia4195,blake.garcia4195@example.com,(414) 555-4195,Chicago,IL,60611,,Pat,two kids,new roof last year,sump pump check
Hayden,Rodriguez4196,hayden.rodriguez4196@example.com,(414) 555-4196,Evanston,IL,60201,,Chris,dog named Buddy,loves gardening,insurance deductible question
Rowan,Lopez4197,rowan.lopez4197@example.com,(414) 555-4197,Brookfield,WI,53005,Lopez Properties,Alex,parents nearby,just remodeled kitchen,tree trim quote
Sawyer,Anderson4198,sawyer.anderson4198@example.com,(414) 555-4198,Kenosha,WI,53140,,Sam,,,
Finley,Moore4199,finley.moore4199@example.com,(414) 555-4199,Appleton,WI,54911,,,,,
Alex,Smith4200,alex.smith4200@example.com,(414) 555-4200,Milwaukee,WI,53202,Smith Properties,Pat,two kids,new roof last year,sump pump check
Jordan,Brown4201,jordan.brown4201@example.com,(414) 555-4201,Waukesha,WI,53186,,Chris,dog named Buddy,loves gardening,insurance deductible question
Sam,Miller4202,sam.miller4202@example.com,(414) 555-4202,Racine,WI,53403,,Alex,parents nearby,just remodeled kitchen,tree trim quote
Taylor,Martinez4203,taylor.martinez4203@example.com,(414) 555-4203,Madison,WI,53703,Martinez Properties,Sam,,,
Casey,Gonzalez4204,casey.gonzalez4204@example.com,(414) 555-4204,Green Bay,WI,54301,,,,,
Riley,Thomas4205,riley.thomas4205@example.com,(414) 555-4205,Chicago,IL,60611,,Pat,two kids,new roof last year,sump pump check
Morgan,Jackson4206,morgan.jackson4206@example.com,(414) 555-4206,Evanston,IL,60201,Jackson Properties,Chris,dog named Buddy,loves gardening,insurance deductible question
Avery,Johnson4207,avery.johnson4207@example.com,(414) 555-4207,Brookfield,WI,53005,,Alex,parents nearby,just remodeled kitchen,tree trim quote
Quinn,Jones4208,quinn.jones4208@example.com,(414) 555-4208,Kenosha,WI,53140,,Sam,,,
Jamie,Davis4209,jamie.davis4209@example.com,(414) 555-4209,Appleton,WI,54911,Davis Properties,,,,
Cameron,Hernandez4210,cameron.hernandez4210@example.com,(414) 555-4210,Milwaukee,WI,53202,,Pat,two kids,new roof last year,sump pump check
Drew,Wilson4211,drew.wilson4211@example.com,(414) 555-4211,Waukesha,WI,53186,,Chris,dog named Buddy,loves gardening,insurance deductible question
Reese,Taylor4212,reese.taylor4212@example.com,(414) 555-4212,Racine,WI,53403,Taylor Properties,Alex,parents nearby,just remodeled kitchen,tree trim quote
Skyler,Martin4213,skyler.martin4213@example.com,(414) 555-4213,Madison,WI,53703,,Sam,,,
Parker,Williams4214,parker.williams4214@example.com,(414) 555-4214,Green Bay,WI,54301,,,,,
Blake,Garcia4215,blake.garcia4215@example.com,(414) 555-4215,Chicago,IL,60611,Garcia Properties,Pat,two kids,new roof last year,sump pump check
Hayden,Rodriguez4216,hayden.rodriguez4216@example.com,(414) 555-4216,Evanston,IL,60201,,Chris,dog named Buddy,loves gardening,insurance deductible question
Rowan,Lopez4217,rowan.lopez4217@example.com,(414) 555-4217,Brookfield,WI,53005,,Alex,parents nearby,just remodeled kitchen,tree trim quote
Sawyer,Anderson4218,sawyer.anderson4218@example.com,(414) 555-4218,Kenosha,WI,53140,Anderson Properties,Sam,,,
Finley,Moore4219,finley.moore4219@example.com,(414) 555-4219,Appleton,WI,54911,,,,,
Alex,Smith4220,alex.smith4220@example.com,(414) 555-4220,Milwaukee,WI,53202,,Pat,two kids,new roof last year,sump pump check
Jordan,Brown4221,jordan.brown4221@example.com,(414) 555-4221,Waukesha,WI,53186,Brown Properties,Chris,dog named Buddy,loves gardening,insurance deductible question
Sam,Miller4222,sam.miller4222@example.com,(414) 555-4222,Racine,WI,53403,,Alex,parents nearby,just remodeled kitchen,tree trim quote
Taylor,Martinez4223,taylor.martinez4223@example.com,(414) 555-4223,Madison,WI,53703,,Sam,,,
Casey,Gonzalez4224,casey.gonzalez4224@example.com,(414) 555-4224,Green Bay,WI,54301,Gonzalez Properties,,,,
Riley,Thomas4225,riley.thomas4225@example.com,(414) 555-4225,Chicago,IL,60611,,Pat,two kids,new roof last year,sump pump check
Morgan,Jackson4226,morgan.jackson4226@example.com,(414) 555-4226,Evanston,IL,60201,,Chris,dog named Buddy,loves gardening,insurance deductible question
Avery,Johnson4227,avery.johnson4227@example.com,(414) 555-4227,Brookfield,WI,53005,Johnson Properties,Alex,parents nearby,just remodeled kitchen,tree trim quote
Quinn,Jones4228,quinn.jones4228@example.com,(414) 555-4228,Kenosha,WI,53140,,Sam,,,
Jamie,Davis4229,jamie.davis4229@example.com,(414) 555-4229,Appleton,WI,54911,,,,,
Cameron,Hernandez4230,cameron.hernandez4230@example.com,(414) 555-4230,Milwaukee,WI,53202,Hernandez Properties,Pat,two kids,new roof last year,sump pump check
Drew,Wilson4231,drew.wilson4231@example.com,(414) 555-4231,Waukesha,WI,53186,,Chris,dog named Buddy,loves gardening,insurance deductible question
Reese,Taylor4232,reese.taylor4232@example.com,(414) 555-4232,Racine,WI,53403,,Alex,parents nearby,just remodeled kitchen,tree trim quote
Skyler,Martin4233,skyler.martin4233@example.com,(414) 555-4233,Madison,WI,53703,Martin Properties,Sam,,,
Parker,Williams4234,parker.williams4234@example.com,(414) 555-4234,Green Bay,WI,54301,,,,,
Blake,Garcia4235,blake.garcia4235@example.com,(414) 555-4235,Chicago,IL,60611,,Pat,two kids,new roof last year,sump pump check
Hayden,Rodriguez4236,hayden.rodriguez4236@example.com,(414) 555-4236,Evanston,IL,60201,Rodriguez Properties,Chris,dog named Buddy,loves gardening,insurance deductible question
Rowan,Lopez4237,rowan.lopez4237@example.com,(414) 555-4237,Brookfield,WI,53005,,Alex,parents nearby,just remodeled kitchen,tree trim quote
Sawyer,Anderson4238,sawyer.anderson4238@example.com,(414) 555-4238,Kenosha,WI,53140,,Sam,,,
Finley,Moore4239,finley.moore4239@example.com,(414) 555-4239,Appleton,WI,54911,Moore Properties,,,,
Alex,Smith4240,alex.smith4240@example.com,(414) 555-4240,Milwaukee,WI,53202,,Pat,two kids,new roof last year,sump pump check
Jordan,Brown4241,jordan.brown4241@example.com,(414) 555-4241,Waukesha,WI,53186,,Chris,dog named Buddy,loves gardening,insurance deductible question
Sam,Miller4242,sam.miller4242@example.com,(414) 555-4242,Racine,WI,53403,Miller Properties,Alex,parents nearby,just remodeled kitchen,tree trim quote
Taylor,Martinez4243,taylor.martinez4243@example.com,(414) 555-4243,Madison,WI,53703,,Sam,,,
Casey,Gonzalez4244,casey.gonzalez4244@example.com,(414) 555-4244,Green Bay,WI,54301,,,,,
Riley,Thomas4245,riley.thomas4245@example.com,(414) 555-4245,Chicago,IL,60611,Thomas Properties,Pat,two kids,new roof last year,sump pump check
Morgan,Jackson4246,morgan.jackson4246@example.com,(414) 555-4246,Evanston,IL,60201,,Chris,dog named Buddy,loves gardening,insurance deductible question
Avery,Johnson4247,avery.johnson4247@example.com,(414) 555-4247,Brookfield,WI,53005,,Alex,parents nearby,just remodeled kitchen,tree trim quote
Quinn,Jones4248,quinn.jones4248@example.com,(414) 555-4248,Kenosha,WI,53140,Jones Properties,Sam,,,
Jamie,Davis4249,jamie.davis4249@example.com,(414) 555-4249,Appleton,WI,54911,,,,,
Cameron,Hernandez4250,cameron.hernandez4250@example.com,(414) 555-4250,Milwaukee,WI,53202,,Pat,two kids,new roof last year,sump pump check
Drew,Wilson4251,drew.wilson4251@example.com,(414) 555-4251,Waukesha,WI,53186,Wilson Properties,Chris,dog named Buddy,loves gardening,insurance deductible question
Reese,Taylor4252,reese.taylor4252@example.com,(414) 555-4252,Racine,WI,53403,,Alex,parents nearby,just remodeled kitchen,tree trim quote
Skyler,Martin4253,skyler.martin4253@example.com,(414) 555-4253,Madison,WI,53703,,Sam,,,
Parker,Williams4254,parker.williams4254@example.com,(414) 555-4254,Green Bay,WI,54301,Williams Properties,,,,
Blake,Garcia4255,blake.garcia4255@example.com,(414) 555-4255,Chicago,IL,60611,,Pat,two kids,new roof last year,sump pump check
Hayden,Rodriguez4256,hayden.rodriguez4256@example.com,(414) 555-4256,Evanston,IL,60201,,Chris,dog named Buddy,loves gardening,insurance deductible question
Rowan,Lopez4257,rowan.lopez4257@example.com,(414) 555-4257,Brookfield,WI,53005,Lopez Properties,Alex,parents nearby,just remodeled kitchen,tree trim quote
Sawyer,Anderson4258,sawyer.anderson4258@example.com,(414) 555-4258,Kenosha,WI,53140,,Sam,,,
Finley,Moore4259,finley.moore4259@example.com,(414) 555-4259,Appleton,WI,54911,,,,,
Alex,Smith4260,alex.smith4260@example.com,(414) 555-4260,Milwaukee,WI,53202,Smith Properties,Pat,two kids,new roof last year,sump pump check
Jordan,Brown4261,jordan.brown4261@example.com,(414) 555-4261,Waukesha,WI,53186,,Chris,dog named Buddy,loves gardening,insurance deductible question
Sam,Miller4262,sam.miller4262@example.com,(414) 555-4262,Racine,WI,53403,,Alex,parents nearby,just remodeled kitchen,tree trim quote
Taylor,Martinez4263,taylor.martinez4263@example.com,(414) 555-4263,Madison,WI,53703,Martinez Properties,Sam,,,
Casey,Gonzalez4264,casey.gonzalez4264@example.com,(414) 555-4264,Green Bay,WI,54301,,,,,
Riley,Thomas4265,riley.thomas4265@example.com,(414) 555-4265,Chicago,IL,60611,,Pat,two kids,new roof last year,sump pump check
Morgan,Jackson4266,morgan.jackson4266@example.com,(414) 555-4266,Evanston,IL,60201,Jackson Properties,Chris,dog named Buddy,loves gardening,insurance deductible question
Avery,Johnson4267,avery.johnson4267@example.com,(414) 555-4267,Brookfield,WI,53005,,Alex,parents nearby,just remodeled kitchen,tree trim quote
Quinn,Jones4268,quinn.jones4268@example.com,(414) 555-4268,Kenosha,WI,53140,,Sam,,,
Jamie,Davis4269,jamie.davis4269@example.com,(414) 555-4269,Appleton,WI,54911,Davis Properties,,,,
Cameron,Hernandez4270,cameron.hernandez4270@example.com,(414) 555-4270,Milwaukee,WI,53202,,Pat,two kids,new roof last year,sump pump check
Drew,Wilson4271,drew.wilson4271@example.com,(414) 555-4271,Waukesha,WI,53186,,Chris,dog named Buddy,loves gardening,insurance deductible question
Reese,Taylor4272,reese.taylor4272@example.com,(414) 555-4272,Racine,WI,53403,Taylor Properties,Alex,parents nearby,just remodeled kitchen,tree trim quote
Skyler,Martin4273,skyler.martin4273@example.com,(414) 555-4273,Madison,WI,53703,,Sam,,,
Parker,Williams4274,parker.williams4274@example.com,(414) 555-4274,Green Bay,WI,54301,,,,,
Blake,Garcia4275,blake.garcia4275@example.com,(414) 555-4275,Chicago,IL,60611,Garcia Properties,Pat,two kids,new roof last year,sump pump check
Hayden,Rodriguez4276,hayden.rodriguez4276@example.com,(414) 555-4276,Evanston,IL,60201,,Chris,dog named Buddy,loves gardening,insurance deductible question
Rowan,Lopez4277,rowan.lopez4277@example.com,(414) 555-4277,Brookfield,WI,53005,,Alex,parents nearby,just remodeled kitchen,tree trim quote
Sawyer,Anderson4278,sawyer.anderson4278@example.com,(414) 555-4278,Kenosha,WI,53140,Anderson Properties,Sam,,,
Finley,Moore4279,finley.moore4279@example.com,(414) 555-4279,Appleton,WI,54911,,,,,
Alex,Smith4280,alex.smith4280@example.com,(414) 555-4280,Milwaukee,WI,53202,,Pat,two kids,new roof last year,sump pump check
Jordan,Brown4281,jordan.brown4281@example.com,(414) 555-4281,Waukesha,WI,53186,Brown Properties,Chris,dog named Buddy,loves gardening,insurance deductible question
Sam,Miller4282,sam.miller4282@example.com,(414) 555-4282,Racine,WI,53403,,Alex,parents nearby,just remodeled kitchen,tree trim quote
Taylor,Martinez4283,taylor.martinez4283@example.com,(414) 555-4283,Madison,WI,53703,,Sam,,,
Casey,Gonzalez4284,casey.gonzalez4284@example.com,(414) 555-4284,Green Bay,WI,54301,Gonzalez Properties,,,,
Riley,Thomas4285,riley.thomas4285@example.com,(414) 555-4285,Chicago,IL,60611,,Pat,two kids,new roof last year,sump pump check
Morgan,Jackson4286,morgan.jackson4286@example.com,(414) 555-4286,Evanston,IL,60201,,Chris,dog named Buddy,loves gardening,insurance deductible question
Avery,Johnson4287,avery.johnson4287@example.com,(414) 555-4287,Brookfield,WI,53005,Johnson Properties,Alex,parents nearby,just remodeled kitchen,tree trim quote
Quinn,Jones4288,quinn.jones4288@example.com,(414) 555-4288,Kenosha,WI,53140,,Sam,,,
Jamie,Davis4289,jamie.davis4289@example.com,(414) 555-4289,Appleton,WI,54911,,,,,
Cameron,Hernandez4290,cameron.hernandez4290@example.com,(414) 555-4290,Milwaukee,WI,53202,Hernandez Properties,Pat,two kids,new roof last year,sump pump check
Drew,Wilson4291,drew.wilson4291@example.com,(414) 555-4291,Waukesha,WI,53186,,Chris,dog named Buddy,loves gardening,insurance deductible question
Reese,Taylor4292,reese.taylor4292@example.com,(414) 555-4292,Racine,WI,53403,,Alex,parents nearby,just remodeled kitchen,tree trim quote
Skyler,Martin4293,skyler.martin4293@example.com,(414) 555-4293,Madison,WI,53703,Martin Properties,Sam,,,
Parker,Williams4294,parker.williams4294@example.com,(414) 555-4294,Green Bay,WI,54301,,,,,
Blake,Garcia4295,blake.garcia4295@example.com,(414) 555-4295,Chicago,IL,60611,,Pat,two kids,new roof last year,sump pump check
Hayden,Rodriguez4296,hayden.rodriguez4296@example.com,(414) 555-4296,Evanston,IL,60201,Rodriguez Properties,Chris,dog named Buddy,loves gardening,insurance deductible question
Rowan,Lopez4297,rowan.lopez4297@example.com,(414) 555-4297,Brookfield,WI,53005,,Alex,parents nearby,just remodeled kitchen,tree trim quote
Sawyer,Anderson4298,sawyer.anderson4298@example.com,(414) 555-4298,Kenosha,WI,53140,,Sam,,,
Finley,Moore4299,finley.moore4299@example.com,(414) 555-4299,Appleton,WI,54911,Moore Properties,,,,
Alex,Smith4300,alex.smith4300@example.com,(414) 555-4300,Milwaukee,WI,53202,,Pat,two kids,new roof last year,sump pump check
Jordan,Brown4301,jordan.brown4301@example.com,(414) 555-4301,Waukesha,WI,53186,,Chris,dog named Buddy,loves gardening,insurance deductible question
Sam,Miller4302,sam.miller4302@example.com,(414) 555-4302,Racine,WI,53403,Miller Properties,Alex,parents nearby,just remodeled kitchen,tree trim quote
Taylor,Martinez4303,taylor.martinez4303@example.com,(414) 555-4303,Madison,WI,53703,,Sam,,,
Casey,Gonzalez4304,casey.gonzalez4304@example.com,(414) 555-4304,Green Bay,WI,54301,,,,,
Riley,Thomas4305,riley.thomas4305@example.com,(414) 555-4305,Chicago,IL,60611,Thomas Properties,Pat,two kids,new roof last year,sump pump check
Morgan,Jackson4306,morgan.jackson4306@example.com,(414) 555-4306,Evanston,IL,60201,,Chris,dog named Buddy,loves gardening,insurance deductible question
Avery,Johnson4307,avery.johnson4307@example.com,(414) 555-4307,Brookfield,WI,53005,,Alex,parents nearby,just remodeled kitchen,tree trim quote
Quinn,Jones4308,quinn.jones4308@example.com,(414) 555-4308,Kenosha,WI,53140,Jones Properties,Sam,,,
Jamie,Davis4309,jamie.davis4309@example.com,(414) 555-4309,Appleton,WI,54911,,,,,
Cameron,Hernandez4310,cameron.hernandez4310@example.com,(414) 555-4310,Milwaukee,WI,53202,,Pat,two kids,new roof last year,sump pump check
Drew,Wilson4311,drew.wilson4311@example.com,(414) 555-4311,Waukesha,WI,53186,Wilson Properties,Chris,dog named Buddy,loves gardening,insurance deductible question
Reese,Taylor4312,reese.taylor4312@example.com,(414) 555-4312,Racine,WI,53403,,Alex,parents nearby,just remodeled kitchen,tree trim quote
Skyler,Martin4313,skyler.martin4313@example.com,(414) 555-4313,Madison,WI,53703,,Sam,,,
Parker,Williams4314,parker.williams4314@example.com,(414) 555-4314,Green Bay,WI,54301,Williams Properties,,,,
Blake,Garcia4315,blake.garcia4315@example.com,(414) 555-4315,Chicago,IL,60611,,Pat,two kids,new roof last year,sump pump check
Hayden,Rodriguez4316,hayden.rodriguez4316@example.com,(414) 555-4316,Evanston,IL,60201,,Chris,dog named Buddy,loves gardening,insurance deductible question
Rowan,Lopez4317,rowan.lopez4317@example.com,(414) 555-4317,Brookfield,WI,53005,Lopez Properties,Alex,parents nearby,just remodeled kitchen,tree trim quote
Sawyer,Anderson4318,sawyer.anderson4318@example.com,(414) 555-4318,Kenosha,WI,53140,,Sam,,,
Finley,Moore4319,finley.moore4319@example.com,(414) 555-4319,Appleton,WI,54911,,,,,
Alex,Smith4320,alex.smith4320@example.com,(414) 555-4320,Milwaukee,WI,53202,Smith Properties,Pat,two kids,new roof last year,sump pump check
Jordan,Brown4321,jordan.brown4321@example.com,(414) 555-4321,Waukesha,WI,53186,,Chris,dog named Buddy,loves gardening,insurance deductible question
Sam,Miller4322,sam.miller4322@example.com,(414) 555-4322,Racine,WI,53403,,Alex,parents nearby,just remodeled kitchen,tree trim quote
Taylor,Martinez4323,taylor.martinez4323@example.com,(414) 555-4323,Madison,WI,53703,Martinez Properties,Sam,,,
Casey,Gonzalez4324,casey.gonzalez4324@example.com,(414) 555-4324,Green Bay,WI,54301,,,,,
Riley,Thomas4325,riley.thomas4325@example.com,(414) 555-4325,Chicago,IL,60611,,Pat,two kids,new roof last year,sump pump check
Morgan,Jackson4326,morgan.jackson4326@example.com,(414) 555-4326,Evanston,IL,60201,Jackson Properties,Chris,dog named Buddy,loves gardening,insurance deductible question
Avery,Johnson4327,avery.johnson4327@example.com,(414) 555-4327,Brookfield,WI,53005,,Alex,parents nearby,just remodeled kitchen,tree trim quote
Quinn,Jones4328,quinn.jones4328@example.com,(414) 555-4328,Kenosha,WI,53140,,Sam,,,
Jamie,Davis4329,jamie.davis4329@example.com,(414) 555-4329,Appleton,WI,54911,Davis Properties,,,,
Cameron,Hernandez4330,cameron.hernandez4330@example.com,(414) 555-4330,Milwaukee,WI,53202,,Pat,two kids,new roof last year,sump pump check
Drew,Wilson4331,drew.wilson4331@example.com,(414) 555-4331,Waukesha,WI,53186,,Chris,dog named Buddy,loves gardening,insurance deductible question
Reese,Taylor4332,reese.taylor4332@example.com,(414) 555-4332,Racine,WI,53403,Taylor Properties,Alex,parents nearby,just remodeled kitchen,tree trim quote
Skyler,Martin4333,skyler.martin4333@example.com,(414) 555-4333,Madison,WI,53703,,Sam,,,
Parker,Williams4334,parker.williams4334@example.com,(414) 555-4334,Green Bay,WI,54301,,,,,
Blake,Garcia4335,blake.garcia4335@example.com,(414) 555-4335,Chicago,IL,60611,Garcia Properties,Pat,two kids,new roof last year,sump pump check
Hayden,Rodriguez4336,hayden.rodriguez4336@example.com,(414) 555-4336,Evanston,IL,60201,,Chris,dog named Buddy,loves gardening,insurance deductible question
Rowan,Lopez4337,rowan.lopez4337@example.com,(414) 555-4337,Brookfield,WI,53005,,Alex,parents nearby,just remodeled kitchen,tree trim quote
Sawyer,Anderson4338,sawyer.anderson4338@example.com,(414) 555-4338,Kenosha,WI,53140,Anderson Properties,Sam,,,
Finley,Moore4339,finley.moore4339@example.com,(414) 555-4339,Appleton,WI,54911,,,,,
Alex,Smith4340,alex.smith4340@example.com,(414) 555-4340,Milwaukee,WI,53202,,Pat,two kids,new roof last year,sump pump check
Jordan,Brown4341,jordan.brown4341@example.com,(414) 555-4341,Waukesha,WI,53186,Brown Properties,Chris,dog named Buddy,loves gardening,insurance deductible question
Sam,Miller4342,sam.miller4342@example.com,(414) 555-4342,Racine,WI,53403,,Alex,parents nearby,just remodeled kitchen,tree trim quote
Taylor,Martinez4343,taylor.martinez4343@example.com,(414) 555-4343,Madison,WI,53703,,Sam,,,
Casey,Gonzalez4344,casey.gonzalez4344@example.com,(414) 555-4344,Green Bay,WI,54301,Gonzalez Properties,,,,
Riley,Thomas4345,riley.thomas4345@example.com,(414) 555-4345,Chicago,IL,60611,,Pat,two kids,new roof last year,sump pump check
Morgan,Jackson4346,morgan.jackson4346@example.com,(414) 555-4346,Evanston,IL,60201,,Chris,dog named Buddy,loves gardening,insurance deductible question
Avery,Johnson4347,avery.johnson4347@example.com,(414) 555-4347,Brookfield,WI,53005,Johnson Properties,Alex,parents nearby,just remodeled kitchen,tree trim quote
Quinn,Jones4348,quinn.jones4348@example.com,(414) 555-4348,Kenosha,WI,53140,,Sam,,,
Jamie,Davis4349,jamie.davis4349@example.com,(414) 555-4349,Appleton,WI,54911,,,,,
Cameron,Hernandez4350,cameron.hernandez4350@example.com,(414) 555-4350,Milwaukee,WI,53202,Hernandez Properties,Pat,two kids,new roof last year,sump pump check
Drew,Wilson4351,drew.wilson4351@example.com,(414) 555-4351,Waukesha,WI,53186,,Chris,dog named Buddy,loves gardening,insurance deductible question
Reese,Taylor4352,reese.taylor4352@example.com,(414) 555-4352,Racine,WI,53403,,Alex,parents nearby,just remodeled kitchen,tree trim quote
Skyler,Martin4353,skyler.martin4353@example.com,(414) 555-4353,Madison,WI,53703,Martin Properties,Sam,,,
Parker,Williams4354,parker.williams4354@example.com,(414) 555-4354,Green Bay,WI,54301,,,,,
Blake,Garcia4355,blake.garcia4355@example.com,(414) 555-4355,Chicago,IL,60611,,Pat,two kids,new roof last year,sump pump check
Hayden,Rodriguez4356,hayden.rodriguez4356@example.com,(414) 555-4356,Evanston,IL,60201,Rodriguez Properties,Chris,dog named Buddy,loves gardening,insurance deductible question
Rowan,Lopez4357,rowan.lopez4357@example.com,(414) 555-4357,Brookfield,WI,53005,,Alex,parents nearby,just remodeled kitchen,tree trim quote
Sawyer,Anderson4358,sawyer.anderson4358@example.com,(414) 555-4358,Kenosha,WI,53140,,Sam,,,
Finley,Moore4359,finley.moore4359@example.com,(414) 555-4359,Appleton,WI,54911,Moore Properties,,,,
Alex,Smith4360,alex.smith4360@example.com,(414) 555-4360,Milwaukee,WI,53202,,Pat,two kids,new roof last year,sump pump check
Jordan,Brown4361,jordan.brown4361@example.com,(414) 555-4361,Waukesha,WI,53186,,Chris,dog named Buddy,loves gardening,insurance deductible question
Sam,Miller4362,sam.miller4362@example.com,(414) 555-4362,Racine,WI,53403,Miller Properties,Alex,parents nearby,just remodeled kitchen,tree trim quote
Taylor,Martinez4363,taylor.martinez4363@example.com,(414) 555-4363,Madison,WI,53703,,Sam,,,
Casey,Gonzalez4364,casey.gonzalez4364@example.com,(414) 555-4364,Green Bay,WI,54301,,,,,
Riley,Thomas4365,riley.thomas4365@example.com,(414) 555-4365,Chicago,IL,60611,Thomas Properties,Pat,two kids,new roof last year,sump pump check
Morgan,Jackson4366,morgan.jackson4366@example.com,(414) 555-4366,Evanston,IL,60201,,Chris,dog named Buddy,loves gardening,insurance deductible question
Avery,Johnson4367,avery.johnson4367@example.com,(414) 555-4367,Brookfield,WI,53005,,Alex,parents nearby,just remodeled kitchen,tree trim quote
Quinn,Jones4368,quinn.jones4368@example.com,(414) 555-4368,Kenosha,WI,53140,Jones Properties,Sam,,,
Jamie,Davis4369,jamie.davis4369@example.com,(414) 555-4369,Appleton,WI,54911,,,,,
Cameron,Hernandez4370,cameron.hernandez4370@example.com,(414) 555-4370,Milwaukee,WI,53202,,Pat,two kids,new roof last year,sump pump check
Drew,Wilson4371,drew.wilson4371@example.com,(414) 555-4371,Waukesha,WI,53186,Wilson Properties,Chris,dog named Buddy,loves gardening,insurance deductible question
Reese,Taylor4372,reese.taylor4372@example.com,(414) 555-4372,Racine,WI,53403,,Alex,parents nearby,just remodeled kitchen,tree trim quote
Skyler,Martin4373,skyler.martin4373@example.com,(414) 555-4373,Madison,WI,53703,,Sam,,,
Parker,Williams4374,parker.williams4374@example.com,(414) 555-4374,Green Bay,WI,54301,Williams Properties,,,,
Blake,Garcia4375,blake.garcia4375@example.com,(414) 555-4375,Chicago,IL,60611,,Pat,two kids,new roof last year,sump pump check
Hayden,Rodriguez4376,hayden.rodriguez4376@example.com,(414) 555-4376,Evanston,IL,60201,,Chris,dog named Buddy,loves gardening,insurance deductible question
Rowan,Lopez4377,rowan.lopez4377@example.com,(414) 555-4377,Brookfield,WI,53005,Lopez Properties,Alex,parents nearby,just remodeled kitchen,tree trim quote
Sawyer,Anderson4378,sawyer.anderson4378@example.com,(414) 555-4378,Kenosha,WI,53140,,Sam,,,
Finley,Moore4379,finley.moore4379@example.com,(414) 555-4379,Appleton,WI,54911,,,,,
Alex,Smith4380,alex.smith4380@example.com,(414) 555-4380,Milwaukee,WI,53202,Smith Properties,Pat,two kids,new roof last year,sump pump check
Jordan,Brown4381,jordan.brown4381@example.com,(414) 555-4381,Waukesha,WI,53186,,Chris,dog named Buddy,loves gardening,insurance deductible question
Sam,Miller4382,sam.miller4382@example.com,(414) 555-4382,Racine,WI,53403,,Alex,parents nearby,just remodeled kitchen,tree trim quote
Taylor,Martinez4383,taylor.martinez4383@example.com,(414) 555-4383,Madison,WI,53703,Martinez Properties,Sam,,,
Casey,Gonzalez4384,casey.gonzalez4384@example.com,(414) 555-4384,Green Bay,WI,54301,,,,,
Riley,Thomas4385,riley.thomas4385@example.com,(414) 555-4385,Chicago,IL,60611,,Pat,two kids,new roof last year,sump pump check
Morgan,Jackson4386,morgan.jackson4386@example.com,(414) 555-4386,Evanston,IL,60201,Jackson Properties,Chris,dog named Buddy,loves gardening,insurance deductible question
Avery,Johnson4387,avery.johnson4387@example.com,(414) 555-4387,Brookfield,WI,53005,,Alex,parents nearby,just remodeled kitchen,tree trim quote
Quinn,Jones4388,quinn.jones4388@example.com,(414) 555-4388,Kenosha,WI,53140,,Sam,,,
Jamie,Davis4389,jamie.davis4389@example.com,(414) 555-4389,Appleton,WI,54911,Davis Properties,,,,
Cameron,Hernandez4390,cameron.hernandez4390@example.com,(414) 555-4390,Milwaukee,WI,53202,,Pat,two kids,new roof last year,sump pump check
Drew,Wilson4391,drew.wilson4391@example.com,(414) 555-4391,Waukesha,WI,53186,,Chris,dog named Buddy,loves gardening,insurance deductible question
Reese,Taylor4392,reese.taylor4392@example.com,(414) 555-4392,Racine,WI,53403,Taylor Properties,Alex,parents nearby,just remodeled kitchen,tree trim quote
Skyler,Martin4393,skyler.martin4393@example.com,(414) 555-4393,Madison,WI,53703,,Sam,,,
Parker,Williams4394,parker.williams4394@example.com,(414) 555-4394,Green Bay,WI,54301,,,,,
Blake,Garcia4395,blake.garcia4395@example.com,(414) 555-4395,Chicago,IL,60611,Garcia Properties,Pat,two kids,new roof last year,sump pump check
Hayden,Rodriguez4396,hayden.rodriguez4396@example.com,(414) 555-4396,Evanston,IL,60201,,Chris,dog named Buddy,loves gardening,insurance deductible question
Rowan,Lopez4397,rowan.lopez4397@example.com,(414) 555-4397,Brookfield,WI,53005,,Alex,parents nearby,just remodeled kitchen,tree trim quote
Sawyer,Anderson4398,sawyer.anderson4398@example.com,(414) 555-4398,Kenosha,WI,53140,Anderson Properties,Sam,,,
Finley,Moore4399,finley.moore4399@example.com,(414) 555-4399,Appleton,WI,54911,,,,,
Alex,Smith4400,alex.smith4400@example.com,(414) 555-4400,Milwaukee,WI,53202,,Pat,two kids,new roof last year,sump pump check
Jordan,Brown4401,jordan.brown4401@example.com,(414) 555-4401,Waukesha,WI,53186,Brown Properties,Chris,dog named Buddy,loves gardening,insurance deductible question
Sam,Miller4402,sam.miller4402@example.com,(414) 555-4402,Racine,WI,53403,,Alex,parents nearby,just remodeled kitchen,tree trim quote
Taylor,Martinez4403,taylor.martinez4403@example.com,(414) 555-4403,Madison,WI,53703,,Sam,,,
Casey,Gonzalez4404,casey.gonzalez4404@example.com,(414) 555-4404,Green Bay,WI,54301,Gonzalez Properties,,,,
Riley,Thomas4405,riley.thomas4405@example.com,(414) 555-4405,Chicago,IL,60611,,Pat,two kids,new roof last year,sump pump check
Morgan,Jackson4406,morgan.jackson4406@example.com,(414) 555-4406,Evanston,IL,60201,,Chris,dog named Buddy,loves gardening,insurance deductible question
Avery,Johnson4407,avery.johnson4407@example.com,(414) 555-4407,Brookfield,WI,53005,Johnson Properties,Alex,parents nearby,just remodeled kitchen,tree trim quote
Quinn,Jones4408,quinn.jones4408@example.com,(414) 555-4408,Kenosha,WI,53140,,Sam,,,
Jamie,Davis4409,jamie.davis4409@example.com,(414) 555-4409,Appleton,WI,54911,,,,,
Cameron,Hernandez4410,cameron.hernandez4410@example.com,(414) 555-4410,Milwaukee,WI,53202,Hernandez Properties,Pat,two kids,new roof last year,sump pump check
Drew,Wilson4411,drew.wilson4411@example.com,(414) 555-4411,Waukesha,WI,53186,,Chris,dog named Buddy,loves gardening,insurance deductible question
Reese,Taylor4412,reese.taylor4412@example.com,(414) 555-4412,Racine,WI,53403,,Alex,parents nearby,just remodeled kitchen,tree trim quote
Skyler,Martin4413,skyler.martin4413@example.com,(414) 555-4413,Madison,WI,53703,Martin Properties,Sam,,,
Parker,Williams4414,parker.williams4414@example.com,(414) 555-4414,Green Bay,WI,54301,,,,,
Blake,Garcia4415,blake.garcia4415@example.com,(414) 555-4415,Chicago,IL,60611,,Pat,two kids,new roof last year,sump pump check
Hayden,Rodriguez4416,hayden.rodriguez4416@example.com,(414) 555-4416,Evanston,IL,60201,Rodriguez Properties,Chris,dog named Buddy,loves gardening,insurance deductible question
Rowan,Lopez4417,rowan.lopez4417@example.com,(414) 555-4417,Brookfield,WI,53005,,Alex,parents nearby,just remodeled kitchen,tree trim quote
Sawyer,Anderson4418,sawyer.anderson4418@example.com,(414) 555-4418,Kenosha,WI,53140,,Sam,,,
Finley,Moore4419,finley.moore4419@example.com,(414) 555-4419,Appleton,WI,54911,Moore Properties,,,,
Alex,Smith4420,alex.smith4420@example.com,(414) 555-4420,Milwaukee,WI,53202,,Pat,two kids,new roof last year,sump pump check
Jordan,Brown4421,jordan.brown4421@example.com,(414) 555-4421,Waukesha,WI,53186,,Chris,dog named Buddy,loves gardening,insurance deductible question
Sam,Miller4422,sam.miller4422@example.com,(414) 555-4422,Racine,WI,53403,Miller Properties,Alex,parents nearby,just remodeled kitchen,tree trim quote
Taylor,Martinez4423,taylor.martinez4423@example.com,(414) 555-4423,Madison,WI,53703,,Sam,,,
Casey,Gonzalez4424,casey.gonzalez4424@example.com,(414) 555-4424,Green Bay,WI,54301,,,,,
Riley,Thomas4425,riley.thomas4425@example.com,(414) 555-4425,Chicago,IL,60611,Thomas Properties,Pat,two kids,new roof last year,sump pump check
Morgan,Jackson4426,morgan.jackson4426@example.com,(414) 555-4426,Evanston,IL,60201,,Chris,dog named Buddy,loves gardening,insurance deductible question
Avery,Johnson4427,avery.johnson4427@example.com,(414) 555-4427,Brookfield,WI,53005,,Alex,parents nearby,just remodeled kitchen,tree trim quote
Quinn,Jones4428,quinn.jones4428@example.com,(414) 555-4428,Kenosha,WI,53140,Jones Properties,Sam,,,
Jamie,Davis4429,jamie.davis4429@example.com,(414) 555-4429,Appleton,WI,54911,,,,,
Cameron,Hernandez4430,cameron.hernandez4430@example.com,(414) 555-4430,Milwaukee,WI,53202,,Pat,two kids,new roof last year,sump pump check
Drew,Wilson4431,drew.wilson4431@example.com,(414) 555-4431,Waukesha,WI,53186,Wilson Properties,Chris,dog named Buddy,loves gardening,insurance deductible question
Reese,Taylor4432,reese.taylor4432@example.com,(414) 555-4432,Racine,WI,53403,,Alex,parents nearby,just remodeled kitchen,tree trim quote
Skyler,Martin4433,skyler.martin4433@example.com,(414) 555-4433,Madison,WI,53703,,Sam,,,
Parker,Williams4434,parker.williams4434@example.com,(414) 555-4434,Green Bay,WI,54301,Williams Properties,,,,
Blake,Garcia4435,blake.garcia4435@example.com,(414) 555-4435,Chicago,IL,60611,,Pat,two kids,new roof last year,sump pump check
Hayden,Rodriguez4436,hayden.rodriguez4436@example.com,(414) 555-4436,Evanston,IL,60201,,Chris,dog named Buddy,loves gardening,insurance deductible question
Rowan,Lopez4437,rowan.lopez4437@example.com,(414) 555-4437,Brookfield,WI,53005,Lopez Properties,Alex,parents nearby,just remodeled kitchen,tree trim quote
Sawyer,Anderson4438,sawyer.anderson4438@example.com,(414) 555-4438,Kenosha,WI,53140,,Sam,,,
Finley,Moore4439,finley.moore4439@example.com,(414) 555-4439,Appleton,WI,54911,,,,,
Alex,Smith4440,alex.smith4440@example.com,(414) 555-4440,Milwaukee,WI,53202,Smith Properties,Pat,two kids,new roof last year,sump pump check
Jordan,Brown4441,jordan.brown4441@example.com,(414) 555-4441,Waukesha,WI,53186,,Chris,dog named Buddy,loves gardening,insurance deductible question
Sam,Miller4442,sam.miller4442@example.com,(414) 555-4442,Racine,WI,53403,,Alex,parents nearby,just remodeled kitchen,tree trim quote
Taylor,Martinez4443,taylor.martinez4443@example.com,(414) 555-4443,Madison,WI,53703,Martinez Properties,Sam,,,
Casey,Gonzalez4444,casey.gonzalez4444@example.com,(414) 555-4444,Green Bay,WI,54301,,,,,
Riley,Thomas4445,riley.thomas4445@example.com,(414) 555-4445,Chicago,IL,60611,,Pat,two kids,new roof last year,sump pump check
Morgan,Jackson4446,morgan.jackson4446@example.com,(414) 555-4446,Evanston,IL,60201,Jackson Properties,Chris,dog named Buddy,loves gardening,insurance deductible question
Avery,Johnson4447,avery.johnson4447@example.com,(414) 555-4447,Brookfield,WI,53005,,Alex,parents nearby,just remodeled kitchen,tree trim quote
Quinn,Jones4448,quinn.jones4448@example.com,(414) 555-4448,Kenosha,WI,53140,,Sam,,,
Jamie,Davis4449,jamie.davis4449@example.com,(414) 555-4449,Appleton,WI,54911,Davis Properties,,,,
Cameron,Hernandez4450,cameron.hernandez4450@example.com,(414) 555-4450,Milwaukee,WI,53202,,Pat,two kids,new roof last year,sump pump check
Drew,Wilson4451,drew.wilson4451@example.com,(414) 555-4451,Waukesha,WI,53186,,Chris,dog named Buddy,loves gardening,insurance deductible question
Reese,Taylor4452,reese.taylor4452@example.com,(414) 555-4452,Racine,WI,53403,Taylor Properties,Alex,parents nearby,just remodeled kitchen,tree trim quote
Skyler,Martin4453,skyler.martin4453@example.com,(414) 555-4453,Madison,WI,53703,,Sam,,,
Parker,Williams4454,parker.williams4454@example.com,(414) 555-4454,Green Bay,WI,54301,,,,,
Blake,Garcia4455,blake.garcia4455@example.com,(414) 555-4455,Chicago,IL,60611,Garcia Properties,Pat,two kids,new roof last year,sump pump check
Hayden,Rodriguez4456,hayden.rodriguez4456@example.com,(414) 555-4456,Evanston,IL,60201,,Chris,dog named Buddy,loves gardening,insurance deductible question
Rowan,Lopez4457,rowan.lopez4457@example.com,(414) 555-4457,Brookfield,WI,53005,,Alex,parents nearby,just remodeled kitchen,tree trim quote
Sawyer,Anderson4458,sawyer.anderson4458@example.com,(414) 555-4458,Kenosha,WI,53140,Anderson Properties,Sam,,,
Finley,Moore4459,finley.moore4459@example.com,(414) 555-4459,Appleton,WI,54911,,,,,
Alex,Smith4460,alex.smith4460@example.com,(414) 555-4460,Milwaukee,WI,53202,,Pat,two kids,new roof last year,sump pump check
Jordan,Brown4461,jordan.brown4461@example.com,(414) 555-4461,Waukesha,WI,53186,Brown Properties,Chris,dog named Buddy,loves gardening,insurance deductible question
Sam,Miller4462,sam.miller4462@example.com,(414) 555-4462,Racine,WI,53403,,Alex,parents nearby,just remodeled kitchen,tree trim quote
Taylor,Martinez4463,taylor.martinez4463@example.com,(414) 555-4463,Madison,WI,53703,,Sam,,,
Casey,Gonzalez4464,casey.gonzalez4464@example.com,(414) 555-4464,Green Bay,WI,54301,Gonzalez Properties,,,,
Riley,Thomas4465,riley.thomas4465@example.com,(414) 555-4465,Chicago,IL,60611,,Pat,two kids,new roof last year,sump pump check
Morgan,Jackson4466,morgan.jackson4466@example.com,(414) 555-4466,Evanston,IL,60201,,Chris,dog named Buddy,loves gardening,insurance deductible question
Avery,Johnson4467,avery.johnson4467@example.com,(414) 555-4467,Brookfield,WI,53005,Johnson Properties,Alex,parents nearby,just remodeled kitchen,tree trim quote
Quinn,Jones4468,quinn.jones4468@example.com,(414) 555-4468,Kenosha,WI,53140,,Sam,,,
Jamie,Davis4469,jamie.davis4469@example.com,(414) 555-4469,Appleton,WI,54911,,,,,
Cameron,Hernandez4470,cameron.hernandez4470@example.com,(414) 555-4470,Milwaukee,WI,53202,Hernandez Properties,Pat,two kids,new roof last year,sump pump check
Drew,Wilson4471,drew.wilson4471@example.com,(414) 555-4471,Waukesha,WI,53186,,Chris,dog named Buddy,loves gardening,insurance deductible question
Reese,Taylor4472,reese.taylor4472@example.com,(414) 555-4472,Racine,WI,53403,,Alex,parents nearby,just remodeled kitchen,tree trim quote
Skyler,Martin4473,skyler.martin4473@example.com,(414) 555-4473,Madison,WI,53703,Martin Properties,Sam,,,
Parker,Williams4474,parker.williams4474@example.com,(414) 555-4474,Green Bay,WI,54301,,,,,
Blake,Garcia4475,blake.garcia4475@example.com,(414) 555-4475,Chicago,IL,60611,,Pat,two kids,new roof last year,sump pump check
Hayden,Rodriguez4476,hayden.rodriguez4476@example.com,(414) 555-4476,Evanston,IL,60201,Rodriguez Properties,Chris,dog named Buddy,loves gardening,insurance deductible question
Rowan,Lopez4477,rowan.lopez4477@example.com,(414) 555-4477,Brookfield,WI,53005,,Alex,parents nearby,just remodeled kitchen,tree trim quote
Sawyer,Anderson4478,sawyer.anderson4478@example.com,(414) 555-4478,Kenosha,WI,53140,,Sam,,,
Finley,Moore4479,finley.moore4479@example.com,(414) 555-4479,Appleton,WI,54911,Moore Properties,,,,
Alex,Smith4480,alex.smith4480@example.com,(414) 555-4480,Milwaukee,WI,53202,,Pat,two kids,new roof last year,sump pump check
Jordan,Brown4481,jordan.brown4481@example.com,(414) 555-4481,Waukesha,WI,53186,,Chris,dog named Buddy,loves gardening,insurance deductible question
Sam,Miller4482,sam.miller4482@example.com,(414) 555-4482,Racine,WI,53403,Miller Properties,Alex,parents nearby,just remodeled kitchen,tree trim quote
Taylor,Martinez4483,taylor.martinez4483@example.com,(414) 555-4483,Madison,WI,53703,,Sam,,,
Casey,Gonzalez4484,casey.gonzalez4484@example.com,(414) 555-4484,Green Bay,WI,54301,,,,,
Riley,Thomas4485,riley.thomas4485@example.com,(414) 555-4485,Chicago,IL,60611,Thomas Properties,Pat,two kids,new roof last year,sump pump check
Morgan,Jackson4486,morgan.jackson4486@example.com,(414) 555-4486,Evanston,IL,60201,,Chris,dog named Buddy,loves gardening,insurance deductible question
Avery,Johnson4487,avery.johnson4487@example.com,(414) 555-4487,Brookfield,WI,53005,,Alex,parents nearby,just remodeled kitchen,tree trim quote
Quinn,Jones4488,quinn.jones4488@example.com,(414) 555-4488,Kenosha,WI,53140,Jones Properties,Sam,,,
Jamie,Davis4489,jamie.davis4489@example.com,(414) 555-4489,Appleton,WI,54911,,,,,
Cameron,Hernandez4490,cameron.hernandez4490@example.com,(414) 555-4490,Milwaukee,WI,53202,,Pat,two kids,new roof last year,sump pump check
Drew,Wilson4491,drew.wilson4491@example.com,(414) 555-4491,Waukesha,WI,53186,Wilson Properties,Chris,dog named Buddy,loves gardening,insurance deductible question
Reese,Taylor4492,reese.taylor4492@example.com,(414) 555-4492,Racine,WI,53403,,Alex,parents nearby,just remodeled kitchen,tree trim quote
Skyler,Martin4493,skyler.martin4493@example.com,(414) 555-4493,Madison,WI,53703,,Sam,,,
Parker,Williams4494,parker.williams4494@example.com,(414) 555-4494,Green Bay,WI,54301,Williams Properties,,,,
Blake,Garcia4495,blake.garcia4495@example.com,(414) 555-4495,Chicago,IL,60611,,Pat,two kids,new roof last year,sump pump check
Hayden,Rodriguez4496,hayden.rodriguez4496@example.com,(414) 555-4496,Evanston,IL,60201,,Chris,dog named Buddy,loves gardening,insurance deductible question
Rowan,Lopez4497,rowan.lopez4497@example.com,(414) 555-4497,Brookfield,WI,53005,Lopez Properties,Alex,parents nearby,just remodeled kitchen,tree trim quote
Sawyer,Anderson4498,sawyer.anderson4498@example.com,(414) 555-4498,Kenosha,WI,53140,,Sam,,,
Finley,Moore4499,finley.moore4499@example.com,(414) 555-4499,Appleton,WI,54911,,,,,
Alex,Smith4500,alex.smith4500@example.com,(414) 555-4500,Milwaukee,WI,53202,Smith Properties,Pat,two kids,new roof last year,sump pump check
Jordan,Brown4501,jordan.brown4501@example.com,(414) 555-4501,Waukesha,WI,53186,,Chris,dog named Buddy,loves gardening,insurance deductible question
Sam,Miller4502,sam.miller4502@example.com,(414) 555-4502,Racine,WI,53403,,Alex,parents nearby,just remodeled kitchen,tree trim quote
Taylor,Martinez4503,taylor.martinez4503@example.com,(414) 555-4503,Madison,WI,53703,Martinez Properties,Sam,,,
Casey,Gonzalez4504,casey.gonzalez4504@example.com,(414) 555-4504,Green Bay,WI,54301,,,,,
Riley,Thomas4505,riley.thomas4505@example.com,(414) 555-4505,Chicago,IL,60611,,Pat,two kids,new roof last year,sump pump check
Morgan,Jackson4506,morgan.jackson4506@example.com,(414) 555-4506,Evanston,IL,60201,Jackson Properties,Chris,dog named Buddy,loves gardening,insurance deductible question
Avery,Johnson4507,avery.johnson4507@example.com,(414) 555-4507,Brookfield,WI,53005,,Alex,parents nearby,just remodeled kitchen,tree trim quote
Quinn,Jones4508,quinn.jones4508@example.com,(414) 555-4508,Kenosha,WI,53140,,Sam,,,
Jamie,Davis4509,jamie.davis4509@example.com,(414) 555-4509,Appleton,WI,54911,Davis Properties,,,,
Cameron,Hernandez4510,cameron.hernandez4510@example.com,(414) 555-4510,Milwaukee,WI,53202,,Pat,two kids,new roof last year,sump pump check
Drew,Wilson4511,drew.wilson4511@example.com,(414) 555-4511,Waukesha,WI,53186,,Chris,dog named Buddy,loves gardening,insurance deductible question
Reese,Taylor4512,reese.taylor4512@example.com,(414) 555-4512,Racine,WI,53403,Taylor Properties,Alex,parents nearby,just remodeled kitchen,tree trim quote
Skyler,Martin4513,skyler.martin4513@example.com,(414) 555-4513,Madison,WI,53703,,Sam,,,
Parker,Williams4514,parker.williams4514@example.com,(414) 555-4514,Green Bay,WI,54301,,,,,
Blake,Garcia4515,blake.garcia4515@example.com,(414) 555-4515,Chicago,IL,60611,Garcia Properties,Pat,two kids,new roof last year,sump pump check
Hayden,Rodriguez4516,hayden.rodriguez4516@example.com,(414) 555-4516,Evanston,IL,60201,,Chris,dog named Buddy,loves gardening,insurance deductible question
Rowan,Lopez4517,rowan.lopez4517@example.com,(414) 555-4517,Brookfield,WI,53005,,Alex,parents nearby,just remodeled kitchen,tree trim quote
Sawyer,Anderson4518,sawyer.anderson4518@example.com,(414) 555-4518,Kenosha,WI,53140,Anderson Properties,Sam,,,
Finley,Moore4519,finley.moore4519@example.com,(414) 555-4519,Appleton,WI,54911,,,,,
Alex,Smith4520,alex.smith4520@example.com,(414) 555-4520,Milwaukee,WI,53202,,Pat,two kids,new roof last year,sump pump check
Jordan,Brown4521,jordan.brown4521@example.com,(414) 555-4521,Waukesha,WI,53186,Brown Properties,Chris,dog named Buddy,loves gardening,insurance deductible question
Sam,Miller4522,sam.miller4522@example.com,(414) 555-4522,Racine,WI,53403,,Alex,parents nearby,just remodeled kitchen,tree trim quote
Taylor,Martinez4523,taylor.martinez4523@example.com,(414) 555-4523,Madison,WI,53703,,Sam,,,
Casey,Gonzalez4524,casey.gonzalez4524@example.com,(414) 555-4524,Green Bay,WI,54301,Gonzalez Properties,,,,
Riley,Thomas4525,riley.thomas4525@example.com,(414) 555-4525,Chicago,IL,60611,,Pat,two kids,new roof last year,sump pump check
Morgan,Jackson4526,morgan.jackson4526@example.com,(414) 555-4526,Evanston,IL,60201,,Chris,dog named Buddy,loves gardening,insurance deductible question
Avery,Johnson4527,avery.johnson4527@example.com,(414) 555-4527,Brookfield,WI,53005,Johnson Properties,Alex,parents nearby,just remodeled kitchen,tree trim quote
Quinn,Jones4528,quinn.jones4528@example.com,(414) 555-4528,Kenosha,WI,53140,,Sam,,,
Jamie,Davis4529,jamie.davis4529@example.com,(414) 555-4529,Appleton,WI,54911,,,,,
Cameron,Hernandez4530,cameron.hernandez4530@example.com,(414) 555-4530,Milwaukee,WI,53202,Hernandez Properties,Pat,two kids,new roof last year,sump pump check
Drew,Wilson4531,drew.wilson4531@example.com,(414) 555-4531,Waukesha,WI,53186,,Chris,dog named Buddy,loves gardening,insurance deductible question
Reese,Taylor4532,reese.taylor4532@example.com,(414) 555-4532,Racine,WI,53403,,Alex,parents nearby,just remodeled kitchen,tree trim quote
Skyler,Martin4533,skyler.martin4533@example.com,(414) 555-4533,Madison,WI,53703,Martin Properties,Sam,,,
Parker,Williams4534,parker.williams4534@example.com,(414) 555-4534,Green Bay,WI,54301,,,,,
Blake,Garcia4535,blake.garcia4535@example.com,(414) 555-4535,Chicago,IL,60611,,Pat,two kids,new roof last year,sump pump check
Hayden,Rodriguez4536,hayden.rodriguez4536@example.com,(414) 555-4536,Evanston,IL,60201,Rodriguez Properties,Chris,dog named Buddy,loves gardening,insurance deductible question
Rowan,Lopez4537,rowan.lopez4537@example.com,(414) 555-4537,Brookfield,WI,53005,,Alex,parents nearby,just remodeled kitchen,tree trim quote
Sawyer,Anderson4538,sawyer.anderson4538@example.com,(414) 555-4538,Kenosha,WI,53140,,Sam,,,
Finley,Moore4539,finley.moore4539@example.com,(414) 555-4539,Appleton,WI,54911,Moore Properties,,,,
Alex,Smith4540,alex.smith4540@example.com,(414) 555-4540,Milwaukee,WI,53202,,Pat,two kids,new roof last year,sump pump check
Jordan,Brown4541,jordan.brown4541@example.com,(414) 555-4541,Waukesha,WI,53186,,Chris,dog named Buddy,loves gardening,insurance deductible question
Sam,Miller4542,sam.miller4542@example.com,(414) 555-4542,Racine,WI,53403,Miller Properties,Alex,parents nearby,just remodeled kitchen,tree trim quote
Taylor,Martinez4543,taylor.martinez4543@example.com,(414) 555-4543,Madison,WI,53703,,Sam,,,
Casey,Gonzalez4544,casey.gonzalez4544@example.com,(414) 555-4544,Green Bay,WI,54301,,,,,
Riley,Thomas4545,riley.thomas4545@example.com,(414) 555-4545,Chicago,IL,60611,Thomas Properties,Pat,two kids,new roof last year,sump pump check
Morgan,Jackson4546,morgan.jackson4546@example.com,(414) 555-4546,Evanston,IL,60201,,Chris,dog named Buddy,loves gardening,insurance deductible question
Avery,Johnson4547,avery.johnson4547@example.com,(414) 555-4547,Brookfield,WI,53005,,Alex,parents nearby,just remodeled kitchen,tree trim quote
Quinn,Jones4548,quinn.jones4548@example.com,(414) 555-4548,Kenosha,WI,53140,Jones Properties,Sam,,,
Jamie,Davis4549,jamie.davis4549@example.com,(414) 555-4549,Appleton,WI,54911,,,,,
Cameron,Hernandez4550,cameron.hernandez4550@example.com,(414) 555-4550,Milwaukee,WI,53202,,Pat,two kids,new roof last year,sump pump check
Drew,Wilson4551,drew.wilson4551@example.com,(414) 555-4551,Waukesha,WI,53186,Wilson Properties,Chris,dog named Buddy,loves gardening,insurance deductible question
Reese,Taylor4552,reese.taylor4552@example.com,(414) 555-4552,Racine,WI,53403,,Alex,parents nearby,just remodeled kitchen,tree trim quote
Skyler,Martin4553,skyler.martin4553@example.com,(414) 555-4553,Madison,WI,53703,,Sam,,,
Parker,Williams4554,parker.williams4554@example.com,(414) 555-4554,Green Bay,WI,54301,Williams Properties,,,,
Blake,Garcia4555,blake.garcia4555@example.com,(414) 555-4555,Chicago,IL,60611,,Pat,two kids,new roof last year,sump pump check
Hayden,Rodriguez4556,hayden.rodriguez4556@example.com,(414) 555-4556,Evanston,IL,60201,,Chris,dog named Buddy,loves gardening,insurance deductible question
Rowan,Lopez4557,rowan.lopez4557@example.com,(414) 555-4557,Brookfield,WI,53005,Lopez Properties,Alex,parents nearby,just remodeled kitchen,tree trim quote
Sawyer,Anderson4558,sawyer.anderson4558@example.com,(414) 555-4558,Kenosha,WI,53140,,Sam,,,
Finley,Moore4559,finley.moore4559@example.com,(414) 555-4559,Appleton,WI,54911,,,,,
Alex,Smith4560,alex.smith4560@example.com,(414) 555-4560,Milwaukee,WI,53202,Smith Properties,Pat,two kids,new roof last year,sump pump check
Jordan,Brown4561,jordan.brown4561@example.com,(414) 555-4561,Waukesha,WI,53186,,Chris,dog named Buddy,loves gardening,insurance deductible question
Sam,Miller4562,sam.miller4562@example.com,(414) 555-4562,Racine,WI,53403,,Alex,parents nearby,just remodeled kitchen,tree trim quote
Taylor,Martinez4563,taylor.martinez4563@example.com,(414) 555-4563,Madison,WI,53703,Martinez Properties,Sam,,,
Casey,Gonzalez4564,casey.gonzalez4564@example.com,(414) 555-4564,Green Bay,WI,54301,,,,,
Riley,Thomas4565,riley.thomas4565@example.com,(414) 555-4565,Chicago,IL,60611,,Pat,two kids,new roof last year,sump pump check
Morgan,Jackson4566,morgan.jackson4566@example.com,(414) 555-4566,Evanston,IL,60201,Jackson Properties,Chris,dog named Buddy,loves gardening,insurance deductible question
Avery,Johnson4567,avery.johnson4567@example.com,(414) 555-4567,Brookfield,WI,53005,,Alex,parents nearby,just remodeled kitchen,tree trim quote
Quinn,Jones4568,quinn.jones4568@example.com,(414) 555-4568,Kenosha,WI,53140,,Sam,,,
Jamie,Davis4569,jamie.davis4569@example.com,(414) 555-4569,Appleton,WI,54911,Davis Properties,,,,
Cameron,Hernandez4570,cameron.hernandez4570@example.com,(414) 555-4570,Milwaukee,WI,53202,,Pat,two kids,new roof last year,sump pump check
Drew,Wilson4571,drew.wilson4571@example.com,(414) 555-4571,Waukesha,WI,53186,,Chris,dog named Buddy,loves gardening,insurance deductible question
Reese,Taylor4572,reese.taylor4572@example.com,(414) 555-4572,Racine,WI,53403,Taylor Properties,Alex,parents nearby,just remodeled kitchen,tree trim quote
Skyler,Martin4573,skyler.martin4573@example.com,(414) 555-4573,Madison,WI,53703,,Sam,,,
Parker,Williams4574,parker.williams4574@example.com,(414) 555-4574,Green Bay,WI,54301,,,,,
Blake,Garcia4575,blake.garcia4575@example.com,(414) 555-4575,Chicago,IL,60611,Garcia Properties,Pat,two kids,new roof last year,sump pump check
Hayden,Rodriguez4576,hayden.rodriguez4576@example.com,(414) 555-4576,Evanston,IL,60201,,Chris,dog named Buddy,loves gardening,insurance deductible question
Rowan,Lopez4577,rowan.lopez4577@example.com,(414) 555-4577,Brookfield,WI,53005,,Alex,parents nearby,just remodeled kitchen,tree trim quote
Sawyer,Anderson4578,sawyer.anderson4578@example.com,(414) 555-4578,Kenosha,WI,53140,Anderson Properties,Sam,,,
Finley,Moore4579,finley.moore4579@example.com,(414) 555-4579,Appleton,WI,54911,,,,,
Alex,Smith4580,alex.smith4580@example.com,(414) 555-4580,Milwaukee,WI,53202,,Pat,two kids,new roof last year,sump pump check
Jordan,Brown4581,jordan.brown4581@example.com,(414) 555-4581,Waukesha,WI,53186,Brown Properties,Chris,dog named Buddy,loves gardening,insurance deductible question
Sam,Miller4582,sam.miller4582@example.com,(414) 555-4582,Racine,WI,53403,,Alex,parents nearby,just remodeled kitchen,tree trim quote
Taylor,Martinez4583,taylor.martinez4583@example.com,(414) 555-4583,Madison,WI,53703,,Sam,,,
Casey,Gonzalez4584,casey.gonzalez4584@example.com,(414) 555-4584,Green Bay,WI,54301,Gonzalez Properties,,,,
Riley,Thomas4585,riley.thomas4585@example.com,(414) 555-4585,Chicago,IL,60611,,Pat,two kids,new roof last year,sump pump check
Morgan,Jackson4586,morgan.jackson4586@example.com,(414) 555-4586,Evanston,IL,60201,,Chris,dog named Buddy,loves gardening,insurance deductible question
Avery,Johnson4587,avery.johnson4587@example.com,(414) 555-4587,Brookfield,WI,53005,Johnson Properties,Alex,parents nearby,just remodeled kitchen,tree trim quote
Quinn,Jones4588,quinn.jones4588@example.com,(414) 555-4588,Kenosha,WI,53140,,Sam,,,
Jamie,Davis4589,jamie.davis4589@example.com,(414) 555-4589,Appleton,WI,54911,,,,,
Cameron,Hernandez4590,cameron.hernandez4590@example.com,(414) 555-4590,Milwaukee,WI,53202,Hernandez Properties,Pat,two kids,new roof last year,sump pump check
Drew,Wilson4591,drew.wilson4591@example.com,(414) 555-4591,Waukesha,WI,53186,,Chris,dog named Buddy,loves gardening,insurance deductible question
Reese,Taylor4592,reese.taylor4592@example.com,(414) 555-4592,Racine,WI,53403,,Alex,parents nearby,just remodeled kitchen,tree trim quote
Skyler,Martin4593,skyler.martin4593@example.com,(414) 555-4593,Madison,WI,53703,Martin Properties,Sam,,,
Parker,Williams4594,parker.williams4594@example.com,(414) 555-4594,Green Bay,WI,54301,,,,,
Blake,Garcia4595,blake.garcia4595@example.com,(414) 555-4595,Chicago,IL,60611,,Pat,two kids,new roof last year,sump pump check
Hayden,Rodriguez4596,hayden.rodriguez4596@example.com,(414) 555-4596,Evanston,IL,60201,Rodriguez Properties,Chris,dog named Buddy,loves gardening,insurance deductible question
Rowan,Lopez4597,rowan.lopez4597@example.com,(414) 555-4597,Brookfield,WI,53005,,Alex,parents nearby,just remodeled kitchen,tree trim quote
Sawyer,Anderson4598,sawyer.anderson4598@example.com,(414) 555-4598,Kenosha,WI,53140,,Sam,,,
Finley,Moore4599,finley.moore4599@example.com,(414) 555-4599,Appleton,WI,54911,Moore Properties,,,,
Alex,Smith4600,alex.smith4600@example.com,(414) 555-4600,Milwaukee,WI,53202,,Pat,two kids,new roof last year,sump pump check
Jordan,Brown4601,jordan.brown4601@example.com,(414) 555-4601,Waukesha,WI,53186,,Chris,dog named Buddy,loves gardening,insurance deductible question
Sam,Miller4602,sam.miller4602@example.com,(414) 555-4602,Racine,WI,53403,Miller Properties,Alex,parents nearby,just remodeled kitchen,tree trim quote
Taylor,Martinez4603,taylor.martinez4603@example.com,(414) 555-4603,Madison,WI,53703,,Sam,,,
Casey,Gonzalez4604,casey.gonzalez4604@example.com,(414) 555-4604,Green Bay,WI,54301,,,,,
Riley,Thomas4605,riley.thomas4605@example.com,(414) 555-4605,Chicago,IL,60611,Thomas Properties,Pat,two kids,new roof last year,sump pump check
Morgan,Jackson4606,morgan.jackson4606@example.com,(414) 555-4606,Evanston,IL,60201,,Chris,dog named Buddy,loves gardening,insurance deductible question
Avery,Johnson4607,avery.johnson4607@example.com,(414) 555-4607,Brookfield,WI,53005,,Alex,parents nearby,just remodeled kitchen,tree trim quote
Quinn,Jones4608,quinn.jones4608@example.com,(414) 555-4608,Kenosha,WI,53140,Jones Properties,Sam,,,
Jamie,Davis4609,jamie.davis4609@example.com,(414) 555-4609,Appleton,WI,54911,,,,,
Cameron,Hernandez4610,cameron.hernandez4610@example.com,(414) 555-4610,Milwaukee,WI,53202,,Pat,two kids,new roof last year,sump pump check
Drew,Wilson4611,drew.wilson4611@example.com,(414) 555-4611,Waukesha,WI,53186,Wilson Properties,Chris,dog named Buddy,loves gardening,insurance deductible question
Reese,Taylor4612,reese.taylor4612@example.com,(414) 555-4612,Racine,WI,53403,,Alex,parents nearby,just remodeled kitchen,tree trim quote
Skyler,Martin4613,skyler.martin4613@example.com,(414) 555-4613,Madison,WI,53703,,Sam,,,
Parker,Williams4614,parker.williams4614@example.com,(414) 555-4614,Green Bay,WI,54301,Williams Properties,,,,
Blake,Garcia4615,blake.garcia4615@example.com,(414) 555-4615,Chicago,IL,60611,,Pat,two kids,new roof last year,sump pump check
Hayden,Rodriguez4616,hayden.rodriguez4616@example.com,(414) 555-4616,Evanston,IL,60201,,Chris,dog named Buddy,loves gardening,insurance deductible question
Rowan,Lopez4617,rowan.lopez4617@example.com,(414) 555-4617,Brookfield,WI,53005,Lopez Properties,Alex,parents nearby,just remodeled kitchen,tree trim quote
Sawyer,Anderson4618,sawyer.anderson4618@example.com,(414) 555-4618,Kenosha,WI,53140,,Sam,,,
Finley,Moore4619,finley.moore4619@example.com,(414) 555-4619,Appleton,WI,54911,,,,,
Alex,Smith4620,alex.smith4620@example.com,(414) 555-4620,Milwaukee,WI,53202,Smith Properties,Pat,two kids,new roof last year,sump pump check
Jordan,Brown4621,jordan.brown4621@example.com,(414) 555-4621,Waukesha,WI,53186,,Chris,dog named Buddy,loves gardening,insurance deductible question
Sam,Miller4622,sam.miller4622@example.com,(414) 555-4622,Racine,WI,53403,,Alex,parents nearby,just remodeled kitchen,tree trim quote
Taylor,Martinez4623,taylor.martinez4623@example.com,(414) 555-4623,Madison,WI,53703,Martinez Properties,Sam,,,
Casey,Gonzalez4624,casey.gonzalez4624@example.com,(414) 555-4624,Green Bay,WI,54301,,,,,
Riley,Thomas4625,riley.thomas4625@example.com,(414) 555-4625,Chicago,IL,60611,,Pat,two kids,new roof last year,sump pump check
Morgan,Jackson4626,morgan.jackson4626@example.com,(414) 555-4626,Evanston,IL,60201,Jackson Properties,Chris,dog named Buddy,loves gardening,insurance deductible question
Avery,Johnson4627,avery.johnson4627@example.com,(414) 555-4627,Brookfield,WI,53005,,Alex,parents nearby,just remodeled kitchen,tree trim quote
Quinn,Jones4628,quinn.jones4628@example.com,(414) 555-4628,Kenosha,WI,53140,,Sam,,,
Jamie,Davis4629,jamie.davis4629@example.com,(414) 555-4629,Appleton,WI,54911,Davis Properties,,,,
Cameron,Hernandez4630,cameron.hernandez4630@example.com,(414) 555-4630,Milwaukee,WI,53202,,Pat,two kids,new roof last year,sump pump check
Drew,Wilson4631,drew.wilson4631@example.com,(414) 555-4631,Waukesha,WI,53186,,Chris,dog named Buddy,loves gardening,insurance deductible question
Reese,Taylor4632,reese.taylor4632@example.com,(414) 555-4632,Racine,WI,53403,Taylor Properties,Alex,parents nearby,just remodeled kitchen,tree trim quote
Skyler,Martin4633,skyler.martin4633@example.com,(414) 555-4633,Madison,WI,53703,,Sam,,,
Parker,Williams4634,parker.williams4634@example.com,(414) 555-4634,Green Bay,WI,54301,,,,,
Blake,Garcia4635,blake.garcia4635@example.com,(414) 555-4635,Chicago,IL,60611,Garcia Properties,Pat,two kids,new roof last year,sump pump check
Hayden,Rodriguez4636,hayden.rodriguez4636@example.com,(414) 555-4636,Evanston,IL,60201,,Chris,dog named Buddy,loves gardening,insurance deductible question
Rowan,Lopez4637,rowan.lopez4637@example.com,(414) 555-4637,Brookfield,WI,53005,,Alex,parents nearby,just remodeled kitchen,tree trim quote
Sawyer,Anderson4638,sawyer.anderson4638@example.com,(414) 555-4638,Kenosha,WI,53140,Anderson Properties,Sam,,,
Finley,Moore4639,finley.moore4639@example.com,(414) 555-4639,Appleton,WI,54911,,,,,
Alex,Smith4640,alex.smith4640@example.com,(414) 555-4640,Milwaukee,WI,53202,,Pat,two kids,new roof last year,sump pump check
Jordan,Brown4641,jordan.brown4641@example.com,(414) 555-4641,Waukesha,WI,53186,Brown Properties,Chris,dog named Buddy,loves gardening,insurance deductible question
Sam,Miller4642,sam.miller4642@example.com,(414) 555-4642,Racine,WI,53403,,Alex,parents nearby,just remodeled kitchen,tree trim quote
Taylor,Martinez4643,taylor.martinez4643@example.com,(414) 555-4643,Madison,WI,53703,,Sam,,,
Casey,Gonzalez4644,casey.gonzalez4644@example.com,(414) 555-4644,Green Bay,WI,54301,Gonzalez Properties,,,,
Riley,Thomas4645,riley.thomas4645@example.com,(414) 555-4645,Chicago,IL,60611,,Pat,two kids,new roof last year,sump pump check
Morgan,Jackson4646,morgan.jackson4646@example.com,(414) 555-4646,Evanston,IL,60201,,Chris,dog named Buddy,loves gardening,insurance deductible question
Avery,Johnson4647,avery.johnson4647@example.com,(414) 555-4647,Brookfield,WI,53005,Johnson Properties,Alex,parents nearby,just remodeled kitchen,tree trim quote
Quinn,Jones4648,quinn.jones4648@example.com,(414) 555-4648,Kenosha,WI,53140,,Sam,,,
Jamie,Davis4649,jamie.davis4649@example.com,(414) 555-4649,Appleton,WI,54911,,,,,
Cameron,Hernandez4650,cameron.hernandez4650@example.com,(414) 555-4650,Milwaukee,WI,53202,Hernandez Properties,Pat,two kids,new roof last year,sump pump check
Drew,Wilson4651,drew.wilson4651@example.com,(414) 555-4651,Waukesha,WI,53186,,Chris,dog named Buddy,loves gardening,insurance deductible question
Reese,Taylor4652,reese.taylor4652@example.com,(414) 555-4652,Racine,WI,53403,,Alex,parents nearby,just remodeled kitchen,tree trim quote
Skyler,Martin4653,skyler.martin4653@example.com,(414) 555-4653,Madison,WI,53703,Martin Properties,Sam,,,
Parker,Williams4654,parker.williams4654@example.com,(414) 555-4654,Green Bay,WI,54301,,,,,
Blake,Garcia4655,blake.garcia4655@example.com,(414) 555-4655,Chicago,IL,60611,,Pat,two kids,new roof last year,sump pump check
Hayden,Rodriguez4656,hayden.rodriguez4656@example.com,(414) 555-4656,Evanston,IL,60201,Rodriguez Properties,Chris,dog named Buddy,loves gardening,insurance deductible question
Rowan,Lopez4657,rowan.lopez4657@example.com,(414) 555-4657,Brookfield,WI,53005,,Alex,parents nearby,just remodeled kitchen,tree trim quote
Sawyer,Anderson4658,sawyer.anderson4658@example.com,(414) 555-4658,Kenosha,WI,53140,,Sam,,,
Finley,Moore4659,finley.moore4659@example.com,(414) 555-4659,Appleton,WI,54911,Moore Properties,,,,
Alex,Smith4660,alex.smith4660@example.com,(414) 555-4660,Milwaukee,WI,53202,,Pat,two kids,new roof last year,sump pump check
Jordan,Brown4661,jordan.brown4661@example.com,(414) 555-4661,Waukesha,WI,53186,,Chris,dog named Buddy,loves gardening,insurance deductible question
Sam,Miller4662,sam.miller4662@example.com,(414) 555-4662,Racine,WI,53403,Miller Properties,Alex,parents nearby,just remodeled kitchen,tree trim quote
Taylor,Martinez4663,taylor.martinez4663@example.com,(414) 555-4663,Madison,WI,53703,,Sam,,,
Casey,Gonzalez4664,casey.gonzalez4664@example.com,(414) 555-4664,Green Bay,WI,54301,,,,,
Riley,Thomas4665,riley.thomas4665@example.com,(414) 555-4665,Chicago,IL,60611,Thomas Properties,Pat,two kids,new roof last year,sump pump check
Morgan,Jackson4666,morgan.jackson4666@example.com,(414) 555-4666,Evanston,IL,60201,,Chris,dog named Buddy,loves gardening,insurance deductible question
Avery,Johnson4667,avery.johnson4667@example.com,(414) 555-4667,Brookfield,WI,53005,,Alex,parents nearby,just remodeled kitchen,tree trim quote
Quinn,Jones4668,quinn.jones4668@example.com,(414) 555-4668,Kenosha,WI,53140,Jones Properties,Sam,,,
Jamie,Davis4669,jamie.davis4669@example.com,(414) 555-4669,Appleton,WI,54911,,,,,
Cameron,Hernandez4670,cameron.hernandez4670@example.com,(414) 555-4670,Milwaukee,WI,53202,,Pat,two kids,new roof last year,sump pump check
Drew,Wilson4671,drew.wilson4671@example.com,(414) 555-4671,Waukesha,WI,53186,Wilson Properties,Chris,dog named Buddy,loves gardening,insurance deductible question
Reese,Taylor4672,reese.taylor4672@example.com,(414) 555-4672,Racine,WI,53403,,Alex,parents nearby,just remodeled kitchen,tree trim quote
Skyler,Martin4673,skyler.martin4673@example.com,(414) 555-4673,Madison,WI,53703,,Sam,,,
Parker,Williams4674,parker.williams4674@example.com,(414) 555-4674,Green Bay,WI,54301,Williams Properties,,,,
Blake,Garcia4675,blake.garcia4675@example.com,(414) 555-4675,Chicago,IL,60611,,Pat,two kids,new roof last year,sump pump check
Hayden,Rodriguez4676,hayden.rodriguez4676@example.com,(414) 555-4676,Evanston,IL,60201,,Chris,dog named Buddy,loves gardening,insurance deductible question
Rowan,Lopez4677,rowan.lopez4677@example.com,(414) 555-4677,Brookfield,WI,53005,Lopez Properties,Alex,parents nearby,just remodeled kitchen,tree trim quote
Sawyer,Anderson4678,sawyer.anderson4678@example.com,(414) 555-4678,Kenosha,WI,53140,,Sam,,,
Finley,Moore4679,finley.moore4679@example.com,(414) 555-4679,Appleton,WI,54911,,,,,
Alex,Smith4680,alex.smith4680@example.com,(414) 555-4680,Milwaukee,WI,53202,Smith Properties,Pat,two kids,new roof last year,sump pump check
Jordan,Brown4681,jordan.brown4681@example.com,(414) 555-4681,Waukesha,WI,53186,,Chris,dog named Buddy,loves gardening,insurance deductible question
Sam,Miller4682,sam.miller4682@example.com,(414) 555-4682,Racine,WI,53403,,Alex,parents nearby,just remodeled kitchen,tree trim quote
Taylor,Martinez4683,taylor.martinez4683@example.com,(414) 555-4683,Madison,WI,53703,Martinez Properties,Sam,,,
Casey,Gonzalez4684,casey.gonzalez4684@example.com,(414) 555-4684,Green Bay,WI,54301,,,,,
Riley,Thomas4685,riley.thomas4685@example.com,(414) 555-4685,Chicago,IL,60611,,Pat,two kids,new roof last year,sump pump check
Morgan,Jackson4686,morgan.jackson4686@example.com,(414) 555-4686,Evanston,IL,60201,Jackson Properties,Chris,dog named Buddy,loves gardening,insurance deductible question
Avery,Johnson4687,avery.johnson4687@example.com,(414) 555-4687,Brookfield,WI,53005,,Alex,parents nearby,just remodeled kitchen,tree trim quote
Quinn,Jones4688,quinn.jones4688@example.com,(414) 555-4688,Kenosha,WI,53140,,Sam,,,
Jamie,Davis4689,jamie.davis4689@example.com,(414) 555-4689,Appleton,WI,54911,Davis Properties,,,,
Cameron,Hernandez4690,cameron.hernandez4690@example.com,(414) 555-4690,Milwaukee,WI,53202,,Pat,two kids,new roof last year,sump pump check
Drew,Wilson4691,drew.wilson4691@example.com,(414) 555-4691,Waukesha,WI,53186,,Chris,dog named Buddy,loves gardening,insurance deductible question
Reese,Taylor4692,reese.taylor4692@example.com,(414) 555-4692,Racine,WI,53403,Taylor Properties,Alex,parents nearby,just remodeled kitchen,tree trim quote
Skyler,Martin4693,skyler.martin4693@example.com,(414) 555-4693,Madison,WI,53703,,Sam,,,
Parker,Williams4694,parker.williams4694@example.com,(414) 555-4694,Green Bay,WI,54301,,,,,
Blake,Garcia4695,blake.garcia4695@example.com,(414) 555-4695,Chicago,IL,60611,Garcia Properties,Pat,two kids,new roof last year,sump pump check
Hayden,Rodriguez4696,hayden.rodriguez4696@example.com,(414) 555-4696,Evanston,IL,60201,,Chris,dog named Buddy,loves gardening,insurance deductible question
Rowan,Lopez4697,rowan.lopez4697@example.com,(414) 555-4697,Brookfield,WI,53005,,Alex,parents nearby,just remodeled kitchen,tree trim quote
Sawyer,Anderson4698,sawyer.anderson4698@example.com,(414) 555-4698,Kenosha,WI,53140,Anderson Properties,Sam,,,
Finley,Moore4699,finley.moore4699@example.com,(414) 555-4699,Appleton,WI,54911,,,,,
Alex,Smith4700,alex.smith4700@example.com,(414) 555-4700,Milwaukee,WI,53202,,Pat,two kids,new roof last year,sump pump check
Jordan,Brown4701,jordan.brown4701@example.com,(414) 555-4701,Waukesha,WI,53186,Brown Properties,Chris,dog named Buddy,loves gardening,insurance deductible question
Sam,Miller4702,sam.miller4702@example.com,(414) 555-4702,Racine,WI,53403,,Alex,parents nearby,just remodeled kitchen,tree trim quote
Taylor,Martinez4703,taylor.martinez4703@example.com,(414) 555-4703,Madison,WI,53703,,Sam,,,
Casey,Gonzalez4704,casey.gonzalez4704@example.com,(414) 555-4704,Green Bay,WI,54301,Gonzalez Properties,,,,
Riley,Thomas4705,riley.thomas4705@example.com,(414) 555-4705,Chicago,IL,60611,,Pat,two kids,new roof last year,sump pump check
Morgan,Jackson4706,morgan.jackson4706@example.com,(414) 555-4706,Evanston,IL,60201,,Chris,dog named Buddy,loves gardening,insurance deductible question
Avery,Johnson4707,avery.johnson4707@example.com,(414) 555-4707,Brookfield,WI,53005,Johnson Properties,Alex,parents nearby,just remodeled kitchen,tree trim quote
Quinn,Jones4708,quinn.jones4708@example.com,(414) 555-4708,Kenosha,WI,53140,,Sam,,,
Jamie,Davis4709,jamie.davis4709@example.com,(414) 555-4709,Appleton,WI,54911,,,,,
Cameron,Hernandez4710,cameron.hernandez4710@example.com,(414) 555-4710,Milwaukee,WI,53202,Hernandez Properties,Pat,two kids,new roof last year,sump pump check
Drew,Wilson4711,drew.wilson4711@example.com,(414) 555-4711,Waukesha,WI,53186,,Chris,dog named Buddy,loves gardening,insurance deductible question
Reese,Taylor4712,reese.taylor4712@example.com,(414) 555-4712,Racine,WI,53403,,Alex,parents nearby,just remodeled kitchen,tree trim quote
Skyler,Martin4713,skyler.martin4713@example.com,(414) 555-4713,Madison,WI,53703,Martin Properties,Sam,,,
Parker,Williams4714,parker.williams4714@example.com,(414) 555-4714,Green Bay,WI,54301,,,,,
Blake,Garcia4715,blake.garcia4715@example.com,(414) 555-4715,Chicago,IL,60611,,Pat,two kids,new roof last year,sump pump check
Hayden,Rodriguez4716,hayden.rodriguez4716@example.com,(414) 555-4716,Evanston,IL,60201,Rodriguez Properties,Chris,dog named Buddy,loves gardening,insurance deductible question
Rowan,Lopez4717,rowan.lopez4717@example.com,(414) 555-4717,Brookfield,WI,53005,,Alex,parents nearby,just remodeled kitchen,tree trim quote
Sawyer,Anderson4718,sawyer.anderson4718@example.com,(414) 555-4718,Kenosha,WI,53140,,Sam,,,
Finley,Moore4719,finley.moore4719@example.com,(414) 555-4719,Appleton,WI,54911,Moore Properties,,,,
Alex,Smith4720,alex.smith4720@example.com,(414) 555-4720,Milwaukee,WI,53202,,Pat,two kids,new roof last year,sump pump check
Jordan,Brown4721,jordan.brown4721@example.com,(414) 555-4721,Waukesha,WI,53186,,Chris,dog named Buddy,loves gardening,insurance deductible question
Sam,Miller4722,sam.miller4722@example.com,(414) 555-4722,Racine,WI,53403,Miller Properties,Alex,parents nearby,just remodeled kitchen,tree trim quote
Taylor,Martinez4723,taylor.martinez4723@example.com,(414) 555-4723,Madison,WI,53703,,Sam,,,
Casey,Gonzalez4724,casey.gonzalez4724@example.com,(414) 555-4724,Green Bay,WI,54301,,,,,
Riley,Thomas4725,riley.thomas4725@example.com,(414) 555-4725,Chicago,IL,60611,Thomas Properties,Pat,two kids,new roof last year,sump pump check
Morgan,Jackson4726,morgan.jackson4726@example.com,(414) 555-4726,Evanston,IL,60201,,Chris,dog named Buddy,loves gardening,insurance deductible question
Avery,Johnson4727,avery.johnson4727@example.com,(414) 555-4727,Brookfield,WI,53005,,Alex,parents nearby,just remodeled kitchen,tree trim quote
Quinn,Jones4728,quinn.jones4728@example.com,(414) 555-4728,Kenosha,WI,53140,Jones Properties,Sam,,,
Jamie,Davis4729,jamie.davis4729@example.com,(414) 555-4729,Appleton,WI,54911,,,,,
Cameron,Hernandez4730,cameron.hernandez4730@example.com,(414) 555-4730,Milwaukee,WI,53202,,Pat,two kids,new roof last year,sump pump check
Drew,Wilson4731,drew.wilson4731@example.com,(414) 555-4731,Waukesha,WI,53186,Wilson Properties,Chris,dog named Buddy,loves gardening,insurance deductible question
Reese,Taylor4732,reese.taylor4732@example.com,(414) 555-4732,Racine,WI,53403,,Alex,parents nearby,just remodeled kitchen,tree trim quote
Skyler,Martin4733,skyler.martin4733@example.com,(414) 555-4733,Madison,WI,53703,,Sam,,,
Parker,Williams4734,parker.williams4734@example.com,(414) 555-4734,Green Bay,WI,54301,Williams Properties,,,,
Blake,Garcia4735,blake.garcia4735@example.com,(414) 555-4735,Chicago,IL,60611,,Pat,two kids,new roof last year,sump pump check
Hayden,Rodriguez4736,hayden.rodriguez4736@example.com,(414) 555-4736,Evanston,IL,60201,,Chris,dog named Buddy,loves gardening,insurance deductible question
Rowan,Lopez4737,rowan.lopez4737@example.com,(414) 555-4737,Brookfield,WI,53005,Lopez Properties,Alex,parents nearby,just remodeled kitchen,tree trim quote
Sawyer,Anderson4738,sawyer.anderson4738@example.com,(414) 555-4738,Kenosha,WI,53140,,Sam,,,
Finley,Moore4739,finley.moore4739@example.com,(414) 555-4739,Appleton,WI,54911,,,,,
Alex,Smith4740,alex.smith4740@example.com,(414) 555-4740,Milwaukee,WI,53202,Smith Properties,Pat,two kids,new roof last year,sump pump check
Jordan,Brown4741,jordan.brown4741@example.com,(414) 555-4741,Waukesha,WI,53186,,Chris,dog named Buddy,loves gardening,insurance deductible question
Sam,Miller4742,sam.miller4742@example.com,(414) 555-4742,Racine,WI,53403,,Alex,parents nearby,just remodeled kitchen,tree trim quote
Taylor,Martinez4743,taylor.martinez4743@example.com,(414) 555-4743,Madison,WI,53703,Martinez Properties,Sam,,,
Casey,Gonzalez4744,casey.gonzalez4744@example.com,(414) 555-4744,Green Bay,WI,54301,,,,,
Riley,Thomas4745,riley.thomas4745@example.com,(414) 555-4745,Chicago,IL,60611,,Pat,two kids,new roof last year,sump pump check
Morgan,Jackson4746,morgan.jackson4746@example.com,(414) 555-4746,Evanston,IL,60201,Jackson Properties,Chris,dog named Buddy,loves gardening,insurance deductible question
Avery,Johnson4747,avery.johnson4747@example.com,(414) 555-4747,Brookfield,WI,53005,,Alex,parents nearby,just remodeled kitchen,tree trim quote
Quinn,Jones4748,quinn.jones4748@example.com,(414) 555-4748,Kenosha,WI,53140,,Sam,,,
Jamie,Davis4749,jamie.davis4749@example.com,(414) 555-4749,Appleton,WI,54911,Davis Properties,,,,
Cameron,Hernandez4750,cameron.hernandez4750@example.com,(414) 555-4750,Milwaukee,WI,53202,,Pat,two kids,new roof last year,sump pump check
Drew,Wilson4751,drew.wilson4751@example.com,(414) 555-4751,Waukesha,WI,53186,,Chris,dog named Buddy,loves gardening,insurance deductible question
Reese,Taylor4752,reese.taylor4752@example.com,(414) 555-4752,Racine,WI,53403,Taylor Properties,Alex,parents nearby,just remodeled kitchen,tree trim quote
Skyler,Martin4753,skyler.martin4753@example.com,(414) 555-4753,Madison,WI,53703,,Sam,,,
Parker,Williams4754,parker.williams4754@example.com,(414) 555-4754,Green Bay,WI,54301,,,,,
Blake,Garcia4755,blake.garcia4755@example.com,(414) 555-4755,Chicago,IL,60611,Garcia Properties,Pat,two kids,new roof last year,sump pump check
Hayden,Rodriguez4756,hayden.rodriguez4756@example.com,(414) 555-4756,Evanston,IL,60201,,Chris,dog named Buddy,loves gardening,insurance deductible question
Rowan,Lopez4757,rowan.lopez4757@example.com,(414) 555-4757,Brookfield,WI,53005,,Alex,parents nearby,just remodeled kitchen,tree trim quote
Sawyer,Anderson4758,sawyer.anderson4758@example.com,(414) 555-4758,Kenosha,WI,53140,Anderson Properties,Sam,,,
Finley,Moore4759,finley.moore4759@example.com,(414) 555-4759,Appleton,WI,54911,,,,,
Alex,Smith4760,alex.smith4760@example.com,(414) 555-4760,Milwaukee,WI,53202,,Pat,two kids,new roof last year,sump pump check
Jordan,Brown4761,jordan.brown4761@example.com,(414) 555-4761,Waukesha,WI,53186,Brown Properties,Chris,dog named Buddy,loves gardening,insurance deductible question
Sam,Miller4762,sam.miller4762@example.com,(414) 555-4762,Racine,WI,53403,,Alex,parents nearby,just remodeled kitchen,tree trim quote
Taylor,Martinez4763,taylor.martinez4763@example.com,(414) 555-4763,Madison,WI,53703,,Sam,,,
Casey,Gonzalez4764,casey.gonzalez4764@example.com,(414) 555-4764,Green Bay,WI,54301,Gonzalez Properties,,,,
Riley,Thomas4765,riley.thomas4765@example.com,(414) 555-4765,Chicago,IL,60611,,Pat,two kids,new roof last year,sump pump check
Morgan,Jackson4766,morgan.jackson4766@example.com,(414) 555-4766,Evanston,IL,60201,,Chris,dog named Buddy,loves gardening,insurance deductible question
Avery,Johnson4767,avery.johnson4767@example.com,(414) 555-4767,Brookfield,WI,53005,Johnson Properties,Alex,parents nearby,just remodeled kitchen,tree trim quote
Quinn,Jones4768,quinn.jones4768@example.com,(414) 555-4768,Kenosha,WI,53140,,Sam,,,
Jamie,Davis4769,jamie.davis4769@example.com,(414) 555-4769,Appleton,WI,54911,,,,,
Cameron,Hernandez4770,cameron.hernandez4770@example.com,(414) 555-4770,Milwaukee,WI,53202,Hernandez Properties,Pat,two kids,new roof last year,sump pump check
Drew,Wilson4771,drew.wilson4771@example.com,(414) 555-4771,Waukesha,WI,53186,,Chris,dog named Buddy,loves gardening,insurance deductible question
Reese,Taylor4772,reese.taylor4772@example.com,(414) 555-4772,Racine,WI,53403,,Alex,parents nearby,just remodeled kitchen,tree trim quote
Skyler,Martin4773,skyler.martin4773@example.com,(414) 555-4773,Madison,WI,53703,Martin Properties,Sam,,,
Parker,Williams4774,parker.williams4774@example.com,(414) 555-4774,Green Bay,WI,54301,,,,,
Blake,Garcia4775,blake.garcia4775@example.com,(414) 555-4775,Chicago,IL,60611,,Pat,two kids,new roof last year,sump pump check
Hayden,Rodriguez4776,hayden.rodriguez4776@example.com,(414) 555-4776,Evanston,IL,60201,Rodriguez Properties,Chris,dog named Buddy,loves gardening,insurance deductible question
Rowan,Lopez4777,rowan.lopez4777@example.com,(414) 555-4777,Brookfield,WI,53005,,Alex,parents nearby,just remodeled kitchen,tree trim quote
Sawyer,Anderson4778,sawyer.anderson4778@example.com,(414) 555-4778,Kenosha,WI,53140,,Sam,,,
Finley,Moore4779,finley.moore4779@example.com,(414) 555-4779,Appleton,WI,54911,Moore Properties,,,,
Alex,Smith4780,alex.smith4780@example.com,(414) 555-4780,Milwaukee,WI,53202,,Pat,two kids,new roof last year,sump pump check
Jordan,Brown4781,jordan.brown4781@example.com,(414) 555-4781,Waukesha,WI,53186,,Chris,dog named Buddy,loves gardening,insurance deductible question
Sam,Miller4782,sam.miller4782@example.com,(414) 555-4782,Racine,WI,53403,Miller Properties,Alex,parents nearby,just remodeled kitchen,tree trim quote
Taylor,Martinez4783,taylor.martinez4783@example.com,(414) 555-4783,Madison,WI,53703,,Sam,,,
Casey,Gonzalez4784,casey.gonzalez4784@example.com,(414) 555-4784,Green Bay,WI,54301,,,,,
Riley,Thomas4785,riley.thomas4785@example.com,(414) 555-4785,Chicago,IL,60611,Thomas Properties,Pat,two kids,new roof last year,sump pump check
Morgan,Jackson4786,morgan.jackson4786@example.com,(414) 555-4786,Evanston,IL,60201,,Chris,dog named Buddy,loves gardening,insurance deductible question
Avery,Johnson4787,avery.johnson4787@example.com,(414) 555-4787,Brookfield,WI,53005,,Alex,parents nearby,just remodeled kitchen,tree trim quote
Quinn,Jones4788,quinn.jones4788@example.com,(414) 555-4788,Kenosha,WI,53140,Jones Properties,Sam,,,
Jamie,Davis4789,jamie.davis4789@example.com,(414) 555-4789,Appleton,WI,54911,,,,,
Cameron,Hernandez4790,cameron.hernandez4790@example.com,(414) 555-4790,Milwaukee,WI,53202,,Pat,two kids,new roof last year,sump pump check
Drew,Wilson4791,drew.wilson4791@example.com,(414) 555-4791,Waukesha,WI,53186,Wilson Properties,Chris,dog named Buddy,loves gardening,insurance deductible question
Reese,Taylor4792,reese.taylor4792@example.com,(414) 555-4792,Racine,WI,53403,,Alex,parents nearby,just remodeled kitchen,tree trim quote
Skyler,Martin4793,skyler.martin4793@example.com,(414) 555-4793,Madison,WI,53703,,Sam,,,
Parker,Williams4794,parker.williams4794@example.com,(414) 555-4794,Green Bay,WI,54301,Williams Properties,,,,
Blake,Garcia4795,blake.garcia4795@example.com,(414) 555-4795,Chicago,IL,60611,,Pat,two kids,new roof last year,sump pump check
Hayden,Rodriguez4796,hayden.rodriguez4796@example.com,(414) 555-4796,Evanston,IL,60201,,Chris,dog named Buddy,loves gardening,insurance deductible question
Rowan,Lopez4797,rowan.lopez4797@example.com,(414) 555-4797,Brookfield,WI,53005,Lopez Properties,Alex,parents nearby,just remodeled kitchen,tree trim quote
Sawyer,Anderson4798,sawyer.anderson4798@example.com,(414) 555-4798,Kenosha,WI,53140,,Sam,,,
Finley,Moore4799,finley.moore4799@example.com,(414) 555-4799,Appleton,WI,54911,,,,,
Alex,Smith4800,alex.smith4800@example.com,(414) 555-4800,Milwaukee,WI,53202,Smith Properties,Pat,two kids,new roof last year,sump pump check
Jordan,Brown4801,jordan.brown4801@example.com,(414) 555-4801,Waukesha,WI,53186,,Chris,dog named Buddy,loves gardening,insurance deductible question
Sam,Miller4802,sam.miller4802@example.com,(414) 555-4802,Racine,WI,53403,,Alex,parents nearby,just remodeled kitchen,tree trim quote
Taylor,Martinez4803,taylor.martinez4803@example.com,(414) 555-4803,Madison,WI,53703,Martinez Properties,Sam,,,
Casey,Gonzalez4804,casey.gonzalez4804@example.com,(414) 555-4804,Green Bay,WI,54301,,,,,
Riley,Thomas4805,riley.thomas4805@example.com,(414) 555-4805,Chicago,IL,60611,,Pat,two kids,new roof last year,sump pump check
Morgan,Jackson4806,morgan.jackson4806@example.com,(414) 555-4806,Evanston,IL,60201,Jackson Properties,Chris,dog named Buddy,loves gardening,insurance deductible question
Avery,Johnson4807,avery.johnson4807@example.com,(414) 555-4807,Brookfield,WI,53005,,Alex,parents nearby,just remodeled kitchen,tree trim quote
Quinn,Jones4808,quinn.jones4808@example.com,(414) 555-4808,Kenosha,WI,53140,,Sam,,,
Jamie,Davis4809,jamie.davis4809@example.com,(414) 555-4809,Appleton,WI,54911,Davis Properties,,,,
Cameron,Hernandez4810,cameron.hernandez4810@example.com,(414) 555-4810,Milwaukee,WI,53202,,Pat,two kids,new roof last year,sump pump check
Drew,Wilson4811,drew.wilson4811@example.com,(414) 555-4811,Waukesha,WI,53186,,Chris,dog named Buddy,loves gardening,insurance deductible question
Reese,Taylor4812,reese.taylor4812@example.com,(414) 555-4812,Racine,WI,53403,Taylor Properties,Alex,parents nearby,just remodeled kitchen,tree trim quote
Skyler,Martin4813,skyler.martin4813@example.com,(414) 555-4813,Madison,WI,53703,,Sam,,,
Parker,Williams4814,parker.williams4814@example.com,(414) 555-4814,Green Bay,WI,54301,,,,,
Blake,Garcia4815,blake.garcia4815@example.com,(414) 555-4815,Chicago,IL,60611,Garcia Properties,Pat,two kids,new roof last year,sump pump check
Hayden,Rodriguez4816,hayden.rodriguez4816@example.com,(414) 555-4816,Evanston,IL,60201,,Chris,dog named Buddy,loves gardening,insurance deductible question
Rowan,Lopez4817,rowan.lopez4817@example.com,(414) 555-4817,Brookfield,WI,53005,,Alex,parents nearby,just remodeled kitchen,tree trim quote
Sawyer,Anderson4818,sawyer.anderson4818@example.com,(414) 555-4818,Kenosha,WI,53140,Anderson Properties,Sam,,,
Finley,Moore4819,finley.moore4819@example.com,(414) 555-4819,Appleton,WI,54911,,,,,
Alex,Smith4820,alex.smith4820@example.com,(414) 555-4820,Milwaukee,WI,53202,,Pat,two kids,new roof last year,sump pump check
Jordan,Brown4821,jordan.brown4821@example.com,(414) 555-4821,Waukesha,WI,53186,Brown Properties,Chris,dog named Buddy,loves gardening,insurance deductible question
Sam,Miller4822,sam.miller4822@example.com,(414) 555-4822,Racine,WI,53403,,Alex,parents nearby,just remodeled kitchen,tree trim quote
Taylor,Martinez4823,taylor.martinez4823@example.com,(414) 555-4823,Madison,WI,53703,,Sam,,,
Casey,Gonzalez4824,casey.gonzalez4824@example.com,(414) 555-4824,Green Bay,WI,54301,Gonzalez Properties,,,,
Riley,Thomas4825,riley.thomas4825@example.com,(414) 555-4825,Chicago,IL,60611,,Pat,two kids,new roof last year,sump pump check
Morgan,Jackson4826,morgan.jackson4826@example.com,(414) 555-4826,Evanston,IL,60201,,Chris,dog named Buddy,loves gardening,insurance deductible question
Avery,Johnson4827,avery.johnson4827@example.com,(414) 555-4827,Brookfield,WI,53005,Johnson Properties,Alex,parents nearby,just remodeled kitchen,tree trim quote
Quinn,Jones4828,quinn.jones4828@example.com,(414) 555-4828,Kenosha,WI,53140,,Sam,,,
Jamie,Davis4829,jamie.davis4829@example.com,(414) 555-4829,Appleton,WI,54911,,,,,
Cameron,Hernandez4830,cameron.hernandez4830@example.com,(414) 555-4830,Milwaukee,WI,53202,Hernandez Properties,Pat,two kids,new roof last year,sump pump check
Drew,Wilson4831,drew.wilson4831@example.com,(414) 555-4831,Waukesha,WI,53186,,Chris,dog named Buddy,loves gardening,insurance deductible question
Reese,Taylor4832,reese.taylor4832@example.com,(414) 555-4832,Racine,WI,53403,,Alex,parents nearby,just remodeled kitchen,tree trim quote
Skyler,Martin4833,skyler.martin4833@example.com,(414) 555-4833,Madison,WI,53703,Martin Properties,Sam,,,
Parker,Williams4834,parker.williams4834@example.com,(414) 555-4834,Green Bay,WI,54301,,,,,
Blake,Garcia4835,blake.garcia4835@example.com,(414) 555-4835,Chicago,IL,60611,,Pat,two kids,new roof last year,sump pump check
Hayden,Rodriguez4836,hayden.rodriguez4836@example.com,(414) 555-4836,Evanston,IL,60201,Rodriguez Properties,Chris,dog named Buddy,loves gardening,insurance deductible question
Rowan,Lopez4837,rowan.lopez4837@example.com,(414) 555-4837,Brookfield,WI,53005,,Alex,parents nearby,just remodeled kitchen,tree trim quote
Sawyer,Anderson4838,sawyer.anderson4838@example.com,(414) 555-4838,Kenosha,WI,53140,,Sam,,,
Finley,Moore4839,finley.moore4839@example.com,(414) 555-4839,Appleton,WI,54911,Moore Properties,,,,
Alex,Smith4840,alex.smith4840@example.com,(414) 555-4840,Milwaukee,WI,53202,,Pat,two kids,new roof last year,sump pump check
Jordan,Brown4841,jordan.brown4841@example.com,(414) 555-4841,Waukesha,WI,53186,,Chris,dog named Buddy,loves gardening,insurance deductible question
Sam,Miller4842,sam.miller4842@example.com,(414) 555-4842,Racine,WI,53403,Miller Properties,Alex,parents nearby,just remodeled kitchen,tree trim quote
Taylor,Martinez4843,taylor.martinez4843@example.com,(414) 555-4843,Madison,WI,53703,,Sam,,,
Casey,Gonzalez4844,casey.gonzalez4844@example.com,(414) 555-4844,Green Bay,WI,54301,,,,,
Riley,Thomas4845,riley.thomas4845@example.com,(414) 555-4845,Chicago,IL,60611,Thomas Properties,Pat,two kids,new roof last year,sump pump check
Morgan,Jackson4846,morgan.jackson4846@example.com,(414) 555-4846,Evanston,IL,60201,,Chris,dog named Buddy,loves gardening,insurance deductible question
Avery,Johnson4847,avery.johnson4847@example.com,(414) 555-4847,Brookfield,WI,53005,,Alex,parents nearby,just remodeled kitchen,tree trim quote
Quinn,Jones4848,quinn.jones4848@example.com,(414) 555-4848,Kenosha,WI,53140,Jones Properties,Sam,,,
Jamie,Davis4849,jamie.davis4849@example.com,(414) 555-4849,Appleton,WI,54911,,,,,
Cameron,Hernandez4850,cameron.hernandez4850@example.com,(414) 555-4850,Milwaukee,WI,53202,,Pat,two kids,new roof last year,sump pump check
Drew,Wilson4851,drew.wilson4851@example.com,(414) 555-4851,Waukesha,WI,53186,Wilson Properties,Chris,dog named Buddy,loves gardening,insurance deductible question
Reese,Taylor4852,reese.taylor4852@example.com,(414) 555-4852,Racine,WI,53403,,Alex,parents nearby,just remodeled kitchen,tree trim quote
Skyler,Martin4853,skyler.martin4853@example.com,(414) 555-4853,Madison,WI,53703,,Sam,,,
Parker,Williams4854,parker.williams4854@example.com,(414) 555-4854,Green Bay,WI,54301,Williams Properties,,,,
Blake,Garcia4855,blake.garcia4855@example.com,(414) 555-4855,Chicago,IL,60611,,Pat,two kids,new roof last year,sump pump check
Hayden,Rodriguez4856,hayden.rodriguez4856@example.com,(414) 555-4856,Evanston,IL,60201,,Chris,dog named Buddy,loves gardening,insurance deductible question
Rowan,Lopez4857,rowan.lopez4857@example.com,(414) 555-4857,Brookfield,WI,53005,Lopez Properties,Alex,parents nearby,just remodeled kitchen,tree trim quote
Sawyer,Anderson4858,sawyer.anderson4858@example.com,(414) 555-4858,Kenosha,WI,53140,,Sam,,,
Finley,Moore4859,finley.moore4859@example.com,(414) 555-4859,Appleton,WI,54911,,,,,
Alex,Smith4860,alex.smith4860@example.com,(414) 555-4860,Milwaukee,WI,53202,Smith Properties,Pat,two kids,new roof last year,sump pump check
Jordan,Brown4861,jordan.brown4861@example.com,(414) 555-4861,Waukesha,WI,53186,,Chris,dog named Buddy,loves gardening,insurance deductible question
Sam,Miller4862,sam.miller4862@example.com,(414) 555-4862,Racine,WI,53403,,Alex,parents nearby,just remodeled kitchen,tree trim quote
Taylor,Martinez4863,taylor.martinez4863@example.com,(414) 555-4863,Madison,WI,53703,Martinez Properties,Sam,,,
Casey,Gonzalez4864,casey.gonzalez4864@example.com,(414) 555-4864,Green Bay,WI,54301,,,,,
Riley,Thomas4865,riley.thomas4865@example.com,(414) 555-4865,Chicago,IL,60611,,Pat,two kids,new roof last year,sump pump check
Morgan,Jackson4866,morgan.jackson4866@example.com,(414) 555-4866,Evanston,IL,60201,Jackson Properties,Chris,dog named Buddy,loves gardening,insurance deductible question
Avery,Johnson4867,avery.johnson4867@example.com,(414) 555-4867,Brookfield,WI,53005,,Alex,parents nearby,just remodeled kitchen,tree trim quote
Quinn,Jones4868,quinn.jones4868@example.com,(414) 555-4868,Kenosha,WI,53140,,Sam,,,
Jamie,Davis4869,jamie.davis4869@example.com,(414) 555-4869,Appleton,WI,54911,Davis Properties,,,,
Cameron,Hernandez4870,cameron.hernandez4870@example.com,(414) 555-4870,Milwaukee,WI,53202,,Pat,two kids,new roof last year,sump pump check
Drew,Wilson4871,drew.wilson4871@example.com,(414) 555-4871,Waukesha,WI,53186,,Chris,dog named Buddy,loves gardening,insurance deductible question
Reese,Taylor4872,reese.taylor4872@example.com,(414) 555-4872,Racine,WI,53403,Taylor Properties,Alex,parents nearby,just remodeled kitchen,tree trim quote
Skyler,Martin4873,skyler.martin4873@example.com,(414) 555-4873,Madison,WI,53703,,Sam,,,
Parker,Williams4874,parker.williams4874@example.com,(414) 555-4874,Green Bay,WI,54301,,,,,
Blake,Garcia4875,blake.garcia4875@example.com,(414) 555-4875,Chicago,IL,60611,Garcia Properties,Pat,two kids,new roof last year,sump pump check
Hayden,Rodriguez4876,hayden.rodriguez4876@example.com,(414) 555-4876,Evanston,IL,60201,,Chris,dog named Buddy,loves gardening,insurance deductible question
Rowan,Lopez4877,rowan.lopez4877@example.com,(414) 555-4877,Brookfield,WI,53005,,Alex,parents nearby,just remodeled kitchen,tree trim quote
Sawyer,Anderson4878,sawyer.anderson4878@example.com,(414) 555-4878,Kenosha,WI,53140,Anderson Properties,Sam,,,
Finley,Moore4879,finley.moore4879@example.com,(414) 555-4879,Appleton,WI,54911,,,,,
Alex,Smith4880,alex.smith4880@example.com,(414) 555-4880,Milwaukee,WI,53202,,Pat,two kids,new roof last year,sump pump check
Jordan,Brown4881,jordan.brown4881@example.com,(414) 555-4881,Waukesha,WI,53186,Brown Properties,Chris,dog named Buddy,loves gardening,insurance deductible question
Sam,Miller4882,sam.miller4882@example.com,(414) 555-4882,Racine,WI,53403,,Alex,parents nearby,just remodeled kitchen,tree trim quote
Taylor,Martinez4883,taylor.martinez4883@example.com,(414) 555-4883,Madison,WI,53703,,Sam,,,
Casey,Gonzalez4884,casey.gonzalez4884@example.com,(414) 555-4884,Green Bay,WI,54301,Gonzalez Properties,,,,
Riley,Thomas4885,riley.thomas4885@example.com,(414) 555-4885,Chicago,IL,60611,,Pat,two kids,new roof last year,sump pump check
Morgan,Jackson4886,morgan.jackson4886@example.com,(414) 555-4886,Evanston,IL,60201,,Chris,dog named Buddy,loves gardening,insurance deductible question
Avery,Johnson4887,avery.johnson4887@example.com,(414) 555-4887,Brookfield,WI,53005,Johnson Properties,Alex,parents nearby,just remodeled kitchen,tree trim quote
Quinn,Jones4888,quinn.jones4888@example.com,(414) 555-4888,Kenosha,WI,53140,,Sam,,,
Jamie,Davis4889,jamie.davis4889@example.com,(414) 555-4889,Appleton,WI,54911,,,,,
Cameron,Hernandez4890,cameron.hernandez4890@example.com,(414) 555-4890,Milwaukee,WI,53202,Hernandez Properties,Pat,two kids,new roof last year,sump pump check
Drew,Wilson4891,drew.wilson4891@example.com,(414) 555-4891,Waukesha,WI,53186,,Chris,dog named Buddy,loves gardening,insurance deductible question
Reese,Taylor4892,reese.taylor4892@example.com,(414) 555-4892,Racine,WI,53403,,Alex,parents nearby,just remodeled kitchen,tree trim quote
Skyler,Martin4893,skyler.martin4893@example.com,(414) 555-4893,Madison,WI,53703,Martin Properties,Sam,,,
Parker,Williams4894,parker.williams4894@example.com,(414) 555-4894,Green Bay,WI,54301,,,,,
Blake,Garcia4895,blake.garcia4895@example.com,(414) 555-4895,Chicago,IL,60611,,Pat,two kids,new roof last year,sump pump check
Hayden,Rodriguez4896,hayden.rodriguez4896@example.com,(414) 555-4896,Evanston,IL,60201,Rodriguez Properties,Chris,dog named Buddy,loves gardening,insurance deductible question
Rowan,Lopez4897,rowan.lopez4897@example.com,(414) 555-4897,Brookfield,WI,53005,,Alex,parents nearby,just remodeled kitchen,tree trim quote
Sawyer,Anderson4898,sawyer.anderson4898@example.com,(414) 555-4898,Kenosha,WI,53140,,Sam,,,
Finley,Moore4899,finley.moore4899@example.com,(414) 555-4899,Appleton,WI,54911,Moore Properties,,,,
Alex,Smith4900,alex.smith4900@example.com,(414) 555-4900,Milwaukee,WI,53202,,Pat,two kids,new roof last year,sump pump check
Jordan,Brown4901,jordan.brown4901@example.com,(414) 555-4901,Waukesha,WI,53186,,Chris,dog named Buddy,loves gardening,insurance deductible question
Sam,Miller4902,sam.miller4902@example.com,(414) 555-4902,Racine,WI,53403,Miller Properties,Alex,parents nearby,just remodeled kitchen,tree trim quote
Taylor,Martinez4903,taylor.martinez4903@example.com,(414) 555-4903,Madison,WI,53703,,Sam,,,
Casey,Gonzalez4904,casey.gonzalez4904@example.com,(414) 555-4904,Green Bay,WI,54301,,,,,
Riley,Thomas4905,riley.thomas4905@example.com,(414) 555-4905,Chicago,IL,60611,Thomas Properties,Pat,two kids,new roof last year,sump pump check
Morgan,Jackson4906,morgan.jackson4906@example.com,(414) 555-4906,Evanston,IL,60201,,Chris,dog named Buddy,loves gardening,insurance deductible question
Avery,Johnson4907,avery.johnson4907@example.com,(414) 555-4907,Brookfield,WI,53005,,Alex,parents nearby,just remodeled kitchen,tree trim quote
Quinn,Jones4908,quinn.jones4908@example.com,(414) 555-4908,Kenosha,WI,53140,Jones Properties,Sam,,,
Jamie,Davis4909,jamie.davis4909@example.com,(414) 555-4909,Appleton,WI,54911,,,,,
Cameron,Hernandez4910,cameron.hernandez4910@example.com,(414) 555-4910,Milwaukee,WI,53202,,Pat,two kids,new roof last year,sump pump check
Drew,Wilson4911,drew.wilson4911@example.com,(414) 555-4911,Waukesha,WI,53186,Wilson Properties,Chris,dog named Buddy,loves gardening,insurance deductible question
Reese,Taylor4912,reese.taylor4912@example.com,(414) 555-4912,Racine,WI,53403,,Alex,parents nearby,just remodeled kitchen,tree trim quote
Skyler,Martin4913,skyler.martin4913@example.com,(414) 555-4913,Madison,WI,53703,,Sam,,,
Parker,Williams4914,parker.williams4914@example.com,(414) 555-4914,Green Bay,WI,54301,Williams Properties,,,,
Blake,Garcia4915,blake.garcia4915@example.com,(414) 555-4915,Chicago,IL,60611,,Pat,two kids,new roof last year,sump pump check
Hayden,Rodriguez4916,hayden.rodriguez4916@example.com,(414) 555-4916,Evanston,IL,60201,,Chris,dog named Buddy,loves gardening,insurance deductible question
Rowan,Lopez4917,rowan.lopez4917@example.com,(414) 555-4917,Brookfield,WI,53005,Lopez Properties,Alex,parents nearby,just remodeled kitchen,tree trim quote
Sawyer,Anderson4918,sawyer.anderson4918@example.com,(414) 555-4918,Kenosha,WI,53140,,Sam,,,
Finley,Moore4919,finley.moore4919@example.com,(414) 555-4919,Appleton,WI,54911,,,,,
Alex,Smith4920,alex.smith4920@example.com,(414) 555-4920,Milwaukee,WI,53202,Smith Properties,Pat,two kids,new roof last year,sump pump check
Jordan,Brown4921,jordan.brown4921@example.com,(414) 555-4921,Waukesha,WI,53186,,Chris,dog named Buddy,loves gardening,insurance deductible question
Sam,Miller4922,sam.miller4922@example.com,(414) 555-4922,Racine,WI,53403,,Alex,parents nearby,just remodeled kitchen,tree trim quote
Taylor,Martinez4923,taylor.martinez4923@example.com,(414) 555-4923,Madison,WI,53703,Martinez Properties,Sam,,,
Casey,Gonzalez4924,casey.gonzalez4924@example.com,(414) 555-4924,Green Bay,WI,54301,,,,,
Riley,Thomas4925,riley.thomas4925@example.com,(414) 555-4925,Chicago,IL,60611,,Pat,two kids,new roof last year,sump pump check
Morgan,Jackson4926,morgan.jackson4926@example.com,(414) 555-4926,Evanston,IL,60201,Jackson Properties,Chris,dog named Buddy,loves gardening,insurance deductible question
Avery,Johnson4927,avery.johnson4927@example.com,(414) 555-4927,Brookfield,WI,53005,,Alex,parents nearby,just remodeled kitchen,tree trim quote
Quinn,Jones4928,quinn.jones4928@example.com,(414) 555-4928,Kenosha,WI,53140,,Sam,,,
Jamie,Davis4929,jamie.davis4929@example.com,(414) 555-4929,Appleton,WI,54911,Davis Properties,,,,
Cameron,Hernandez4930,cameron.hernandez4930@example.com,(414) 555-4930,Milwaukee,WI,53202,,Pat,two kids,new roof last year,sump pump check
Drew,Wilson4931,drew.wilson4931@example.com,(414) 555-4931,Waukesha,WI,53186,,Chris,dog named Buddy,loves gardening,insurance deductible question
Reese,Taylor4932,reese.taylor4932@example.com,(414) 555-4932,Racine,WI,53403,Taylor Properties,Alex,parents nearby,just remodeled kitchen,tree trim quote
Skyler,Martin4933,skyler.martin4933@example.com,(414) 555-4933,Madison,WI,53703,,Sam,,,
Parker,Williams4934,parker.williams4934@example.com,(414) 555-4934,Green Bay,WI,54301,,,,,
Blake,Garcia4935,blake.garcia4935@example.com,(414) 555-4935,Chicago,IL,60611,Garcia Properties,Pat,two kids,new roof last year,sump pump check
Hayden,Rodriguez4936,hayden.rodriguez4936@example.com,(414) 555-4936,Evanston,IL,60201,,Chris,dog named Buddy,loves gardening,insurance deductible question
Rowan,Lopez4937,rowan.lopez4937@example.com,(414) 555-4937,Brookfield,WI,53005,,Alex,parents nearby,just remodeled kitchen,tree trim quote
Sawyer,Anderson4938,sawyer.anderson4938@example.com,(414) 555-4938,Kenosha,WI,53140,Anderson Properties,Sam,,,
Finley,Moore4939,finley.moore4939@example.com,(414) 555-4939,Appleton,WI,54911,,,,,
Alex,Smith4940,alex.smith4940@example.com,(414) 555-4940,Milwaukee,WI,53202,,Pat,two kids,new roof last year,sump pump check
Jordan,Brown4941,jordan.brown4941@example.com,(414) 555-4941,Waukesha,WI,53186,Brown Properties,Chris,dog named Buddy,loves gardening,insurance deductible question
Sam,Miller4942,sam.miller4942@example.com,(414) 555-4942,Racine,WI,53403,,Alex,parents nearby,just remodeled kitchen,tree trim quote
Taylor,Martinez4943,taylor.martinez4943@example.com,(414) 555-4943,Madison,WI,53703,,Sam,,,
Casey,Gonzalez4944,casey.gonzalez4944@example.com,(414) 555-4944,Green Bay,WI,54301,Gonzalez Properties,,,,
Riley,Thomas4945,riley.thomas4945@example.com,(414) 555-4945,Chicago,IL,60611,,Pat,two kids,new roof last year,sump pump check
Morgan,Jackson4946,morgan.jackson4946@example.com,(414) 555-4946,Evanston,IL,60201,,Chris,dog named Buddy,loves gardening,insurance deductible question
Avery,Johnson4947,avery.johnson4947@example.com,(414) 555-4947,Brookfield,WI,53005,Johnson Properties,Alex,parents nearby,just remodeled kitchen,tree trim quote
Quinn,Jones4948,quinn.jones4948@example.com,(414) 555-4948,Kenosha,WI,53140,,Sam,,,
Jamie,Davis4949,jamie.davis4949@example.com,(414) 555-4949,Appleton,WI,54911,,,,,
Cameron,Hernandez4950,cameron.hernandez4950@example.com,(414) 555-4950,Milwaukee,WI,53202,Hernandez Properties,Pat,two kids,new roof last year,sump pump check
Drew,Wilson4951,drew.wilson4951@example.com,(414) 555-4951,Waukesha,WI,53186,,Chris,dog named Buddy,loves gardening,insurance deductible question
Reese,Taylor4952,reese.taylor4952@example.com,(414) 555-4952,Racine,WI,53403,,Alex,parents nearby,just remodeled kitchen,tree trim quote
Skyler,Martin4953,skyler.martin4953@example.com,(414) 555-4953,Madison,WI,53703,Martin Properties,Sam,,,
Parker,Williams4954,parker.williams4954@example.com,(414) 555-4954,Green Bay,WI,54301,,,,,
Blake,Garcia4955,blake.garcia4955@example.com,(414) 555-4955,Chicago,IL,60611,,Pat,two kids,new roof last year,sump pump check
Hayden,Rodriguez4956,hayden.rodriguez4956@example.com,(414) 555-4956,Evanston,IL,60201,Rodriguez Properties,Chris,dog named Buddy,loves gardening,insurance deductible question
Rowan,Lopez4957,rowan.lopez4957@example.com,(414) 555-4957,Brookfield,WI,53005,,Alex,parents nearby,just remodeled kitchen,tree trim quote
Sawyer,Anderson4958,sawyer.anderson4958@example.com,(414) 555-4958,Kenosha,WI,53140,,Sam,,,
Finley,Moore4959,finley.moore4959@example.com,(414) 555-4959,Appleton,WI,54911,Moore Properties,,,,
Alex,Smith4960,alex.smith4960@example.com,(414) 555-4960,Milwaukee,WI,53202,,Pat,two kids,new roof last year,sump pump check
Jordan,Brown4961,jordan.brown4961@example.com,(414) 555-4961,Waukesha,WI,53186,,Chris,dog named Buddy,loves gardening,insurance deductible question
Sam,Miller4962,sam.miller4962@example.com,(414) 555-4962,Racine,WI,53403,Miller Properties,Alex,parents nearby,just remodeled kitchen,tree trim quote
Taylor,Martinez4963,taylor.martinez4963@example.com,(414) 555-4963,Madison,WI,53703,,Sam,,,
Casey,Gonzalez4964,casey.gonzalez4964@example.com,(414) 555-4964,Green Bay,WI,54301,,,,,
Riley,Thomas4965,riley.thomas4965@example.com,(414) 555-4965,Chicago,IL,60611,Thomas Properties,Pat,two kids,new roof last year,sump pump check
Morgan,Jackson4966,morgan.jackson4966@example.com,(414) 555-4966,Evanston,IL,60201,,Chris,dog named Buddy,loves gardening,insurance deductible question
Avery,Johnson4967,avery.johnson4967@example.com,(414) 555-4967,Brookfield,WI,53005,,Alex,parents nearby,just remodeled kitchen,tree trim quote
Quinn,Jones4968,quinn.jones4968@example.com,(414) 555-4968,Kenosha,WI,53140,Jones Properties,Sam,,,
Jamie,Davis4969,jamie.davis4969@example.com,(414) 555-4969,Appleton,WI,54911,,,,,
Cameron,Hernandez4970,cameron.hernandez4970@example.com,(414) 555-4970,Milwaukee,WI,53202,,Pat,two kids,new roof last year,sump pump check
Drew,Wilson4971,drew.wilson4971@example.com,(414) 555-4971,Waukesha,WI,53186,Wilson Properties,Chris,dog named Buddy,loves gardening,insurance deductible question
Reese,Taylor4972,reese.taylor4972@example.com,(414) 555-4972,Racine,WI,53403,,Alex,parents nearby,just remodeled kitchen,tree trim quote
Skyler,Martin4973,skyler.martin4973@example.com,(414) 555-4973,Madison,WI,53703,,Sam,,,
Parker,Williams4974,parker.williams4974@example.com,(414) 555-4974,Green Bay,WI,54301,Williams Properties,,,,
Blake,Garcia4975,blake.garcia4975@example.com,(414) 555-4975,Chicago,IL,60611,,Pat,two kids,new roof last year,sump pump check
Hayden,Rodriguez4976,hayden.rodriguez4976@example.com,(414) 555-4976,Evanston,IL,60201,,Chris,dog named Buddy,loves gardening,insurance deductible question
Rowan,Lopez4977,rowan.lopez4977@example.com,(414) 555-4977,Brookfield,WI,53005,Lopez Properties,Alex,parents nearby,just remodeled kitchen,tree trim quote
Sawyer,Anderson4978,sawyer.anderson4978@example.com,(414) 555-4978,Kenosha,WI,53140,,Sam,,,
Finley,Moore4979,finley.moore4979@example.com,(414) 555-4979,Appleton,WI,54911,,,,,
Alex,Smith4980,alex.smith4980@example.com,(414) 555-4980,Milwaukee,WI,53202,Smith Properties,Pat,two kids,new roof last year,sump pump check
Jordan,Brown4981,jordan.brown4981@example.com,(414) 555-4981,Waukesha,WI,53186,,Chris,dog named Buddy,loves gardening,insurance deductible question
Sam,Miller4982,sam.miller4982@example.com,(414) 555-4982,Racine,WI,53403,,Alex,parents nearby,just remodeled kitchen,tree trim quote
Taylor,Martinez4983,taylor.martinez4983@example.com,(414) 555-4983,Madison,WI,53703,Martinez Properties,Sam,,,
Casey,Gonzalez4984,casey.gonzalez4984@example.com,(414) 555-4984,Green Bay,WI,54301,,,,,
Riley,Thomas4985,riley.thomas4985@example.com,(414) 555-4985,Chicago,IL,60611,,Pat,two kids,new roof last year,sump pump check
Morgan,Jackson4986,morgan.jackson4986@example.com,(414) 555-4986,Evanston,IL,60201,Jackson Properties,Chris,dog named Buddy,loves gardening,insurance deductible question
Avery,Johnson4987,avery.johnson4987@example.com,(414) 555-4987,Brookfield,WI,53005,,Alex,parents nearby,just remodeled kitchen,tree trim quote
Quinn,Jones4988,quinn.jones4988@example.com,(414) 555-4988,Kenosha,WI,53140,,Sam,,,
Jamie,Davis4989,jamie.davis4989@example.com,(414) 555-4989,Appleton,WI,54911,Davis Properties,,,,
Cameron,Hernandez4990,cameron.hernandez4990@example.com,(414) 555-4990,Milwaukee,WI,53202,,Pat,two kids,new roof last year,sump pump check
Drew,Wilson4991,drew.wilson4991@example.com,(414) 555-4991,Waukesha,WI,53186,,Chris,dog named Buddy,loves gardening,insurance deductible question
Reese,Taylor4992,reese.taylor4992@example.com,(414) 555-4992,Racine,WI,53403,Taylor Properties,Alex,parents nearby,just remodeled kitchen,tree trim quote
Skyler,Martin4993,skyler.martin4993@example.com,(414) 555-4993,Madison,WI,53703,,Sam,,,
Parker,Williams4994,parker.williams4994@example.com,(414) 555-4994,Green Bay,WI,54301,,,,,
Blake,Garcia4995,blake.garcia4995@example.com,(414) 555-4995,Chicago,IL,60611,Garcia Properties,Pat,two kids,new roof last year,sump pump check
Hayden,Rodriguez4996,hayden.rodriguez4996@example.com,(414) 555-4996,Evanston,IL,60201,,Chris,dog named Buddy,loves gardening,insurance deductible question
Rowan,Lopez4997,rowan.lopez4997@example.com,(414) 555-4997,Brookfield,WI,53005,,Alex,parents nearby,just remodeled kitchen,tree trim quote
Sawyer,Anderson4998,sawyer.anderson4998@example.com,(414) 555-4998,Kenosha,WI,53140,Anderson Properties,Sam,,,
Finley,Moore4999,finley.moore4999@example.com,(414) 555-4999,Appleton,WI,54911,,,,,
Alex,Smith5000,alex.smith5000@example.com,(414) 555-5000,Milwaukee,WI,53202,,Pat,two kids,new roof last year,sump pump check
Jordan,Brown5001,jordan.brown5001@example.com,(414) 555-5001,Waukesha,WI,53186,Brown Properties,Chris,dog named Buddy,loves gardening,insurance deductible question
Sam,Miller5002,sam.miller5002@example.com,(414) 555-5002,Racine,WI,53403,,Alex,parents nearby,just remodeled kitchen,tree trim quote
Taylor,Martinez5003,taylor.martinez5003@example.com,(414) 555-5003,Madison,WI,53703,,Sam,,,
Casey,Gonzalez5004,casey.gonzalez5004@example.com,(414) 555-5004,Green Bay,WI,54301,Gonzalez Properties,,,,
Riley,Thomas5005,riley.thomas5005@example.com,(414) 555-5005,Chicago,IL,60611,,Pat,two kids,new roof last year,sump pump check
Morgan,Jackson5006,morgan.jackson5006@example.com,(414) 555-5006,Evanston,IL,60201,,Chris,dog named Buddy,loves gardening,insurance deductible question
Avery,Johnson5007,avery.johnson5007@example.com,(414) 555-5007,Brookfield,WI,53005,Johnson Properties,Alex,parents nearby,just remodeled kitchen,tree trim quote
Quinn,Jones5008,quinn.jones5008@example.com,(414) 555-5008,Kenosha,WI,53140,,Sam,,,
Jamie,Davis5009,jamie.davis5009@example.com,(414) 555-5009,Appleton,WI,54911,,,,,
Cameron,Hernandez5010,cameron.hernandez5010@example.com,(414) 555-5010,Milwaukee,WI,53202,Hernandez Properties,Pat,two kids,new roof last year,sump pump check
Drew,Wilson5011,drew.wilson5011@example.com,(414) 555-5011,Waukesha,WI,53186,,Chris,dog named Buddy,loves gardening,insurance deductible question
Reese,Taylor5012,reese.taylor5012@example.com,(414) 555-5012,Racine,WI,53403,,Alex,parents nearby,just remodeled kitchen,tree trim quote
Skyler,Martin5013,skyler.martin5013@example.com,(414) 555-5013,Madison,WI,53703,Martin Properties,Sam,,,
Parker,Williams5014,parker.williams5014@example.com,(414) 555-5014,Green Bay,WI,54301,,,,,
Blake,Garcia5015,blake.garcia5015@example.com,(414) 555-5015,Chicago,IL,60611,,Pat,two kids,new roof last year,sump pump check
Hayden,Rodriguez5016,hayden.rodriguez5016@example.com,(414) 555-5016,Evanston,IL,60201,Rodriguez Properties,Chris,dog named Buddy,loves gardening,insurance deductible question
Rowan,Lopez5017,rowan.lopez5017@example.com,(414) 555-5017,Brookfield,WI,53005,,Alex,parents nearby,just remodeled kitchen,tree trim quote
Sawyer,Anderson5018,sawyer.anderson5018@example.com,(414) 555-5018,Kenosha,WI,53140,,Sam,,,
Finley,Moore5019,finley.moore5019@example.com,(414) 555-5019,Appleton,WI,54911,Moore Properties,,,,
Alex,Smith5020,alex.smith5020@example.com,(414) 555-5020,Milwaukee,WI,53202,,Pat,two kids,new roof last year,sump pump check
Jordan,Brown5021,jordan.brown5021@example.com,(414) 555-5021,Waukesha,WI,53186,,Chris,dog named Buddy,loves gardening,insurance deductible question
Sam,Miller5022,sam.miller5022@example.com,(414) 555-5022,Racine,WI,53403,Miller Properties,Alex,parents nearby,just remodeled kitchen,tree trim quote
Taylor,Martinez5023,taylor.martinez5023@example.com,(414) 555-5023,Madison,WI,53703,,Sam,,,
Casey,Gonzalez5024,casey.gonzalez5024@example.com,(414) 555-5024,Green Bay,WI,54301,,,,,
Riley,Thomas5025,riley.thomas5025@example.com,(414) 555-5025,Chicago,IL,60611,Thomas Properties,Pat,two kids,new roof last year,sump pump check
Morgan,Jackson5026,morgan.jackson5026@example.com,(414) 555-5026,Evanston,IL,60201,,Chris,dog named Buddy,loves gardening,insurance deductible question
Avery,Johnson5027,avery.johnson5027@example.com,(414) 555-5027,Brookfield,WI,53005,,Alex,parents nearby,just remodeled kitchen,tree trim quote
Quinn,Jones5028,quinn.jones5028@example.com,(414) 555-5028,Kenosha,WI,53140,Jones Properties,Sam,,,
Jamie,Davis5029,jamie.davis5029@example.com,(414) 555-5029,Appleton,WI,54911,,,,,
Cameron,Hernandez5030,cameron.hernandez5030@example.com,(414) 555-5030,Milwaukee,WI,53202,,Pat,two kids,new roof last year,sump pump check
Drew,Wilson5031,drew.wilson5031@example.com,(414) 555-5031,Waukesha,WI,53186,Wilson Properties,Chris,dog named Buddy,loves gardening,insurance deductible question
Reese,Taylor5032,reese.taylor5032@example.com,(414) 555-5032,Racine,WI,53403,,Alex,parents nearby,just remodeled kitchen,tree trim quote
Skyler,Martin5033,skyler.martin5033@example.com,(414) 555-5033,Madison,WI,53703,,Sam,,,
Parker,Williams5034,parker.williams5034@example.com,(414) 555-5034,Green Bay,WI,54301,Williams Properties,,,,
Blake,Garcia5035,blake.garcia5035@example.com,(414) 555-5035,Chicago,IL,60611,,Pat,two kids,new roof last year,sump pump check
Hayden,Rodriguez5036,hayden.rodriguez5036@example.com,(414) 555-5036,Evanston,IL,60201,,Chris,dog named Buddy,loves gardening,insurance deductible question
Rowan,Lopez5037,rowan.lopez5037@example.com,(414) 555-5037,Brookfield,WI,53005,Lopez Properties,Alex,parents nearby,just remodeled kitchen,tree trim quote
Sawyer,Anderson5038,sawyer.anderson5038@example.com,(414) 555-5038,Kenosha,WI,53140,,Sam,,,
Finley,Moore5039,finley.moore5039@example.com,(414) 555-5039,Appleton,WI,54911,,,,,
Alex,Smith5040,alex.smith5040@example.com,(414) 555-5040,Milwaukee,WI,53202,Smith Properties,Pat,two kids,new roof last year,sump pump check
Jordan,Brown5041,jordan.brown5041@example.com,(414) 555-5041,Waukesha,WI,53186,,Chris,dog named Buddy,loves gardening,insurance deductible question
Sam,Miller5042,sam.miller5042@example.com,(414) 555-5042,Racine,WI,53403,,Alex,parents nearby,just remodeled kitchen,tree trim quote
Taylor,Martinez5043,taylor.martinez5043@example.com,(414) 555-5043,Madison,WI,53703,Martinez Properties,Sam,,,
Casey,Gonzalez5044,casey.gonzalez5044@example.com,(414) 555-5044,Green Bay,WI,54301,,,,,
Riley,Thomas5045,riley.thomas5045@example.com,(414) 555-5045,Chicago,IL,60611,,Pat,two kids,new roof last year,sump pump check
Morgan,Jackson5046,morgan.jackson5046@example.com,(414) 555-5046,Evanston,IL,60201,Jackson Properties,Chris,dog named Buddy,loves gardening,insurance deductible question
Avery,Johnson5047,avery.johnson5047@example.com,(414) 555-5047,Brookfield,WI,53005,,Alex,parents nearby,just remodeled kitchen,tree trim quote
Quinn,Jones5048,quinn.jones5048@example.com,(414) 555-5048,Kenosha,WI,53140,,Sam,,,
Jamie,Davis5049,jamie.davis5049@example.com,(414) 555-5049,Appleton,WI,54911,Davis Properties,,,,
Cameron,Hernandez5050,cameron.hernandez5050@example.com,(414) 555-5050,Milwaukee,WI,53202,,Pat,two kids,new roof last year,sump pump check
Drew,Wilson5051,drew.wilson5051@example.com,(414) 555-5051,Waukesha,WI,53186,,Chris,dog named Buddy,loves gardening,insurance deductible question
Reese,Taylor5052,reese.taylor5052@example.com,(414) 555-5052,Racine,WI,53403,Taylor Properties,Alex,parents nearby,just remodeled kitchen,tree trim quote
Skyler,Martin5053,skyler.martin5053@example.com,(414) 555-5053,Madison,WI,53703,,Sam,,,
Parker,Williams5054,parker.williams5054@example.com,(414) 555-5054,Green Bay,WI,54301,,,,,
Blake,Garcia5055,blake.garcia5055@example.com,(414) 555-5055,Chicago,IL,60611,Garcia Properties,Pat,two kids,new roof last year,sump pump check
Hayden,Rodriguez5056,hayden.rodriguez5056@example.com,(414) 555-5056,Evanston,IL,60201,,Chris,dog named Buddy,loves gardening,insurance deductible question
Rowan,Lopez5057,rowan.lopez5057@example.com,(414) 555-5057,Brookfield,WI,53005,,Alex,parents nearby,just remodeled kitchen,tree trim quote
Sawyer,Anderson5058,sawyer.anderson5058@example.com,(414) 555-5058,Kenosha,WI,53140,Anderson Properties,Sam,,,
Finley,Moore5059,finley.moore5059@example.com,(414) 555-5059,Appleton,WI,54911,,,,,
Alex,Smith5060,alex.smith5060@example.com,(414) 555-5060,Milwaukee,WI,53202,,Pat,two kids,new roof last year,sump pump check
Jordan,Brown5061,jordan.brown5061@example.com,(414) 555-5061,Waukesha,WI,53186,Brown Properties,Chris,dog named Buddy,loves gardening,insurance deductible question
Sam,Miller5062,sam.miller5062@example.com,(414) 555-5062,Racine,WI,53403,,Alex,parents nearby,just remodeled kitchen,tree trim quote
Taylor,Martinez5063,taylor.martinez5063@example.com,(414) 555-5063,Madison,WI,53703,,Sam,,,
Casey,Gonzalez5064,casey.gonzalez5064@example.com,(414) 555-5064,Green Bay,WI,54301,Gonzalez Properties,,,,
Riley,Thomas5065,riley.thomas5065@example.com,(414) 555-5065,Chicago,IL,60611,,Pat,two kids,new roof last year,sump pump check
Morgan,Jackson5066,morgan.jackson5066@example.com,(414) 555-5066,Evanston,IL,60201,,Chris,dog named Buddy,loves gardening,insurance deductible question
Avery,Johnson5067,avery.johnson5067@example.com,(414) 555-5067,Brookfield,WI,53005,Johnson Properties,Alex,parents nearby,just remodeled kitchen,tree trim quote
Quinn,Jones5068,quinn.jones5068@example.com,(414) 555-5068,Kenosha,WI,53140,,Sam,,,
Jamie,Davis5069,jamie.davis5069@example.com,(414) 555-5069,Appleton,WI,54911,,,,,
Cameron,Hernandez5070,cameron.hernandez5070@example.com,(414) 555-5070,Milwaukee,WI,53202,Hernandez Properties,Pat,two kids,new roof last year,sump pump check
Drew,Wilson5071,drew.wilson5071@example.com,(414) 555-5071,Waukesha,WI,53186,,Chris,dog named Buddy,loves gardening,insurance deductible question
Reese,Taylor5072,reese.taylor5072@example.com,(414) 555-5072,Racine,WI,53403,,Alex,parents nearby,just remodeled kitchen,tree trim quote
Skyler,Martin5073,skyler.martin5073@example.com,(414) 555-5073,Madison,WI,53703,Martin Properties,Sam,,,
Parker,Williams5074,parker.williams5074@example.com,(414) 555-5074,Green Bay,WI,54301,,,,,
Blake,Garcia5075,blake.garcia5075@example.com,(414) 555-5075,Chicago,IL,60611,,Pat,two kids,new roof last year,sump pump check
Hayden,Rodriguez5076,hayden.rodriguez5076@example.com,(414) 555-5076,Evanston,IL,60201,Rodriguez Properties,Chris,dog named Buddy,loves gardening,insurance deductible question
Rowan,Lopez5077,rowan.lopez5077@example.com,(414) 555-5077,Brookfield,WI,53005,,Alex,parents nearby,just remodeled kitchen,tree trim quote
Sawyer,Anderson5078,sawyer.anderson5078@example.com,(414) 555-5078,Kenosha,WI,53140,,Sam,,,
Finley,Moore5079,finley.moore5079@example.com,(414) 555-5079,Appleton,WI,54911,Moore Properties,,,,
Alex,Smith5080,alex.smith5080@example.com,(414) 555-5080,Milwaukee,WI,53202,,Pat,two kids,new roof last year,sump pump check
Jordan,Brown5081,jordan.brown5081@example.com,(414) 555-5081,Waukesha,WI,53186,,Chris,dog named Buddy,loves gardening,insurance deductible question
Sam,Miller5082,sam.miller5082@example.com,(414) 555-5082,Racine,WI,53403,Miller Properties,Alex,parents nearby,just remodeled kitchen,tree trim quote
Taylor,Martinez5083,taylor.martinez5083@example.com,(414) 555-5083,Madison,WI,53703,,Sam,,,
Casey,Gonzalez5084,casey.gonzalez5084@example.com,(414) 555-5084,Green Bay,WI,54301,,,,,
Riley,Thomas5085,riley.thomas5085@example.com,(414) 555-5085,Chicago,IL,60611,Thomas Properties,Pat,two kids,new roof last year,sump pump check
Morgan,Jackson5086,morgan.jackson5086@example.com,(414) 555-5086,Evanston,IL,60201,,Chris,dog named Buddy,loves gardening,insurance deductible question
Avery,Johnson5087,avery.johnson5087@example.com,(414) 555-5087,Brookfield,WI,53005,,Alex,parents nearby,just remodeled kitchen,tree trim quote
Quinn,Jones5088,quinn.jones5088@example.com,(414) 555-5088,Kenosha,WI,53140,Jones Properties,Sam,,,
Jamie,Davis5089,jamie.davis5089@example.com,(414) 555-5089,Appleton,WI,54911,,,,,
Cameron,Hernandez5090,cameron.hernandez5090@example.com,(414) 555-5090,Milwaukee,WI,53202,,Pat,two kids,new roof last year,sump pump check
Drew,Wilson5091,drew.wilson5091@example.com,(414) 555-5091,Waukesha,WI,53186,Wilson Properties,Chris,dog named Buddy,loves gardening,insurance deductible question
Reese,Taylor5092,reese.taylor5092@example.com,(414) 555-5092,Racine,WI,53403,,Alex,parents nearby,just remodeled kitchen,tree trim quote
Skyler,Martin5093,skyler.martin5093@example.com,(414) 555-5093,Madison,WI,53703,,Sam,,,
Parker,Williams5094,parker.williams5094@example.com,(414) 555-5094,Green Bay,WI,54301,Williams Properties,,,,
Blake,Garcia5095,blake.garcia5095@example.com,(414) 555-5095,Chicago,IL,60611,,Pat,two kids,new roof last year,sump pump check
Hayden,Rodriguez5096,hayden.rodriguez5096@example.com,(414) 555-5096,Evanston,IL,60201,,Chris,dog named Buddy,loves gardening,insurance deductible question
Rowan,Lopez5097,rowan.lopez5097@example.com,(414) 555-5097,Brookfield,WI,53005,Lopez Properties,Alex,parents nearby,just remodeled kitchen,tree trim quote
Sawyer,Anderson5098,sawyer.anderson5098@example.com,(414) 555-5098,Kenosha,WI,53140,,Sam,,,
Finley,Moore5099,finley.moore5099@example.com,(414) 555-5099,Appleton,WI,54911,,,,,
Alex,Smith5100,alex.smith5100@example.com,(414) 555-5100,Milwaukee,WI,53202,Smith Properties,Pat,two kids,new roof last year,sump pump check
Jordan,Brown5101,jordan.brown5101@example.com,(414) 555-5101,Waukesha,WI,53186,,Chris,dog named Buddy,loves gardening,insurance deductible question
Sam,Miller5102,sam.miller5102@example.com,(414) 555-5102,Racine,WI,53403,,Alex,parents nearby,just remodeled kitchen,tree trim quote
Taylor,Martinez5103,taylor.martinez5103@example.com,(414) 555-5103,Madison,WI,53703,Martinez Properties,Sam,,,
Casey,Gonzalez5104,casey.gonzalez5104@example.com,(414) 555-5104,Green Bay,WI,54301,,,,,
Riley,Thomas5105,riley.thomas5105@example.com,(414) 555-5105,Chicago,IL,60611,,Pat,two kids,new roof last year,sump pump check
Morgan,Jackson5106,morgan.jackson5106@example.com,(414) 555-5106,Evanston,IL,60201,Jackson Properties,Chris,dog named Buddy,loves gardening,insurance deductible question
Avery,Johnson5107,avery.johnson5107@example.com,(414) 555-5107,Brookfield,WI,53005,,Alex,parents nearby,just remodeled kitchen,tree trim quote
Quinn,Jones5108,quinn.jones5108@example.com,(414) 555-5108,Kenosha,WI,53140,,Sam,,,
Jamie,Davis5109,jamie.davis5109@example.com,(414) 555-5109,Appleton,WI,54911,Davis Properties,,,,
Cameron,Hernandez5110,cameron.hernandez5110@example.com,(414) 555-5110,Milwaukee,WI,53202,,Pat,two kids,new roof last year,sump pump check
Drew,Wilson5111,drew.wilson5111@example.com,(414) 555-5111,Waukesha,WI,53186,,Chris,dog named Buddy,loves gardening,insurance deductible question
Reese,Taylor5112,reese.taylor5112@example.com,(414) 555-5112,Racine,WI,53403,Taylor Properties,Alex,parents nearby,just remodeled kitchen,tree trim quote
Skyler,Martin5113,skyler.martin5113@example.com,(414) 555-5113,Madison,WI,53703,,Sam,,,
Parker,Williams5114,parker.williams5114@example.com,(414) 555-5114,Green Bay,WI,54301,,,,,
Blake,Garcia5115,blake.garcia5115@example.com,(414) 555-5115,Chicago,IL,60611,Garcia Properties,Pat,two kids,new roof last year,sump pump check
Hayden,Rodriguez5116,hayden.rodriguez5116@example.com,(414) 555-5116,Evanston,IL,60201,,Chris,dog named Buddy,loves gardening,insurance deductible question
Rowan,Lopez5117,rowan.lopez5117@example.com,(414) 555-5117,Brookfield,WI,53005,,Alex,parents nearby,just remodeled kitchen,tree trim quote
Sawyer,Anderson5118,sawyer.anderson5118@example.com,(414) 555-5118,Kenosha,WI,53140,Anderson Properties,Sam,,,
Finley,Moore5119,finley.moore5119@example.com,(414) 555-5119,Appleton,WI,54911,,,,,
Alex,Smith5120,alex.smith5120@example.com,(414) 555-5120,Milwaukee,WI,53202,,Pat,two kids,new roof last year,sump pump check
Jordan,Brown5121,jordan.brown5121@example.com,(414) 555-5121,Waukesha,WI,53186,Brown Properties,Chris,dog named Buddy,loves gardening,insurance deductible question
Sam,Miller5122,sam.miller5122@example.com,(414) 555-5122,Racine,WI,53403,,Alex,parents nearby,just remodeled kitchen,tree trim quote
Taylor,Martinez5123,taylor.martinez5123@example.com,(414) 555-5123,Madison,WI,53703,,Sam,,,
Casey,Gonzalez5124,casey.gonzalez5124@example.com,(414) 555-5124,Green Bay,WI,54301,Gonzalez Properties,,,,
Riley,Thomas5125,riley.thomas5125@example.com,(414) 555-5125,Chicago,IL,60611,,Pat,two kids,new roof last year,sump pump check
Morgan,Jackson5126,morgan.jackson5126@example.com,(414) 555-5126,Evanston,IL,60201,,Chris,dog named Buddy,loves gardening,insurance deductible question
Avery,Johnson5127,avery.johnson5127@example.com,(414) 555-5127,Brookfield,WI,53005,Johnson Properties,Alex,parents nearby,just remodeled kitchen,tree trim quote
Quinn,Jones5128,quinn.jones5128@example.com,(414) 555-5128,Kenosha,WI,53140,,Sam,,,
Jamie,Davis5129,jamie.davis5129@example.com,(414) 555-5129,Appleton,WI,54911,,,,,
Cameron,Hernandez5130,cameron.hernandez5130@example.com,(414) 555-5130,Milwaukee,WI,53202,Hernandez Properties,Pat,two kids,new roof last year,sump pump check
Drew,Wilson5131,drew.wilson5131@example.com,(414) 555-5131,Waukesha,WI,53186,,Chris,dog named Buddy,loves gardening,insurance deductible question
Reese,Taylor5132,reese.taylor5132@example.com,(414) 555-5132,Racine,WI,53403,,Alex,parents nearby,just remodeled kitchen,tree trim quote
Skyler,Martin5133,skyler.martin5133@example.com,(414) 555-5133,Madison,WI,53703,Martin Properties,Sam,,,
Parker,Williams5134,parker.williams5134@example.com,(414) 555-5134,Green Bay,WI,54301,,,,,
Blake,Garcia5135,blake.garcia5135@example.com,(414) 555-5135,Chicago,IL,60611,,Pat,two kids,new roof last year,sump pump check
Hayden,Rodriguez5136,hayden.rodriguez5136@example.com,(414) 555-5136,Evanston,IL,60201,Rodriguez Properties,Chris,dog named Buddy,loves gardening,insurance deductible question
Rowan,Lopez5137,rowan.lopez5137@example.com,(414) 555-5137,Brookfield,WI,53005,,Alex,parents nearby,just remodeled kitchen,tree trim quote
Sawyer,Anderson5138,sawyer.anderson5138@example.com,(414) 555-5138,Kenosha,WI,53140,,Sam,,,
Finley,Moore5139,finley.moore5139@example.com,(414) 555-5139,Appleton,WI,54911,Moore Properties,,,,
Alex,Smith5140,alex.smith5140@example.com,(414) 555-5140,Milwaukee,WI,53202,,Pat,two kids,new roof last year,sump pump check
Jordan,Brown5141,jordan.brown5141@example.com,(414) 555-5141,Waukesha,WI,53186,,Chris,dog named Buddy,loves gardening,insurance deductible question
Sam,Miller5142,sam.miller5142@example.com,(414) 555-5142,Racine,WI,53403,Miller Properties,Alex,parents nearby,just remodeled kitchen,tree trim quote
Taylor,Martinez5143,taylor.martinez5143@example.com,(414) 555-5143,Madison,WI,53703,,Sam,,,
Casey,Gonzalez5144,casey.gonzalez5144@example.com,(414) 555-5144,Green Bay,WI,54301,,,,,
Riley,Thomas5145,riley.thomas5145@example.com,(414) 555-5145,Chicago,IL,60611,Thomas Properties,Pat,two kids,new roof last year,sump pump check
Morgan,Jackson5146,morgan.jackson5146@example.com,(414) 555-5146,Evanston,IL,60201,,Chris,dog named Buddy,loves gardening,insurance deductible question
Avery,Johnson5147,avery.johnson5147@example.com,(414) 555-5147,Brookfield,WI,53005,,Alex,parents nearby,just remodeled kitchen,tree trim quote
Quinn,Jones5148,quinn.jones5148@example.com,(414) 555-5148,Kenosha,WI,53140,Jones Properties,Sam,,,
Jamie,Davis5149,jamie.davis5149@example.com,(414) 555-5149,Appleton,WI,54911,,,,,
Cameron,Hernandez5150,cameron.hernandez5150@example.com,(414) 555-5150,Milwaukee,WI,53202,,Pat,two kids,new roof last year,sump pump check
Drew,Wilson5151,drew.wilson5151@example.com,(414) 555-5151,Waukesha,WI,53186,Wilson Properties,Chris,dog named Buddy,loves gardening,insurance deductible question
Reese,Taylor5152,reese.taylor5152@example.com,(414) 555-5152,Racine,WI,53403,,Alex,parents nearby,just remodeled kitchen,tree trim quote
Skyler,Martin5153,skyler.martin5153@example.com,(414) 555-5153,Madison,WI,53703,,Sam,,,
Parker,Williams5154,parker.williams5154@example.com,(414) 555-5154,Green Bay,WI,54301,Williams Properties,,,,
Blake,Garcia5155,blake.garcia5155@example.com,(414) 555-5155,Chicago,IL,60611,,Pat,two kids,new roof last year,sump pump check
Hayden,Rodriguez5156,hayden.rodriguez5156@example.com,(414) 555-5156,Evanston,IL,60201,,Chris,dog named Buddy,loves gardening,insurance deductible question
Rowan,Lopez5157,rowan.lopez5157@example.com,(414) 555-5157,Brookfield,WI,53005,Lopez Properties,Alex,parents nearby,just remodeled kitchen,tree trim quote
Sawyer,Anderson5158,sawyer.anderson5158@example.com,(414) 555-5158,Kenosha,WI,53140,,Sam,,,
Finley,Moore5159,finley.moore5159@example.com,(414) 555-5159,Appleton,WI,54911,,,,,
Alex,Smith5160,alex.smith5160@example.com,(414) 555-5160,Milwaukee,WI,53202,Smith Properties,Pat,two kids,new roof last year,sump pump check
Jordan,Brown5161,jordan.brown5161@example.com,(414) 555-5161,Waukesha,WI,53186,,Chris,dog named Buddy,loves gardening,insurance deductible question
Sam,Miller5162,sam.miller5162@example.com,(414) 555-5162,Racine,WI,53403,,Alex,parents nearby,just remodeled kitchen,tree trim quote
Taylor,Martinez5163,taylor.martinez5163@example.com,(414) 555-5163,Madison,WI,53703,Martinez Properties,Sam,,,
Casey,Gonzalez5164,casey.gonzalez5164@example.com,(414) 555-5164,Green Bay,WI,54301,,,,,
Riley,Thomas5165,riley.thomas5165@example.com,(414) 555-5165,Chicago,IL,60611,,Pat,two kids,new roof last year,sump pump check
Morgan,Jackson5166,morgan.jackson5166@example.com,(414) 555-5166,Evanston,IL,60201,Jackson Properties,Chris,dog named Buddy,loves gardening,insurance deductible question
Avery,Johnson5167,avery.johnson5167@example.com,(414) 555-5167,Brookfield,WI,53005,,Alex,parents nearby,just remodeled kitchen,tree trim quote
Quinn,Jones5168,quinn.jones5168@example.com,(414) 555-5168,Kenosha,WI,53140,,Sam,,,
Jamie,Davis5169,jamie.davis5169@example.com,(414) 555-5169,Appleton,WI,54911,Davis Properties,,,,
Cameron,Hernandez5170,cameron.hernandez5170@example.com,(414) 555-5170,Milwaukee,WI,53202,,Pat,two kids,new roof last year,sump pump check
Drew,Wilson5171,drew.wilson5171@example.com,(414) 555-5171,Waukesha,WI,53186,,Chris,dog named Buddy,loves gardening,insurance deductible question
Reese,Taylor5172,reese.taylor5172@example.com,(414) 555-5172,Racine,WI,53403,Taylor Properties,Alex,parents nearby,just remodeled kitchen,tree trim quote
Skyler,Martin5173,skyler.martin5173@example.com,(414) 555-5173,Madison,WI,53703,,Sam,,,
Parker,Williams5174,parker.williams5174@example.com,(414) 555-5174,Green Bay,WI,54301,,,,,
Blake,Garcia5175,blake.garcia5175@example.com,(414) 555-5175,Chicago,IL,60611,Garcia Properties,Pat,two kids,new roof last year,sump pump check
Hayden,Rodriguez5176,hayden.rodriguez5176@example.com,(414) 555-5176,Evanston,IL,60201,,Chris,dog named Buddy,loves gardening,insurance deductible question
Rowan,Lopez5177,rowan.lopez5177@example.com,(414) 555-5177,Brookfield,WI,53005,,Alex,parents nearby,just remodeled kitchen,tree trim quote
Sawyer,Anderson5178,sawyer.anderson5178@example.com,(414) 555-5178,Kenosha,WI,53140,Anderson Properties,Sam,,,
Finley,Moore5179,finley.moore5179@example.com,(414) 555-5179,Appleton,WI,54911,,,,,
Alex,Smith5180,alex.smith5180@example.com,(414) 555-5180,Milwaukee,WI,53202,,Pat,two kids,new roof last year,sump pump check
Jordan,Brown5181,jordan.brown5181@example.com,(414) 555-5181,Waukesha,WI,53186,Brown Properties,Chris,dog named Buddy,loves gardening,insurance deductible question
Sam,Miller5182,sam.miller5182@example.com,(414) 555-5182,Racine,WI,53403,,Alex,parents nearby,just remodeled kitchen,tree trim quote
Taylor,Martinez5183,taylor.martinez5183@example.com,(414) 555-5183,Madison,WI,53703,,Sam,,,
Casey,Gonzalez5184,casey.gonzalez5184@example.com,(414) 555-5184,Green Bay,WI,54301,Gonzalez Properties,,,,
Riley,Thomas5185,riley.thomas5185@example.com,(414) 555-5185,Chicago,IL,60611,,Pat,two kids,new roof last year,sump pump check
Morgan,Jackson5186,morgan.jackson5186@example.com,(414) 555-5186,Evanston,IL,60201,,Chris,dog named Buddy,loves gardening,insurance deductible question
Avery,Johnson5187,avery.johnson5187@example.com,(414) 555-5187,Brookfield,WI,53005,Johnson Properties,Alex,parents nearby,just remodeled kitchen,tree trim quote
Quinn,Jones5188,quinn.jones5188@example.com,(414) 555-5188,Kenosha,WI,53140,,Sam,,,
Jamie,Davis5189,jamie.davis5189@example.com,(414) 555-5189,Appleton,WI,54911,,,,,
Cameron,Hernandez5190,cameron.hernandez5190@example.com,(414) 555-5190,Milwaukee,WI,53202,Hernandez Properties,Pat,two kids,new roof last year,sump pump check
Drew,Wilson5191,drew.wilson5191@example.com,(414) 555-5191,Waukesha,WI,53186,,Chris,dog named Buddy,loves gardening,insurance deductible question
Reese,Taylor5192,reese.taylor5192@example.com,(414) 555-5192,Racine,WI,53403,,Alex,parents nearby,just remodeled kitchen,tree trim quote
Skyler,Martin5193,skyler.martin5193@example.com,(414) 555-5193,Madison,WI,53703,Martin Properties,Sam,,,
Parker,Williams5194,parker.williams5194@example.com,(414) 555-5194,Green Bay,WI,54301,,,,,
Blake,Garcia5195,blake.garcia5195@example.com,(414) 555-5195,Chicago,IL,60611,,Pat,two kids,new roof last year,sump pump check
Hayden,Rodriguez5196,hayden.rodriguez5196@example.com,(414) 555-5196,Evanston,IL,60201,Rodriguez Properties,Chris,dog named Buddy,loves gardening,insurance deductible question
Rowan,Lopez5197,rowan.lopez5197@example.com,(414) 555-5197,Brookfield,WI,53005,,Alex,parents nearby,just remodeled kitchen,tree trim quote
Sawyer,Anderson5198,sawyer.anderson5198@example.com,(414) 555-5198,Kenosha,WI,53140,,Sam,,,
Finley,Moore5199,finley.moore5199@example.com,(414) 555-5199,Appleton,WI,54911,Moore Properties,,,,
Alex,Smith5200,alex.smith5200@example.com,(414) 555-5200,Milwaukee,WI,53202,,Pat,two kids,new roof last year,sump pump check
Jordan,Brown5201,jordan.brown5201@example.com,(414) 555-5201,Waukesha,WI,53186,,Chris,dog named Buddy,loves gardening,insurance deductible question
Sam,Miller5202,sam.miller5202@example.com,(414) 555-5202,Racine,WI,53403,Miller Properties,Alex,parents nearby,just remodeled kitchen,tree trim quote
Taylor,Martinez5203,taylor.martinez5203@example.com,(414) 555-5203,Madison,WI,53703,,Sam,,,
Casey,Gonzalez5204,casey.gonzalez5204@example.com,(414) 555-5204,Green Bay,WI,54301,,,,,
Riley,Thomas5205,riley.thomas5205@example.com,(414) 555-5205,Chicago,IL,60611,Thomas Properties,Pat,two kids,new roof last year,sump pump check
Morgan,Jackson5206,morgan.jackson5206@example.com,(414) 555-5206,Evanston,IL,60201,,Chris,dog named Buddy,loves gardening,insurance deductible question
Avery,Johnson5207,avery.johnson5207@example.com,(414) 555-5207,Brookfield,WI,53005,,Alex,parents nearby,just remodeled kitchen,tree trim quote
Quinn,Jones5208,quinn.jones5208@example.com,(414) 555-5208,Kenosha,WI,53140,Jones Properties,Sam,,,
Jamie,Davis5209,jamie.davis5209@example.com,(414) 555-5209,Appleton,WI,54911,,,,,
Cameron,Hernandez5210,cameron.hernandez5210@example.com,(414) 555-5210,Milwaukee,WI,53202,,Pat,two kids,new roof last year,sump pump check
Drew,Wilson5211,drew.wilson5211@example.com,(414) 555-5211,Waukesha,WI,53186,Wilson Properties,Chris,dog named Buddy,loves gardening,insurance deductible question
Reese,Taylor5212,reese.taylor5212@example.com,(414) 555-5212,Racine,WI,53403,,Alex,parents nearby,just remodeled kitchen,tree trim quote
Skyler,Martin5213,skyler.martin5213@example.com,(414) 555-5213,Madison,WI,53703,,Sam,,,
Parker,Williams5214,parker.williams5214@example.com,(414) 555-5214,Green Bay,WI,54301,Williams Properties,,,,
Blake,Garcia5215,blake.garcia5215@example.com,(414) 555-5215,Chicago,IL,60611,,Pat,two kids,new roof last year,sump pump check
Hayden,Rodriguez5216,hayden.rodriguez5216@example.com,(414) 555-5216,Evanston,IL,60201,,Chris,dog named Buddy,loves gardening,insurance deductible question
Rowan,Lopez5217,rowan.lopez5217@example.com,(414) 555-5217,Brookfield,WI,53005,Lopez Properties,Alex,parents nearby,just remodeled kitchen,tree trim quote
Sawyer,Anderson5218,sawyer.anderson5218@example.com,(414) 555-5218,Kenosha,WI,53140,,Sam,,,
Finley,Moore5219,finley.moore5219@example.com,(414) 555-5219,Appleton,WI,54911,,,,,
Alex,Smith5220,alex.smith5220@example.com,(414) 555-5220,Milwaukee,WI,53202,Smith Properties,Pat,two kids,new roof last year,sump pump check
Jordan,Brown5221,jordan.brown5221@example.com,(414) 555-5221,Waukesha,WI,53186,,Chris,dog named Buddy,loves gardening,insurance deductible question
Sam,Miller5222,sam.miller5222@example.com,(414) 555-5222,Racine,WI,53403,,Alex,parents nearby,just remodeled kitchen,tree trim quote
Taylor,Martinez5223,taylor.martinez5223@example.com,(414) 555-5223,Madison,WI,53703,Martinez Properties,Sam,,,
Casey,Gonzalez5224,casey.gonzalez5224@example.com,(414) 555-5224,Green Bay,WI,54301,,,,,
Riley,Thomas5225,riley.thomas5225@example.com,(414) 555-5225,Chicago,IL,60611,,Pat,two kids,new roof last year,sump pump check
Morgan,Jackson5226,morgan.jackson5226@example.com,(414) 555-5226,Evanston,IL,60201,Jackson Properties,Chris,dog named Buddy,loves gardening,insurance deductible question
Avery,Johnson5227,avery.johnson5227@example.com,(414) 555-5227,Brookfield,WI,53005,,Alex,parents nearby,just remodeled kitchen,tree trim quote
Quinn,Jones5228,quinn.jones5228@example.com,(414) 555-5228,Kenosha,WI,53140,,Sam,,,
Jamie,Davis5229,jamie.davis5229@example.com,(414) 555-5229,Appleton,WI,54911,Davis Properties,,,,
Cameron,Hernandez5230,cameron.hernandez5230@example.com,(414) 555-5230,Milwaukee,WI,53202,,Pat,two kids,new roof last year,sump pump check
Drew,Wilson5231,drew.wilson5231@example.com,(414) 555-5231,Waukesha,WI,53186,,Chris,dog named Buddy,loves gardening,insurance deductible question
Reese,Taylor5232,reese.taylor5232@example.com,(414) 555-5232,Racine,WI,53403,Taylor Properties,Alex,parents nearby,just remodeled kitchen,tree trim quote
Skyler,Martin5233,skyler.martin5233@example.com,(414) 555-5233,Madison,WI,53703,,Sam,,,
Parker,Williams5234,parker.williams5234@example.com,(414) 555-5234,Green Bay,WI,54301,,,,,
Blake,Garcia5235,blake.garcia5235@example.com,(414) 555-5235,Chicago,IL,60611,Garcia Properties,Pat,two kids,new roof last year,sump pump check
Hayden,Rodriguez5236,hayden.rodriguez5236@example.com,(414) 555-5236,Evanston,IL,60201,,Chris,dog named Buddy,loves gardening,insurance deductible question
Rowan,Lopez5237,rowan.lopez5237@example.com,(414) 555-5237,Brookfield,WI,53005,,Alex,parents nearby,just remodeled kitchen,tree trim quote
Sawyer,Anderson5238,sawyer.anderson5238@example.com,(414) 555-5238,Kenosha,WI,53140,Anderson Properties,Sam,,,
Finley,Moore5239,finley.moore5239@example.com,(414) 555-5239,Appleton,WI,54911,,,,,
Alex,Smith5240,alex.smith5240@example.com,(414) 555-5240,Milwaukee,WI,53202,,Pat,two kids,new roof last year,sump pump check
Jordan,Brown5241,jordan.brown5241@example.com,(414) 555-5241,Waukesha,WI,53186,Brown Properties,Chris,dog named Buddy,loves gardening,insurance deductible question
Sam,Miller5242,sam.miller5242@example.com,(414) 555-5242,Racine,WI,53403,,Alex,parents nearby,just remodeled kitchen,tree trim quote
Taylor,Martinez5243,taylor.martinez5243@example.com,(414) 555-5243,Madison,WI,53703,,Sam,,,
Casey,Gonzalez5244,casey.gonzalez5244@example.com,(414) 555-5244,Green Bay,WI,54301,Gonzalez Properties,,,,
Riley,Thomas5245,riley.thomas5245@example.com,(414) 555-5245,Chicago,IL,60611,,Pat,two kids,new roof last year,sump pump check
Morgan,Jackson5246,morgan.jackson5246@example.com,(414) 555-5246,Evanston,IL,60201,,Chris,dog named Buddy,loves gardening,insurance deductible question
Avery,Johnson5247,avery.johnson5247@example.com,(414) 555-5247,Brookfield,WI,53005,Johnson Properties,Alex,parents nearby,just remodeled kitchen,tree trim quote
Quinn,Jones5248,quinn.jones5248@example.com,(414) 555-5248,Kenosha,WI,53140,,Sam,,,
Jamie,Davis5249,jamie.davis5249@example.com,(414) 555-5249,Appleton,WI,54911,,,,,
Cameron,Hernandez5250,cameron.hernandez5250@example.com,(414) 555-5250,Milwaukee,WI,53202,Hernandez Properties,Pat,two kids,new roof last year,sump pump check
Drew,Wilson5251,drew.wilson5251@example.com,(414) 555-5251,Waukesha,WI,53186,,Chris,dog named Buddy,loves gardening,insurance deductible question
Reese,Taylor5252,reese.taylor5252@example.com,(414) 555-5252,Racine,WI,53403,,Alex,parents nearby,just remodeled kitchen,tree trim quote
Skyler,Martin5253,skyler.martin5253@example.com,(414) 555-5253,Madison,WI,53703,Martin Properties,Sam,,,
Parker,Williams5254,parker.williams5254@example.com,(414) 555-5254,Green Bay,WI,54301,,,,,
Blake,Garcia5255,blake.garcia5255@example.com,(414) 555-5255,Chicago,IL,60611,,Pat,two kids,new roof last year,sump pump check
Hayden,Rodriguez5256,hayden.rodriguez5256@example.com,(414) 555-5256,Evanston,IL,60201,Rodriguez Properties,Chris,dog named Buddy,loves gardening,insurance deductible question
Rowan,Lopez5257,rowan.lopez5257@example.com,(414) 555-5257,Brookfield,WI,53005,,Alex,parents nearby,just remodeled kitchen,tree trim quote
Sawyer,Anderson5258,sawyer.anderson5258@example.com,(414) 555-5258,Kenosha,WI,53140,,Sam,,,
Finley,Moore5259,finley.moore5259@example.com,(414) 555-5259,Appleton,WI,54911,Moore Properties,,,,
Alex,Smith5260,alex.smith5260@example.com,(414) 555-5260,Milwaukee,WI,53202,,Pat,two kids,new roof last year,sump pump check
Jordan,Brown5261,jordan.brown5261@example.com,(414) 555-5261,Waukesha,WI,53186,,Chris,dog named Buddy,loves gardening,insurance deductible question
Sam,Miller5262,sam.miller5262@example.com,(414) 555-5262,Racine,WI,53403,Miller Properties,Alex,parents nearby,just remodeled kitchen,tree trim quote
Taylor,Martinez5263,taylor.martinez5263@example.com,(414) 555-5263,Madison,WI,53703,,Sam,,,
Casey,Gonzalez5264,casey.gonzalez5264@example.com,(414) 555-5264,Green Bay,WI,54301,,,,,
Riley,Thomas5265,riley.thomas5265@example.com,(414) 555-5265,Chicago,IL,60611,Thomas Properties,Pat,two kids,new roof last year,sump pump check
Morgan,Jackson5266,morgan.jackson5266@example.com,(414) 555-5266,Evanston,IL,60201,,Chris,dog named Buddy,loves gardening,insurance deductible question
Avery,Johnson5267,avery.johnson5267@example.com,(414) 555-5267,Brookfield,WI,53005,,Alex,parents nearby,just remodeled kitchen,tree trim quote
Quinn,Jones5268,quinn.jones5268@example.com,(414) 555-5268,Kenosha,WI,53140,Jones Properties,Sam,,,
Jamie,Davis5269,jamie.davis5269@example.com,(414) 555-5269,Appleton,WI,54911,,,,,
Cameron,Hernandez5270,cameron.hernandez5270@example.com,(414) 555-5270,Milwaukee,WI,53202,,Pat,two kids,new roof last year,sump pump check
Drew,Wilson5271,drew.wilson5271@example.com,(414) 555-5271,Waukesha,WI,53186,Wilson Properties,Chris,dog named Buddy,loves gardening,insurance deductible question
Reese,Taylor5272,reese.taylor5272@example.com,(414) 555-5272,Racine,WI,53403,,Alex,parents nearby,just remodeled kitchen,tree trim quote
Skyler,Martin5273,skyler.martin5273@example.com,(414) 555-5273,Madison,WI,53703,,Sam,,,
Parker,Williams5274,parker.williams5274@example.com,(414) 555-5274,Green Bay,WI,54301,Williams Properties,,,,
Blake,Garcia5275,blake.garcia5275@example.com,(414) 555-5275,Chicago,IL,60611,,Pat,two kids,new roof last year,sump pump check
Hayden,Rodriguez5276,hayden.rodriguez5276@example.com,(414) 555-5276,Evanston,IL,60201,,Chris,dog named Buddy,loves gardening,insurance deductible question
Rowan,Lopez5277,rowan.lopez5277@example.com,(414) 555-5277,Brookfield,WI,53005,Lopez Properties,Alex,parents nearby,just remodeled kitchen,tree trim quote
Sawyer,Anderson5278,sawyer.anderson5278@example.com,(414) 555-5278,Kenosha,WI,53140,,Sam,,,
Finley,Moore5279,finley.moore5279@example.com,(414) 555-5279,Appleton,WI,54911,,,,,
Alex,Smith5280,alex.smith5280@example.com,(414) 555-5280,Milwaukee,WI,53202,Smith Properties,Pat,two kids,new roof last year,sump pump check
Jordan,Brown5281,jordan.brown5281@example.com,(414) 555-5281,Waukesha,WI,53186,,Chris,dog named Buddy,loves gardening,insurance deductible question
Sam,Miller5282,sam.miller5282@example.com,(414) 555-5282,Racine,WI,53403,,Alex,parents nearby,just remodeled kitchen,tree trim quote
Taylor,Martinez5283,taylor.martinez5283@example.com,(414) 555-5283,Madison,WI,53703,Martinez Properties,Sam,,,
Casey,Gonzalez5284,casey.gonzalez5284@example.com,(414) 555-5284,Green Bay,WI,54301,,,,,
Riley,Thomas5285,riley.thomas5285@example.com,(414) 555-5285,Chicago,IL,60611,,Pat,two kids,new roof last year,sump pump check
Morgan,Jackson5286,morgan.jackson5286@example.com,(414) 555-5286,Evanston,IL,60201,Jackson Properties,Chris,dog named Buddy,loves gardening,insurance deductible question
Avery,Johnson5287,avery.johnson5287@example.com,(414) 555-5287,Brookfield,WI,53005,,Alex,parents nearby,just remodeled kitchen,tree trim quote
Quinn,Jones5288,quinn.jones5288@example.com,(414) 555-5288,Kenosha,WI,53140,,Sam,,,
Jamie,Davis5289,jamie.davis5289@example.com,(414) 555-5289,Appleton,WI,54911,Davis Properties,,,,
Cameron,Hernandez5290,cameron.hernandez5290@example.com,(414) 555-5290,Milwaukee,WI,53202,,Pat,two kids,new roof last year,sump pump check
Drew,Wilson5291,drew.wilson5291@example.com,(414) 555-5291,Waukesha,WI,53186,,Chris,dog named Buddy,loves gardening,insurance deductible question
Reese,Taylor5292,reese.taylor5292@example.com,(414) 555-5292,Racine,WI,53403,Taylor Properties,Alex,parents nearby,just remodeled kitchen,tree trim quote
Skyler,Martin5293,skyler.martin5293@example.com,(414) 555-5293,Madison,WI,53703,,Sam,,,
Parker,Williams5294,parker.williams5294@example.com,(414) 555-5294,Green Bay,WI,54301,,,,,
Blake,Garcia5295,blake.garcia5295@example.com,(414) 555-5295,Chicago,IL,60611,Garcia Properties,Pat,two kids,new roof last year,sump pump check
Hayden,Rodriguez5296,hayden.rodriguez5296@example.com,(414) 555-5296,Evanston,IL,60201,,Chris,dog named Buddy,loves gardening,insurance deductible question
Rowan,Lopez5297,rowan.lopez5297@example.com,(414) 555-5297,Brookfield,WI,53005,,Alex,parents nearby,just remodeled kitchen,tree trim quote
Sawyer,Anderson5298,sawyer.anderson5298@example.com,(414) 555-5298,Kenosha,WI,53140,Anderson Properties,Sam,,,
Finley,Moore5299,finley.moore5299@example.com,(414) 555-5299,Appleton,WI,54911,,,,,
Alex,Smith5300,alex.smith5300@example.com,(414) 555-5300,Milwaukee,WI,53202,,Pat,two kids,new roof last year,sump pump check
Jordan,Brown5301,jordan.brown5301@example.com,(414) 555-5301,Waukesha,WI,53186,Brown Properties,Chris,dog named Buddy,loves gardening,insurance deductible question
Sam,Miller5302,sam.miller5302@example.com,(414) 555-5302,Racine,WI,53403,,Alex,parents nearby,just remodeled kitchen,tree trim quote
Taylor,Martinez5303,taylor.martinez5303@example.com,(414) 555-5303,Madison,WI,53703,,Sam,,,
Casey,Gonzalez5304,casey.gonzalez5304@example.com,(414) 555-5304,Green Bay,WI,54301,Gonzalez Properties,,,,
Riley,Thomas5305,riley.thomas5305@example.com,(414) 555-5305,Chicago,IL,60611,,Pat,two kids,new roof last year,sump pump check
Morgan,Jackson5306,morgan.jackson5306@example.com,(414) 555-5306,Evanston,IL,60201,,Chris,dog named Buddy,loves gardening,insurance deductible question
Avery,Johnson5307,avery.johnson5307@example.com,(414) 555-5307,Brookfield,WI,53005,Johnson Properties,Alex,parents nearby,just remodeled kitchen,tree trim quote
Quinn,Jones5308,quinn.jones5308@example.com,(414) 555-5308,Kenosha,WI,53140,,Sam,,,
Jamie,Davis5309,jamie.davis5309@example.com,(414) 555-5309,Appleton,WI,54911,,,,,
Cameron,Hernandez5310,cameron.hernandez5310@example.com,(414) 555-5310,Milwaukee,WI,53202,Hernandez Properties,Pat,two kids,new roof last year,sump pump check
Drew,Wilson5311,drew.wilson5311@example.com,(414) 555-5311,Waukesha,WI,53186,,Chris,dog named Buddy,loves gardening,insurance deductible question
Reese,Taylor5312,reese.taylor5312@example.com,(414) 555-5312,Racine,WI,53403,,Alex,parents nearby,just remodeled kitchen,tree trim quote
Skyler,Martin5313,skyler.martin5313@example.com,(414) 555-5313,Madison,WI,53703,Martin Properties,Sam,,,
Parker,Williams5314,parker.williams5314@example.com,(414) 555-5314,Green Bay,WI,54301,,,,,
Blake,Garcia5315,blake.garcia5315@example.com,(414) 555-5315,Chicago,IL,60611,,Pat,two kids,new roof last year,sump pump check
Hayden,Rodriguez5316,hayden.rodriguez5316@example.com,(414) 555-5316,Evanston,IL,60201,Rodriguez Properties,Chris,dog named Buddy,loves gardening,insurance deductible question
Rowan,Lopez5317,rowan.lopez5317@example.com,(414) 555-5317,Brookfield,WI,53005,,Alex,parents nearby,just remodeled kitchen,tree trim quote
Sawyer,Anderson5318,sawyer.anderson5318@example.com,(414) 555-5318,Kenosha,WI,53140,,Sam,,,
Finley,Moore5319,finley.moore5319@example.com,(414) 555-5319,Appleton,WI,54911,Moore Properties,,,,
Alex,Smith5320,alex.smith5320@example.com,(414) 555-5320,Milwaukee,WI,53202,,Pat,two kids,new roof last year,sump pump check
Jordan,Brown5321,jordan.brown5321@example.com,(414) 555-5321,Waukesha,WI,53186,,Chris,dog named Buddy,loves gardening,insurance deductible question
Sam,Miller5322,sam.miller5322@example.com,(414) 555-5322,Racine,WI,53403,Miller Properties,Alex,parents nearby,just remodeled kitchen,tree trim quote
Taylor,Martinez5323,taylor.martinez5323@example.com,(414) 555-5323,Madison,WI,53703,,Sam,,,
Casey,Gonzalez5324,casey.gonzalez5324@example.com,(414) 555-5324,Green Bay,WI,54301,,,,,
Riley,Thomas5325,riley.thomas5325@example.com,(414) 555-5325,Chicago,IL,60611,Thomas Properties,Pat,two kids,new roof last year,sump pump check
Morgan,Jackson5326,morgan.jackson5326@example.com,(414) 555-5326,Evanston,IL,60201,,Chris,dog named Buddy,loves gardening,insurance deductible question
Avery,Johnson5327,avery.johnson5327@example.com,(414) 555-5327,Brookfield,WI,53005,,Alex,parents nearby,just remodeled kitchen,tree trim quote
Quinn,Jones5328,quinn.jones5328@example.com,(414) 555-5328,Kenosha,WI,53140,Jones Properties,Sam,,,
Jamie,Davis5329,jamie.davis5329@example.com,(414) 555-5329,Appleton,WI,54911,,,,,
Cameron,Hernandez5330,cameron.hernandez5330@example.com,(414) 555-5330,Milwaukee,WI,53202,,Pat,two kids,new roof last year,sump pump check
Drew,Wilson5331,drew.wilson5331@example.com,(414) 555-5331,Waukesha,WI,53186,Wilson Properties,Chris,dog named Buddy,loves gardening,insurance deductible question
Reese,Taylor5332,reese.taylor5332@example.com,(414) 555-5332,Racine,WI,53403,,Alex,parents nearby,just remodeled kitchen,tree trim quote
Skyler,Martin5333,skyler.martin5333@example.com,(414) 555-5333,Madison,WI,53703,,Sam,,,
Parker,Williams5334,parker.williams5334@example.com,(414) 555-5334,Green Bay,WI,54301,Williams Properties,,,,
Blake,Garcia5335,blake.garcia5335@example.com,(414) 555-5335,Chicago,IL,60611,,Pat,two kids,new roof last year,sump pump check
Hayden,Rodriguez5336,hayden.rodriguez5336@example.com,(414) 555-5336,Evanston,IL,60201,,Chris,dog named Buddy,loves gardening,insurance deductible question
Rowan,Lopez5337,rowan.lopez5337@example.com,(414) 555-5337,Brookfield,WI,53005,Lopez Properties,Alex,parents nearby,just remodeled kitchen,tree trim quote
Sawyer,Anderson5338,sawyer.anderson5338@example.com,(414) 555-5338,Kenosha,WI,53140,,Sam,,,
Finley,Moore5339,finley.moore5339@example.com,(414) 555-5339,Appleton,WI,54911,,,,,
Alex,Smith5340,alex.smith5340@example.com,(414) 555-5340,Milwaukee,WI,53202,Smith Properties,Pat,two kids,new roof last year,sump pump check
Jordan,Brown5341,jordan.brown5341@example.com,(414) 555-5341,Waukesha,WI,53186,,Chris,dog named Buddy,loves gardening,insurance deductible question
Sam,Miller5342,sam.miller5342@example.com,(414) 555-5342,Racine,WI,53403,,Alex,parents nearby,just remodeled kitchen,tree trim quote
Taylor,Martinez5343,taylor.martinez5343@example.com,(414) 555-5343,Madison,WI,53703,Martinez Properties,Sam,,,
Casey,Gonzalez5344,casey.gonzalez5344@example.com,(414) 555-5344,Green Bay,WI,54301,,,,,
Riley,Thomas5345,riley.thomas5345@example.com,(414) 555-5345,Chicago,IL,60611,,Pat,two kids,new roof last year,sump pump check
Morgan,Jackson5346,morgan.jackson5346@example.com,(414) 555-5346,Evanston,IL,60201,Jackson Properties,Chris,dog named Buddy,loves gardening,insurance deductible question
Avery,Johnson5347,avery.johnson5347@example.com,(414) 555-5347,Brookfield,WI,53005,,Alex,parents nearby,just remodeled kitchen,tree trim quote
Quinn,Jones5348,quinn.jones5348@example.com,(414) 555-5348,Kenosha,WI,53140,,Sam,,,
Jamie,Davis5349,jamie.davis5349@example.com,(414) 555-5349,Appleton,WI,54911,Davis Properties,,,,
Cameron,Hernandez5350,cameron.hernandez5350@example.com,(414) 555-5350,Milwaukee,WI,53202,,Pat,two kids,new roof last year,sump pump check
Drew,Wilson5351,drew.wilson5351@example.com,(414) 555-5351,Waukesha,WI,53186,,Chris,dog named Buddy,loves gardening,insurance deductible question
Reese,Taylor5352,reese.taylor5352@example.com,(414) 555-5352,Racine,WI,53403,Taylor Properties,Alex,parents nearby,just remodeled kitchen,tree trim quote
Skyler,Martin5353,skyler.martin5353@example.com,(414) 555-5353,Madison,WI,53703,,Sam,,,
Parker,Williams5354,parker.williams5354@example.com,(414) 555-5354,Green Bay,WI,54301,,,,,
Blake,Garcia5355,blake.garcia5355@example.com,(414) 555-5355,Chicago,IL,60611,Garcia Properties,Pat,two kids,new roof last year,sump pump check
Hayden,Rodriguez5356,hayden.rodriguez5356@example.com,(414) 555-5356,Evanston,IL,60201,,Chris,dog named Buddy,loves gardening,insurance deductible question
Rowan,Lopez5357,rowan.lopez5357@example.com,(414) 555-5357,Brookfield,WI,53005,,Alex,parents nearby,just remodeled kitchen,tree trim quote
Sawyer,Anderson5358,sawyer.anderson5358@example.com,(414) 555-5358,Kenosha,WI,53140,Anderson Properties,Sam,,,
Finley,Moore5359,finley.moore5359@example.com,(414) 555-5359,Appleton,WI,54911,,,,,
Alex,Smith5360,alex.smith5360@example.com,(414) 555-5360,Milwaukee,WI,53202,,Pat,two kids,new roof last year,sump pump check
Jordan,Brown5361,jordan.brown5361@example.com,(414) 555-5361,Waukesha,WI,53186,Brown Properties,Chris,dog named Buddy,loves gardening,insurance deductible question
Sam,Miller5362,sam.miller5362@example.com,(414) 555-5362,Racine,WI,53403,,Alex,parents nearby,just remodeled kitchen,tree trim quote
Taylor,Martinez5363,taylor.martinez5363@example.com,(414) 555-5363,Madison,WI,53703,,Sam,,,
Casey,Gonzalez5364,casey.gonzalez5364@example.com,(414) 555-5364,Green Bay,WI,54301,Gonzalez Properties,,,,
Riley,Thomas5365,riley.thomas5365@example.com,(414) 555-5365,Chicago,IL,60611,,Pat,two kids,new roof last year,sump pump check
Morgan,Jackson5366,morgan.jackson5366@example.com,(414) 555-5366,Evanston,IL,60201,,Chris,dog named Buddy,loves gardening,insurance deductible question
Avery,Johnson5367,avery.johnson5367@example.com,(414) 555-5367,Brookfield,WI,53005,Johnson Properties,Alex,parents nearby,just remodeled kitchen,tree trim quote
Quinn,Jones5368,quinn.jones5368@example.com,(414) 555-5368,Kenosha,WI,53140,,Sam,,,
Jamie,Davis5369,jamie.davis5369@example.com,(414) 555-5369,Appleton,WI,54911,,,,,
Cameron,Hernandez5370,cameron.hernandez5370@example.com,(414) 555-5370,Milwaukee,WI,53202,Hernandez Properties,Pat,two kids,new roof last year,sump pump check
Drew,Wilson5371,drew.wilson5371@example.com,(414) 555-5371,Waukesha,WI,53186,,Chris,dog named Buddy,loves gardening,insurance deductible question
Reese,Taylor5372,reese.taylor5372@example.com,(414) 555-5372,Racine,WI,53403,,Alex,parents nearby,just remodeled kitchen,tree trim quote
Skyler,Martin5373,skyler.martin5373@example.com,(414) 555-5373,Madison,WI,53703,Martin Properties,Sam,,,
Parker,Williams5374,parker.williams5374@example.com,(414) 555-5374,Green Bay,WI,54301,,,,,
Blake,Garcia5375,blake.garcia5375@example.com,(414) 555-5375,Chicago,IL,60611,,Pat,two kids,new roof last year,sump pump check
Hayden,Rodriguez5376,hayden.rodriguez5376@example.com,(414) 555-5376,Evanston,IL,60201,Rodriguez Properties,Chris,dog named Buddy,loves gardening,insurance deductible question
Rowan,Lopez5377,rowan.lopez5377@example.com,(414) 555-5377,Brookfield,WI,53005,,Alex,parents nearby,just remodeled kitchen,tree trim quote
Sawyer,Anderson5378,sawyer.anderson5378@example.com,(414) 555-5378,Kenosha,WI,53140,,Sam,,,
Finley,Moore5379,finley.moore5379@example.com,(414) 555-5379,Appleton,WI,54911,Moore Properties,,,,
Alex,Smith5380,alex.smith5380@example.com,(414) 555-5380,Milwaukee,WI,53202,,Pat,two kids,new roof last year,sump pump check
Jordan,Brown5381,jordan.brown5381@example.com,(414) 555-5381,Waukesha,WI,53186,,Chris,dog named Buddy,loves gardening,insurance deductible question
Sam,Miller5382,sam.miller5382@example.com,(414) 555-5382,Racine,WI,53403,Miller Properties,Alex,parents nearby,just remodeled kitchen,tree trim quote
Taylor,Martinez5383,taylor.martinez5383@example.com,(414) 555-5383,Madison,WI,53703,,Sam,,,
Casey,Gonzalez5384,casey.gonzalez5384@example.com,(414) 555-5384,Green Bay,WI,54301,,,,,
Riley,Thomas5385,riley.thomas5385@example.com,(414) 555-5385,Chicago,IL,60611,Thomas Properties,Pat,two kids,new roof last year,sump pump check
Morgan,Jackson5386,morgan.jackson5386@example.com,(414) 555-5386,Evanston,IL,60201,,Chris,dog named Buddy,loves gardening,insurance deductible question
Avery,Johnson5387,avery.johnson5387@example.com,(414) 555-5387,Brookfield,WI,53005,,Alex,parents nearby,just remodeled kitchen,tree trim quote
Quinn,Jones5388,quinn.jones5388@example.com,(414) 555-5388,Kenosha,WI,53140,Jones Properties,Sam,,,
Jamie,Davis5389,jamie.davis5389@example.com,(414) 555-5389,Appleton,WI,54911,,,,,
Cameron,Hernandez5390,cameron.hernandez5390@example.com,(414) 555-5390,Milwaukee,WI,53202,,Pat,two kids,new roof last year,sump pump check
Drew,Wilson5391,drew.wilson5391@example.com,(414) 555-5391,Waukesha,WI,53186,Wilson Properties,Chris,dog named Buddy,loves gardening,insurance deductible question
Reese,Taylor5392,reese.taylor5392@example.com,(414) 555-5392,Racine,WI,53403,,Alex,parents nearby,just remodeled kitchen,tree trim quote
Skyler,Martin5393,skyler.martin5393@example.com,(414) 555-5393,Madison,WI,53703,,Sam,,,
Parker,Williams5394,parker.williams5394@example.com,(414) 555-5394,Green Bay,WI,54301,Williams Properties,,,,
Blake,Garcia5395,blake.garcia5395@example.com,(414) 555-5395,Chicago,IL,60611,,Pat,two kids,new roof last year,sump pump check
Hayden,Rodriguez5396,hayden.rodriguez5396@example.com,(414) 555-5396,Evanston,IL,60201,,Chris,dog named Buddy,loves gardening,insurance deductible question
Rowan,Lopez5397,rowan.lopez5397@example.com,(414) 555-5397,Brookfield,WI,53005,Lopez Properties,Alex,parents nearby,just remodeled kitchen,tree trim quote
Sawyer,Anderson5398,sawyer.anderson5398@example.com,(414) 555-5398,Kenosha,WI,53140,,Sam,,,
Finley,Moore5399,finley.moore5399@example.com,(414) 555-5399,Appleton,WI,54911,,,,,
Alex,Smith5400,alex.smith5400@example.com,(414) 555-5400,Milwaukee,WI,53202,Smith Properties,Pat,two kids,new roof last year,sump pump check
Jordan,Brown5401,jordan.brown5401@example.com,(414) 555-5401,Waukesha,WI,53186,,Chris,dog named Buddy,loves gardening,insurance deductible question
Sam,Miller5402,sam.miller5402@example.com,(414) 555-5402,Racine,WI,53403,,Alex,parents nearby,just remodeled kitchen,tree trim quote
Taylor,Martinez5403,taylor.martinez5403@example.com,(414) 555-5403,Madison,WI,53703,Martinez Properties,Sam,,,
Casey,Gonzalez5404,casey.gonzalez5404@example.com,(414) 555-5404,Green Bay,WI,54301,,,,,
Riley,Thomas5405,riley.thomas5405@example.com,(414) 555-5405,Chicago,IL,60611,,Pat,two kids,new roof last year,sump pump check
Morgan,Jackson5406,morgan.jackson5406@example.com,(414) 555-5406,Evanston,IL,60201,Jackson Properties,Chris,dog named Buddy,loves gardening,insurance deductible question
Avery,Johnson5407,avery.johnson5407@example.com,(414) 555-5407,Brookfield,WI,53005,,Alex,parents nearby,just remodeled kitchen,tree trim quote
Quinn,Jones5408,quinn.jones5408@example.com,(414) 555-5408,Kenosha,WI,53140,,Sam,,,
Jamie,Davis5409,jamie.davis5409@example.com,(414) 555-5409,Appleton,WI,54911,Davis Properties,,,,
Cameron,Hernandez5410,cameron.hernandez5410@example.com,(414) 555-5410,Milwaukee,WI,53202,,Pat,two kids,new roof last year,sump pump check
Drew,Wilson5411,drew.wilson5411@example.com,(414) 555-5411,Waukesha,WI,53186,,Chris,dog named Buddy,loves gardening,insurance deductible question
Reese,Taylor5412,reese.taylor5412@example.com,(414) 555-5412,Racine,WI,53403,Taylor Properties,Alex,parents nearby,just remodeled kitchen,tree trim quote
Skyler,Martin5413,skyler.martin5413@example.com,(414) 555-5413,Madison,WI,53703,,Sam,,,
Parker,Williams5414,parker.williams5414@example.com,(414) 555-5414,Green Bay,WI,54301,,,,,
Blake,Garcia5415,blake.garcia5415@example.com,(414) 555-5415,Chicago,IL,60611,Garcia Properties,Pat,two kids,new roof last year,sump pump check
Hayden,Rodriguez5416,hayden.rodriguez5416@example.com,(414) 555-5416,Evanston,IL,60201,,Chris,dog named Buddy,loves gardening,insurance deductible question
Rowan,Lopez5417,rowan.lopez5417@example.com,(414) 555-5417,Brookfield,WI,53005,,Alex,parents nearby,just remodeled kitchen,tree trim quote
Sawyer,Anderson5418,sawyer.anderson5418@example.com,(414) 555-5418,Kenosha,WI,53140,Anderson Properties,Sam,,,
Finley,Moore5419,finley.moore5419@example.com,(414) 555-5419,Appleton,WI,54911,,,,,
Alex,Smith5420,alex.smith5420@example.com,(414) 555-5420,Milwaukee,WI,53202,,Pat,two kids,new roof last year,sump pump check
Jordan,Brown5421,jordan.brown5421@example.com,(414) 555-5421,Waukesha,WI,53186,Brown Properties,Chris,dog named Buddy,loves gardening,insurance deductible question
Sam,Miller5422,sam.miller5422@example.com,(414) 555-5422,Racine,WI,53403,,Alex,parents nearby,just remodeled kitchen,tree trim quote
Taylor,Martinez5423,taylor.martinez5423@example.com,(414) 555-5423,Madison,WI,53703,,Sam,,,
Casey,Gonzalez5424,casey.gonzalez5424@example.com,(414) 555-5424,Green Bay,WI,54301,Gonzalez Properties,,,,
Riley,Thomas5425,riley.thomas5425@example.com,(414) 555-5425,Chicago,IL,60611,,Pat,two kids,new roof last year,sump pump check
Morgan,Jackson5426,morgan.jackson5426@example.com,(414) 555-5426,Evanston,IL,60201,,Chris,dog named Buddy,loves gardening,insurance deductible question
Avery,Johnson5427,avery.johnson5427@example.com,(414) 555-5427,Brookfield,WI,53005,Johnson Properties,Alex,parents nearby,just remodeled kitchen,tree trim quote
Quinn,Jones5428,quinn.jones5428@example.com,(414) 555-5428,Kenosha,WI,53140,,Sam,,,
Jamie,Davis5429,jamie.davis5429@example.com,(414) 555-5429,Appleton,WI,54911,,,,,
Cameron,Hernandez5430,cameron.hernandez5430@example.com,(414) 555-5430,Milwaukee,WI,53202,Hernandez Properties,Pat,two kids,new roof last year,sump pump check
Drew,Wilson5431,drew.wilson5431@example.com,(414) 555-5431,Waukesha,WI,53186,,Chris,dog named Buddy,loves gardening,insurance deductible question
Reese,Taylor5432,reese.taylor5432@example.com,(414) 555-5432,Racine,WI,53403,,Alex,parents nearby,just remodeled kitchen,tree trim quote
Skyler,Martin5433,skyler.martin5433@example.com,(414) 555-5433,Madison,WI,53703,Martin Properties,Sam,,,
Parker,Williams5434,parker.williams5434@example.com,(414) 555-5434,Green Bay,WI,54301,,,,,
Blake,Garcia5435,blake.garcia5435@example.com,(414) 555-5435,Chicago,IL,60611,,Pat,two kids,new roof last year,sump pump check
Hayden,Rodriguez5436,hayden.rodriguez5436@example.com,(414) 555-5436,Evanston,IL,60201,Rodriguez Properties,Chris,dog named Buddy,loves gardening,insurance deductible question
Rowan,Lopez5437,rowan.lopez5437@example.com,(414) 555-5437,Brookfield,WI,53005,,Alex,parents nearby,just remodeled kitchen,tree trim quote
Sawyer,Anderson5438,sawyer.anderson5438@example.com,(414) 555-5438,Kenosha,WI,53140,,Sam,,,
Finley,Moore5439,finley.moore5439@example.com,(414) 555-5439,Appleton,WI,54911,Moore Properties,,,,
Alex,Smith5440,alex.smith5440@example.com,(414) 555-5440,Milwaukee,WI,53202,,Pat,two kids,new roof last year,sump pump check
Jordan,Brown5441,jordan.brown5441@example.com,(414) 555-5441,Waukesha,WI,53186,,Chris,dog named Buddy,loves gardening,insurance deductible question
Sam,Miller5442,sam.miller5442@example.com,(414) 555-5442,Racine,WI,53403,Miller Properties,Alex,parents nearby,just remodeled kitchen,tree trim quote
Taylor,Martinez5443,taylor.martinez5443@example.com,(414) 555-5443,Madison,WI,53703,,Sam,,,
Casey,Gonzalez5444,casey.gonzalez5444@example.com,(414) 555-5444,Green Bay,WI,54301,,,,,
Riley,Thomas5445,riley.thomas5445@example.com,(414) 555-5445,Chicago,IL,60611,Thomas Properties,Pat,two kids,new roof last year,sump pump check
Morgan,Jackson5446,morgan.jackson5446@example.com,(414) 555-5446,Evanston,IL,60201,,Chris,dog named Buddy,loves gardening,insurance deductible question
Avery,Johnson5447,avery.johnson5447@example.com,(414) 555-5447,Brookfield,WI,53005,,Alex,parents nearby,just remodeled kitchen,tree trim quote
Quinn,Jones5448,quinn.jones5448@example.com,(414) 555-5448,Kenosha,WI,53140,Jones Properties,Sam,,,
Jamie,Davis5449,jamie.davis5449@example.com,(414) 555-5449,Appleton,WI,54911,,,,,
Cameron,Hernandez5450,cameron.hernandez5450@example.com,(414) 555-5450,Milwaukee,WI,53202,,Pat,two kids,new roof last year,sump pump check
Drew,Wilson5451,drew.wilson5451@example.com,(414) 555-5451,Waukesha,WI,53186,Wilson Properties,Chris,dog named Buddy,loves gardening,insurance deductible question
Reese,Taylor5452,reese.taylor5452@example.com,(414) 555-5452,Racine,WI,53403,,Alex,parents nearby,just remodeled kitchen,tree trim quote
Skyler,Martin5453,skyler.martin5453@example.com,(414) 555-5453,Madison,WI,53703,,Sam,,,
Parker,Williams5454,parker.williams5454@example.com,(414) 555-5454,Green Bay,WI,54301,Williams Properties,,,,
Blake,Garcia5455,blake.garcia5455@example.com,(414) 555-5455,Chicago,IL,60611,,Pat,two kids,new roof last year,sump pump check
Hayden,Rodriguez5456,hayden.rodriguez5456@example.com,(414) 555-5456,Evanston,IL,60201,,Chris,dog named Buddy,loves gardening,insurance deductible question
Rowan,Lopez5457,rowan.lopez5457@example.com,(414) 555-5457,Brookfield,WI,53005,Lopez Properties,Alex,parents nearby,just remodeled kitchen,tree trim quote
Sawyer,Anderson5458,sawyer.anderson5458@example.com,(414) 555-5458,Kenosha,WI,53140,,Sam,,,
Finley,Moore5459,finley.moore5459@example.com,(414) 555-5459,Appleton,WI,54911,,,,,
Alex,Smith5460,alex.smith5460@example.com,(414) 555-5460,Milwaukee,WI,53202,Smith Properties,Pat,two kids,new roof last year,sump pump check
Jordan,Brown5461,jordan.brown5461@example.com,(414) 555-5461,Waukesha,WI,53186,,Chris,dog named Buddy,loves gardening,insurance deductible question
Sam,Miller5462,sam.miller5462@example.com,(414) 555-5462,Racine,WI,53403,,Alex,parents nearby,just remodeled kitchen,tree trim quote
Taylor,Martinez5463,taylor.martinez5463@example.com,(414) 555-5463,Madison,WI,53703,Martinez Properties,Sam,,,
Casey,Gonzalez5464,casey.gonzalez5464@example.com,(414) 555-5464,Green Bay,WI,54301,,,,,
Riley,Thomas5465,riley.thomas5465@example.com,(414) 555-5465,Chicago,IL,60611,,Pat,two kids,new roof last year,sump pump check
Morgan,Jackson5466,morgan.jackson5466@example.com,(414) 555-5466,Evanston,IL,60201,Jackson Properties,Chris,dog named Buddy,loves gardening,insurance deductible question
Avery,Johnson5467,avery.johnson5467@example.com,(414) 555-5467,Brookfield,WI,53005,,Alex,parents nearby,just remodeled kitchen,tree trim quote
Quinn,Jones5468,quinn.jones5468@example.com,(414) 555-5468,Kenosha,WI,53140,,Sam,,,
Jamie,Davis5469,jamie.davis5469@example.com,(414) 555-5469,Appleton,WI,54911,Davis Properties,,,,
Cameron,Hernandez5470,cameron.hernandez5470@example.com,(414) 555-5470,Milwaukee,WI,53202,,Pat,two kids,new roof last year,sump pump check
Drew,Wilson5471,drew.wilson5471@example.com,(414) 555-5471,Waukesha,WI,53186,,Chris,dog named Buddy,loves gardening,insurance deductible question
Reese,Taylor5472,reese.taylor5472@example.com,(414) 555-5472,Racine,WI,53403,Taylor Properties,Alex,parents nearby,just remodeled kitchen,tree trim quote
Skyler,Martin5473,skyler.martin5473@example.com,(414) 555-5473,Madison,WI,53703,,Sam,,,
Parker,Williams5474,parker.williams5474@example.com,(414) 555-5474,Green Bay,WI,54301,,,,,
Blake,Garcia5475,blake.garcia5475@example.com,(414) 555-5475,Chicago,IL,60611,Garcia Properties,Pat,two kids,new roof last year,sump pump check
Hayden,Rodriguez5476,hayden.rodriguez5476@example.com,(414) 555-5476,Evanston,IL,60201,,Chris,dog named Buddy,loves gardening,insurance deductible question
Rowan,Lopez5477,rowan.lopez5477@example.com,(414) 555-5477,Brookfield,WI,53005,,Alex,parents nearby,just remodeled kitchen,tree trim quote
Sawyer,Anderson5478,sawyer.anderson5478@example.com,(414) 555-5478,Kenosha,WI,53140,Anderson Properties,Sam,,,
Finley,Moore5479,finley.moore5479@example.com,(414) 555-5479,Appleton,WI,54911,,,,,
Alex,Smith5480,alex.smith5480@example.com,(414) 555-5480,Milwaukee,WI,53202,,Pat,two kids,new roof last year,sump pump check
Jordan,Brown5481,jordan.brown5481@example.com,(414) 555-5481,Waukesha,WI,53186,Brown Properties,Chris,dog named Buddy,loves gardening,insurance deductible question
Sam,Miller5482,sam.miller5482@example.com,(414) 555-5482,Racine,WI,53403,,Alex,parents nearby,just remodeled kitchen,tree trim quote
Taylor,Martinez5483,taylor.martinez5483@example.com,(414) 555-5483,Madison,WI,53703,,Sam,,,
Casey,Gonzalez5484,casey.gonzalez5484@example.com,(414) 555-5484,Green Bay,WI,54301,Gonzalez Properties,,,,
Riley,Thomas5485,riley.thomas5485@example.com,(414) 555-5485,Chicago,IL,60611,,Pat,two kids,new roof last year,sump pump check
Morgan,Jackson5486,morgan.jackson5486@example.com,(414) 555-5486,Evanston,IL,60201,,Chris,dog named Buddy,loves gardening,insurance deductible question
Avery,Johnson5487,avery.johnson5487@example.com,(414) 555-5487,Brookfield,WI,53005,Johnson Properties,Alex,parents nearby,just remodeled kitchen,tree trim quote
Quinn,Jones5488,quinn.jones5488@example.com,(414) 555-5488,Kenosha,WI,53140,,Sam,,,
Jamie,Davis5489,jamie.davis5489@example.com,(414) 555-5489,Appleton,WI,54911,,,,,
Cameron,Hernandez5490,cameron.hernandez5490@example.com,(414) 555-5490,Milwaukee,WI,53202,Hernandez Properties,Pat,two kids,new roof last year,sump pump check
Drew,Wilson5491,drew.wilson5491@example.com,(414) 555-5491,Waukesha,WI,53186,,Chris,dog named Buddy,loves gardening,insurance deductible question
Reese,Taylor5492,reese.taylor5492@example.com,(414) 555-5492,Racine,WI,53403,,Alex,parents nearby,just remodeled kitchen,tree trim quote
Skyler,Martin5493,skyler.martin5493@example.com,(414) 555-5493,Madison,WI,53703,Martin Properties,Sam,,,
Parker,Williams5494,parker.williams5494@example.com,(414) 555-5494,Green Bay,WI,54301,,,,,
Blake,Garcia5495,blake.garcia5495@example.com,(414) 555-5495,Chicago,IL,60611,,Pat,two kids,new roof last year,sump pump check
Hayden,Rodriguez5496,hayden.rodriguez5496@example.com,(414) 555-5496,Evanston,IL,60201,Rodriguez Properties,Chris,dog named Buddy,loves gardening,insurance deductible question
Rowan,Lopez5497,rowan.lopez5497@example.com,(414) 555-5497,Brookfield,WI,53005,,Alex,parents nearby,just remodeled kitchen,tree trim quote
Sawyer,Anderson5498,sawyer.anderson5498@example.com,(414) 555-5498,Kenosha,WI,53140,,Sam,,,
Finley,Moore5499,finley.moore5499@example.com,(414) 555-5499,Appleton,WI,54911,Moore Properties,,,,
Alex,Smith5500,alex.smith5500@example.com,(414) 555-5500,Milwaukee,WI,53202,,Pat,two kids,new roof last year,sump pump check
Jordan,Brown5501,jordan.brown5501@example.com,(414) 555-5501,Waukesha,WI,53186,,Chris,dog named Buddy,loves gardening,insurance deductible question
Sam,Miller5502,sam.miller5502@example.com,(414) 555-5502,Racine,WI,53403,Miller Properties,Alex,parents nearby,just remodeled kitchen,tree trim quote
Taylor,Martinez5503,taylor.martinez5503@example.com,(414) 555-5503,Madison,WI,53703,,Sam,,,
Casey,Gonzalez5504,casey.gonzalez5504@example.com,(414) 555-5504,Green Bay,WI,54301,,,,,
Riley,Thomas5505,riley.thomas5505@example.com,(414) 555-5505,Chicago,IL,60611,Thomas Properties,Pat,two kids,new roof last year,sump pump check
Morgan,Jackson5506,morgan.jackson5506@example.com,(414) 555-5506,Evanston,IL,60201,,Chris,dog named Buddy,loves gardening,insurance deductible question
Avery,Johnson5507,avery.johnson5507@example.com,(414) 555-5507,Brookfield,WI,53005,,Alex,parents nearby,just remodeled kitchen,tree trim quote
Quinn,Jones5508,quinn.jones5508@example.com,(414) 555-5508,Kenosha,WI,53140,Jones Properties,Sam,,,
Jamie,Davis5509,jamie.davis5509@example.com,(414) 555-5509,Appleton,WI,54911,,,,,
Cameron,Hernandez5510,cameron.hernandez5510@example.com,(414) 555-5510,Milwaukee,WI,53202,,Pat,two kids,new roof last year,sump pump check
Drew,Wilson5511,drew.wilson5511@example.com,(414) 555-5511,Waukesha,WI,53186,Wilson Properties,Chris,dog named Buddy,loves gardening,insurance deductible question
Reese,Taylor5512,reese.taylor5512@example.com,(414) 555-5512,Racine,WI,53403,,Alex,parents nearby,just remodeled kitchen,tree trim quote
Skyler,Martin5513,skyler.martin5513@example.com,(414) 555-5513,Madison,WI,53703,,Sam,,,
Parker,Williams5514,parker.williams5514@example.com,(414) 555-5514,Green Bay,WI,54301,Williams Properties,,,,
Blake,Garcia5515,blake.garcia5515@example.com,(414) 555-5515,Chicago,IL,60611,,Pat,two kids,new roof last year,sump pump check
Hayden,Rodriguez5516,hayden.rodriguez5516@example.com,(414) 555-5516,Evanston,IL,60201,,Chris,dog named Buddy,loves gardening,insurance deductible question
Rowan,Lopez5517,rowan.lopez5517@example.com,(414) 555-5517,Brookfield,WI,53005,Lopez Properties,Alex,parents nearby,just remodeled kitchen,tree trim quote
Sawyer,Anderson5518,sawyer.anderson5518@example.com,(414) 555-5518,Kenosha,WI,53140,,Sam,,,
Finley,Moore5519,finley.moore5519@example.com,(414) 555-5519,Appleton,WI,54911,,,,,
Alex,Smith5520,alex.smith5520@example.com,(414) 555-5520,Milwaukee,WI,53202,Smith Properties,Pat,two kids,new roof last year,sump pump check
Jordan,Brown5521,jordan.brown5521@example.com,(414) 555-5521,Waukesha,WI,53186,,Chris,dog named Buddy,loves gardening,insurance deductible question
Sam,Miller5522,sam.miller5522@example.com,(414) 555-5522,Racine,WI,53403,,Alex,parents nearby,just remodeled kitchen,tree trim quote
Taylor,Martinez5523,taylor.martinez5523@example.com,(414) 555-5523,Madison,WI,53703,Martinez Properties,Sam,,,
Casey,Gonzalez5524,casey.gonzalez5524@example.com,(414) 555-5524,Green Bay,WI,54301,,,,,
Riley,Thomas5525,riley.thomas5525@example.com,(414) 555-5525,Chicago,IL,60611,,Pat,two kids,new roof last year,sump pump check
Morgan,Jackson5526,morgan.jackson5526@example.com,(414) 555-5526,Evanston,IL,60201,Jackson Properties,Chris,dog named Buddy,loves gardening,insurance deductible question
Avery,Johnson5527,avery.johnson5527@example.com,(414) 555-5527,Brookfield,WI,53005,,Alex,parents nearby,just remodeled kitchen,tree trim quote
Quinn,Jones5528,quinn.jones5528@example.com,(414) 555-5528,Kenosha,WI,53140,,Sam,,,
Jamie,Davis5529,jamie.davis5529@example.com,(414) 555-5529,Appleton,WI,54911,Davis Properties,,,,
Cameron,Hernandez5530,cameron.hernandez5530@example.com,(414) 555-5530,Milwaukee,WI,53202,,Pat,two kids,new roof last year,sump pump check
Drew,Wilson5531,drew.wilson5531@example.com,(414) 555-5531,Waukesha,WI,53186,,Chris,dog named Buddy,loves gardening,insurance deductible question
Reese,Taylor5532,reese.taylor5532@example.com,(414) 555-5532,Racine,WI,53403,Taylor Properties,Alex,parents nearby,just remodeled kitchen,tree trim quote
Skyler,Martin5533,skyler.martin5533@example.com,(414) 555-5533,Madison,WI,53703,,Sam,,,
Parker,Williams5534,parker.williams5534@example.com,(414) 555-5534,Green Bay,WI,54301,,,,,
Blake,Garcia5535,blake.garcia5535@example.com,(414) 555-5535,Chicago,IL,60611,Garcia Properties,Pat,two kids,new roof last year,sump pump check
Hayden,Rodriguez5536,hayden.rodriguez5536@example.com,(414) 555-5536,Evanston,IL,60201,,Chris,dog named Buddy,loves gardening,insurance deductible question
Rowan,Lopez5537,rowan.lopez5537@example.com,(414) 555-5537,Brookfield,WI,53005,,Alex,parents nearby,just remodeled kitchen,tree trim quote
Sawyer,Anderson5538,sawyer.anderson5538@example.com,(414) 555-5538,Kenosha,WI,53140,Anderson Properties,Sam,,,
Finley,Moore5539,finley.moore5539@example.com,(414) 555-5539,Appleton,WI,54911,,,,,
Alex,Smith5540,alex.smith5540@example.com,(414) 555-5540,Milwaukee,WI,53202,,Pat,two kids,new roof last year,sump pump check
Jordan,Brown5541,jordan.brown5541@example.com,(414) 555-5541,Waukesha,WI,53186,Brown Properties,Chris,dog named Buddy,loves gardening,insurance deductible question
Sam,Miller5542,sam.miller5542@example.com,(414) 555-5542,Racine,WI,53403,,Alex,parents nearby,just remodeled kitchen,tree trim quote
Taylor,Martinez5543,taylor.martinez5543@example.com,(414) 555-5543,Madison,WI,53703,,Sam,,,
Casey,Gonzalez5544,casey.gonzalez5544@example.com,(414) 555-5544,Green Bay,WI,54301,Gonzalez Properties,,,,
Riley,Thomas5545,riley.thomas5545@example.com,(414) 555-5545,Chicago,IL,60611,,Pat,two kids,new roof last year,sump pump check
Morgan,Jackson5546,morgan.jackson5546@example.com,(414) 555-5546,Evanston,IL,60201,,Chris,dog named Buddy,loves gardening,insurance deductible question
Avery,Johnson5547,avery.johnson5547@example.com,(414) 555-5547,Brookfield,WI,53005,Johnson Properties,Alex,parents nearby,just remodeled kitchen,tree trim quote
Quinn,Jones5548,quinn.jones5548@example.com,(414) 555-5548,Kenosha,WI,53140,,Sam,,,
Jamie,Davis5549,jamie.davis5549@example.com,(414) 555-5549,Appleton,WI,54911,,,,,
Cameron,Hernandez5550,cameron.hernandez5550@example.com,(414) 555-5550,Milwaukee,WI,53202,Hernandez Properties,Pat,two kids,new roof last year,sump pump check
Drew,Wilson5551,drew.wilson5551@example.com,(414) 555-5551,Waukesha,WI,53186,,Chris,dog named Buddy,loves gardening,insurance deductible question
Reese,Taylor5552,reese.taylor5552@example.com,(414) 555-5552,Racine,WI,53403,,Alex,parents nearby,just remodeled kitchen,tree trim quote
Skyler,Martin5553,skyler.martin5553@example.com,(414) 555-5553,Madison,WI,53703,Martin Properties,Sam,,,
Parker,Williams5554,parker.williams5554@example.com,(414) 555-5554,Green Bay,WI,54301,,,,,
Blake,Garcia5555,blake.garcia5555@example.com,(414) 555-5555,Chicago,IL,60611,,Pat,two kids,new roof last year,sump pump check
Hayden,Rodriguez5556,hayden.rodriguez5556@example.com,(414) 555-5556,Evanston,IL,60201,Rodriguez Properties,Chris,dog named Buddy,loves gardening,insurance deductible question
Rowan,Lopez5557,rowan.lopez5557@example.com,(414) 555-5557,Brookfield,WI,53005,,Alex,parents nearby,just remodeled kitchen,tree trim quote
Sawyer,Anderson5558,sawyer.anderson5558@example.com,(414) 555-5558,Kenosha,WI,53140,,Sam,,,
Finley,Moore5559,finley.moore5559@example.com,(414) 555-5559,Appleton,WI,54911,Moore Properties,,,,
Alex,Smith5560,alex.smith5560@example.com,(414) 555-5560,Milwaukee,WI,53202,,Pat,two kids,new roof last year,sump pump check
Jordan,Brown5561,jordan.brown5561@example.com,(414) 555-5561,Waukesha,WI,53186,,Chris,dog named Buddy,loves gardening,insurance deductible question
Sam,Miller5562,sam.miller5562@example.com,(414) 555-5562,Racine,WI,53403,Miller Properties,Alex,parents nearby,just remodeled kitchen,tree trim quote
Taylor,Martinez5563,taylor.martinez5563@example.com,(414) 555-5563,Madison,WI,53703,,Sam,,,
Casey,Gonzalez5564,casey.gonzalez5564@example.com,(414) 555-5564,Green Bay,WI,54301,,,,,
Riley,Thomas5565,riley.thomas5565@example.com,(414) 555-5565,Chicago,IL,60611,Thomas Properties,Pat,two kids,new roof last year,sump pump check
Morgan,Jackson5566,morgan.jackson5566@example.com,(414) 555-5566,Evanston,IL,60201,,Chris,dog named Buddy,loves gardening,insurance deductible question
Avery,Johnson5567,avery.johnson5567@example.com,(414) 555-5567,Brookfield,WI,53005,,Alex,parents nearby,just remodeled kitchen,tree trim quote
Quinn,Jones5568,quinn.jones5568@example.com,(414) 555-5568,Kenosha,WI,53140,Jones Properties,Sam,,,
Jamie,Davis5569,jamie.davis5569@example.com,(414) 555-5569,Appleton,WI,54911,,,,,
Cameron,Hernandez5570,cameron.hernandez5570@example.com,(414) 555-5570,Milwaukee,WI,53202,,Pat,two kids,new roof last year,sump pump check
Drew,Wilson5571,drew.wilson5571@example.com,(414) 555-5571,Waukesha,WI,53186,Wilson Properties,Chris,dog named Buddy,loves gardening,insurance deductible question
Reese,Taylor5572,reese.taylor5572@example.com,(414) 555-5572,Racine,WI,53403,,Alex,parents nearby,just remodeled kitchen,tree trim quote
Skyler,Martin5573,skyler.martin5573@example.com,(414) 555-5573,Madison,WI,53703,,Sam,,,
Parker,Williams5574,parker.williams5574@example.com,(414) 555-5574,Green Bay,WI,54301,Williams Properties,,,,
Blake,Garcia5575,blake.garcia5575@example.com,(414) 555-5575,Chicago,IL,60611,,Pat,two kids,new roof last year,sump pump check
Hayden,Rodriguez5576,hayden.rodriguez5576@example.com,(414) 555-5576,Evanston,IL,60201,,Chris,dog named Buddy,loves gardening,insurance deductible question
Rowan,Lopez5577,rowan.lopez5577@example.com,(414) 555-5577,Brookfield,WI,53005,Lopez Properties,Alex,parents nearby,just remodeled kitchen,tree trim quote
Sawyer,Anderson5578,sawyer.anderson5578@example.com,(414) 555-5578,Kenosha,WI,53140,,Sam,,,
Finley,Moore5579,finley.moore5579@example.com,(414) 555-5579,Appleton,WI,54911,,,,,
Alex,Smith5580,alex.smith5580@example.com,(414) 555-5580,Milwaukee,WI,53202,Smith Properties,Pat,two kids,new roof last year,sump pump check
Jordan,Brown5581,jordan.brown5581@example.com,(414) 555-5581,Waukesha,WI,53186,,Chris,dog named Buddy,loves gardening,insurance deductible question
Sam,Miller5582,sam.miller5582@example.com,(414) 555-5582,Racine,WI,53403,,Alex,parents nearby,just remodeled kitchen,tree trim quote
Taylor,Martinez5583,taylor.martinez5583@example.com,(414) 555-5583,Madison,WI,53703,Martinez Properties,Sam,,,
Casey,Gonzalez5584,casey.gonzalez5584@example.com,(414) 555-5584,Green Bay,WI,54301,,,,,
Riley,Thomas5585,riley.thomas5585@example.com,(414) 555-5585,Chicago,IL,60611,,Pat,two kids,new roof last year,sump pump check
Morgan,Jackson5586,morgan.jackson5586@example.com,(414) 555-5586,Evanston,IL,60201,Jackson Properties,Chris,dog named Buddy,loves gardening,insurance deductible question
Avery,Johnson5587,avery.johnson5587@example.com,(414) 555-5587,Brookfield,WI,53005,,Alex,parents nearby,just remodeled kitchen,tree trim quote
Quinn,Jones5588,quinn.jones5588@example.com,(414) 555-5588,Kenosha,WI,53140,,Sam,,,
Jamie,Davis5589,jamie.davis5589@example.com,(414) 555-5589,Appleton,WI,54911,Davis Properties,,,,
Cameron,Hernandez5590,cameron.hernandez5590@example.com,(414) 555-5590,Milwaukee,WI,53202,,Pat,two kids,new roof last year,sump pump check
Drew,Wilson5591,drew.wilson5591@example.com,(414) 555-5591,Waukesha,WI,53186,,Chris,dog named Buddy,loves gardening,insurance deductible question
Reese,Taylor5592,reese.taylor5592@example.com,(414) 555-5592,Racine,WI,53403,Taylor Properties,Alex,parents nearby,just remodeled kitchen,tree trim quote
Skyler,Martin5593,skyler.martin5593@example.com,(414) 555-5593,Madison,WI,53703,,Sam,,,
Parker,Williams5594,parker.williams5594@example.com,(414) 555-5594,Green Bay,WI,54301,,,,,
Blake,Garcia5595,blake.garcia5595@example.com,(414) 555-5595,Chicago,IL,60611,Garcia Properties,Pat,two kids,new roof last year,sump pump check
Hayden,Rodriguez5596,hayden.rodriguez5596@example.com,(414) 555-5596,Evanston,IL,60201,,Chris,dog named Buddy,loves gardening,insurance deductible question
Rowan,Lopez5597,rowan.lopez5597@example.com,(414) 555-5597,Brookfield,WI,53005,,Alex,parents nearby,just remodeled kitchen,tree trim quote
Sawyer,Anderson5598,sawyer.anderson5598@example.com,(414) 555-5598,Kenosha,WI,53140,Anderson Properties,Sam,,,
Finley,Moore5599,finley.moore5599@example.com,(414) 555-5599,Appleton,WI,54911,,,,,
Alex,Smith5600,alex.smith5600@example.com,(414) 555-5600,Milwaukee,WI,53202,,Pat,two kids,new roof last year,sump pump check
Jordan,Brown5601,jordan.brown5601@example.com,(414) 555-5601,Waukesha,WI,53186,Brown Properties,Chris,dog named Buddy,loves gardening,insurance deductible question
Sam,Miller5602,sam.miller5602@example.com,(414) 555-5602,Racine,WI,53403,,Alex,parents nearby,just remodeled kitchen,tree trim quote
Taylor,Martinez5603,taylor.martinez5603@example.com,(414) 555-5603,Madison,WI,53703,,Sam,,,
Casey,Gonzalez5604,casey.gonzalez5604@example.com,(414) 555-5604,Green Bay,WI,54301,Gonzalez Properties,,,,
Riley,Thomas5605,riley.thomas5605@example.com,(414) 555-5605,Chicago,IL,60611,,Pat,two kids,new roof last year,sump pump check
Morgan,Jackson5606,morgan.jackson5606@example.com,(414) 555-5606,Evanston,IL,60201,,Chris,dog named Buddy,loves gardening,insurance deductible question
Avery,Johnson5607,avery.johnson5607@example.com,(414) 555-5607,Brookfield,WI,53005,Johnson Properties,Alex,parents nearby,just remodeled kitchen,tree trim quote
Quinn,Jones5608,quinn.jones5608@example.com,(414) 555-5608,Kenosha,WI,53140,,Sam,,,
Jamie,Davis5609,jamie.davis5609@example.com,(414) 555-5609,Appleton,WI,54911,,,,,
Cameron,Hernandez5610,cameron.hernandez5610@example.com,(414) 555-5610,Milwaukee,WI,53202,Hernandez Properties,Pat,two kids,new roof last year,sump pump check
Drew,Wilson5611,drew.wilson5611@example.com,(414) 555-5611,Waukesha,WI,53186,,Chris,dog named Buddy,loves gardening,insurance deductible question
Reese,Taylor5612,reese.taylor5612@example.com,(414) 555-5612,Racine,WI,53403,,Alex,parents nearby,just remodeled kitchen,tree trim quote
Skyler,Martin5613,skyler.martin5613@example.com,(414) 555-5613,Madison,WI,53703,Martin Properties,Sam,,,
Parker,Williams5614,parker.williams5614@example.com,(414) 555-5614,Green Bay,WI,54301,,,,,
Blake,Garcia5615,blake.garcia5615@example.com,(414) 555-5615,Chicago,IL,60611,,Pat,two kids,new roof last year,sump pump check
Hayden,Rodriguez5616,hayden.rodriguez5616@example.com,(414) 555-5616,Evanston,IL,60201,Rodriguez Properties,Chris,dog named Buddy,loves gardening,insurance deductible question
Rowan,Lopez5617,rowan.lopez5617@example.com,(414) 555-5617,Brookfield,WI,53005,,Alex,parents nearby,just remodeled kitchen,tree trim quote
Sawyer,Anderson5618,sawyer.anderson5618@example.com,(414) 555-5618,Kenosha,WI,53140,,Sam,,,
Finley,Moore5619,finley.moore5619@example.com,(414) 555-5619,Appleton,WI,54911,Moore Properties,,,,
Alex,Smith5620,alex.smith5620@example.com,(414) 555-5620,Milwaukee,WI,53202,,Pat,two kids,new roof last year,sump pump check
Jordan,Brown5621,jordan.brown5621@example.com,(414) 555-5621,Waukesha,WI,53186,,Chris,dog named Buddy,loves gardening,insurance deductible question
Sam,Miller5622,sam.miller5622@example.com,(414) 555-5622,Racine,WI,53403,Miller Properties,Alex,parents nearby,just remodeled kitchen,tree trim quote
Taylor,Martinez5623,taylor.martinez5623@example.com,(414) 555-5623,Madison,WI,53703,,Sam,,,
Casey,Gonzalez5624,casey.gonzalez5624@example.com,(414) 555-5624,Green Bay,WI,54301,,,,,
Riley,Thomas5625,riley.thomas5625@example.com,(414) 555-5625,Chicago,IL,60611,Thomas Properties,Pat,two kids,new roof last year,sump pump check
Morgan,Jackson5626,morgan.jackson5626@example.com,(414) 555-5626,Evanston,IL,60201,,Chris,dog named Buddy,loves gardening,insurance deductible question
Avery,Johnson5627,avery.johnson5627@example.com,(414) 555-5627,Brookfield,WI,53005,,Alex,parents nearby,just remodeled kitchen,tree trim quote
Quinn,Jones5628,quinn.jones5628@example.com,(414) 555-5628,Kenosha,WI,53140,Jones Properties,Sam,,,
Jamie,Davis5629,jamie.davis5629@example.com,(414) 555-5629,Appleton,WI,54911,,,,,
Cameron,Hernandez5630,cameron.hernandez5630@example.com,(414) 555-5630,Milwaukee,WI,53202,,Pat,two kids,new roof last year,sump pump check
Drew,Wilson5631,drew.wilson5631@example.com,(414) 555-5631,Waukesha,WI,53186,Wilson Properties,Chris,dog named Buddy,loves gardening,insurance deductible question
Reese,Taylor5632,reese.taylor5632@example.com,(414) 555-5632,Racine,WI,53403,,Alex,parents nearby,just remodeled kitchen,tree trim quote
Skyler,Martin5633,skyler.martin5633@example.com,(414) 555-5633,Madison,WI,53703,,Sam,,,
Parker,Williams5634,parker.williams5634@example.com,(414) 555-5634,Green Bay,WI,54301,Williams Properties,,,,
Blake,Garcia5635,blake.garcia5635@example.com,(414) 555-5635,Chicago,IL,60611,,Pat,two kids,new roof last year,sump pump check
Hayden,Rodriguez5636,hayden.rodriguez5636@example.com,(414) 555-5636,Evanston,IL,60201,,Chris,dog named Buddy,loves gardening,insurance deductible question
Rowan,Lopez5637,rowan.lopez5637@example.com,(414) 555-5637,Brookfield,WI,53005,Lopez Properties,Alex,parents nearby,just remodeled kitchen,tree trim quote
Sawyer,Anderson5638,sawyer.anderson5638@example.com,(414) 555-5638,Kenosha,WI,53140,,Sam,,,
Finley,Moore5639,finley.moore5639@example.com,(414) 555-5639,Appleton,WI,54911,,,,,
Alex,Smith5640,alex.smith5640@example.com,(414) 555-5640,Milwaukee,WI,53202,Smith Properties,Pat,two kids,new roof last year,sump pump check
Jordan,Brown5641,jordan.brown5641@example.com,(414) 555-5641,Waukesha,WI,53186,,Chris,dog named Buddy,loves gardening,insurance deductible question
Sam,Miller5642,sam.miller5642@example.com,(414) 555-5642,Racine,WI,53403,,Alex,parents nearby,just remodeled kitchen,tree trim quote
Taylor,Martinez5643,taylor.martinez5643@example.com,(414) 555-5643,Madison,WI,53703,Martinez Properties,Sam,,,
Casey,Gonzalez5644,casey.gonzalez5644@example.com,(414) 555-5644,Green Bay,WI,54301,,,,,
Riley,Thomas5645,riley.thomas5645@example.com,(414) 555-5645,Chicago,IL,60611,,Pat,two kids,new roof last year,sump pump check
Morgan,Jackson5646,morgan.jackson5646@example.com,(414) 555-5646,Evanston,IL,60201,Jackson Properties,Chris,dog named Buddy,loves gardening,insurance deductible question
Avery,Johnson5647,avery.johnson5647@example.com,(414) 555-5647,Brookfield,WI,53005,,Alex,parents nearby,just remodeled kitchen,tree trim quote
Quinn,Jones5648,quinn.jones5648@example.com,(414) 555-5648,Kenosha,WI,53140,,Sam,,,
Jamie,Davis5649,jamie.davis5649@example.com,(414) 555-5649,Appleton,WI,54911,Davis Properties,,,,
Cameron,Hernandez5650,cameron.hernandez5650@example.com,(414) 555-5650,Milwaukee,WI,53202,,Pat,two kids,new roof last year,sump pump check
Drew,Wilson5651,drew.wilson5651@example.com,(414) 555-5651,Waukesha,WI,53186,,Chris,dog named Buddy,loves gardening,insurance deductible question
Reese,Taylor5652,reese.taylor5652@example.com,(414) 555-5652,Racine,WI,53403,Taylor Properties,Alex,parents nearby,just remodeled kitchen,tree trim quote
Skyler,Martin5653,skyler.martin5653@example.com,(414) 555-5653,Madison,WI,53703,,Sam,,,
Parker,Williams5654,parker.williams5654@example.com,(414) 555-5654,Green Bay,WI,54301,,,,,
Blake,Garcia5655,blake.garcia5655@example.com,(414) 555-5655,Chicago,IL,60611,Garcia Properties,Pat,two kids,new roof last year,sump pump check
Hayden,Rodriguez5656,hayden.rodriguez5656@example.com,(414) 555-5656,Evanston,IL,60201,,Chris,dog named Buddy,loves gardening,insurance deductible question
Rowan,Lopez5657,rowan.lopez5657@example.com,(414) 555-5657,Brookfield,WI,53005,,Alex,parents nearby,just remodeled kitchen,tree trim quote
Sawyer,Anderson5658,sawyer.anderson5658@example.com,(414) 555-5658,Kenosha,WI,53140,Anderson Properties,Sam,,,
Finley,Moore5659,finley.moore5659@example.com,(414) 555-5659,Appleton,WI,54911,,,,,
Alex,Smith5660,alex.smith5660@example.com,(414) 555-5660,Milwaukee,WI,53202,,Pat,two kids,new roof last year,sump pump check
Jordan,Brown5661,jordan.brown5661@example.com,(414) 555-5661,Waukesha,WI,53186,Brown Properties,Chris,dog named Buddy,loves gardening,insurance deductible question
Sam,Miller5662,sam.miller5662@example.com,(414) 555-5662,Racine,WI,53403,,Alex,parents nearby,just remodeled kitchen,tree trim quote
Taylor,Martinez5663,taylor.martinez5663@example.com,(414) 555-5663,Madison,WI,53703,,Sam,,,
Casey,Gonzalez5664,casey.gonzalez5664@example.com,(414) 555-5664,Green Bay,WI,54301,Gonzalez Properties,,,,
Riley,Thomas5665,riley.thomas5665@example.com,(414) 555-5665,Chicago,IL,60611,,Pat,two kids,new roof last year,sump pump check
Morgan,Jackson5666,morgan.jackson5666@example.com,(414) 555-5666,Evanston,IL,60201,,Chris,dog named Buddy,loves gardening,insurance deductible question
Avery,Johnson5667,avery.johnson5667@example.com,(414) 555-5667,Brookfield,WI,53005,Johnson Properties,Alex,parents nearby,just remodeled kitchen,tree trim quote
Quinn,Jones5668,quinn.jones5668@example.com,(414) 555-5668,Kenosha,WI,53140,,Sam,,,
Jamie,Davis5669,jamie.davis5669@example.com,(414) 555-5669,Appleton,WI,54911,,,,,
Cameron,Hernandez5670,cameron.hernandez5670@example.com,(414) 555-5670,Milwaukee,WI,53202,Hernandez Properties,Pat,two kids,new roof last year,sump pump check
Drew,Wilson5671,drew.wilson5671@example.com,(414) 555-5671,Waukesha,WI,53186,,Chris,dog named Buddy,loves gardening,insurance deductible question
Reese,Taylor5672,reese.taylor5672@example.com,(414) 555-5672,Racine,WI,53403,,Alex,parents nearby,just remodeled kitchen,tree trim quote
Skyler,Martin5673,skyler.martin5673@example.com,(414) 555-5673,Madison,WI,53703,Martin Properties,Sam,,,
Parker,Williams5674,parker.williams5674@example.com,(414) 555-5674,Green Bay,WI,54301,,,,,
Blake,Garcia5675,blake.garcia5675@example.com,(414) 555-5675,Chicago,IL,60611,,Pat,two kids,new roof last year,sump pump check
Hayden,Rodriguez5676,hayden.rodriguez5676@example.com,(414) 555-5676,Evanston,IL,60201,Rodriguez Properties,Chris,dog named Buddy,loves gardening,insurance deductible question
Rowan,Lopez5677,rowan.lopez5677@example.com,(414) 555-5677,Brookfield,WI,53005,,Alex,parents nearby,just remodeled kitchen,tree trim quote
Sawyer,Anderson5678,sawyer.anderson5678@example.com,(414) 555-5678,Kenosha,WI,53140,,Sam,,,
Finley,Moore5679,finley.moore5679@example.com,(414) 555-5679,Appleton,WI,54911,Moore Properties,,,,
Alex,Smith5680,alex.smith5680@example.com,(414) 555-5680,Milwaukee,WI,53202,,Pat,two kids,new roof last year,sump pump check
Jordan,Brown5681,jordan.brown5681@example.com,(414) 555-5681,Waukesha,WI,53186,,Chris,dog named Buddy,loves gardening,insurance deductible question
Sam,Miller5682,sam.miller5682@example.com,(414) 555-5682,Racine,WI,53403,Miller Properties,Alex,parents nearby,just remodeled kitchen,tree trim quote
Taylor,Martinez5683,taylor.martinez5683@example.com,(414) 555-5683,Madison,WI,53703,,Sam,,,
Casey,Gonzalez5684,casey.gonzalez5684@example.com,(414) 555-5684,Green Bay,WI,54301,,,,,
Riley,Thomas5685,riley.thomas5685@example.com,(414) 555-5685,Chicago,IL,60611,Thomas Properties,Pat,two kids,new roof last year,sump pump check
Morgan,Jackson5686,morgan.jackson5686@example.com,(414) 555-5686,Evanston,IL,60201,,Chris,dog named Buddy,loves gardening,insurance deductible question
Avery,Johnson5687,avery.johnson5687@example.com,(414) 555-5687,Brookfield,WI,53005,,Alex,parents nearby,just remodeled kitchen,tree trim quote
Quinn,Jones5688,quinn.jones5688@example.com,(414) 555-5688,Kenosha,WI,53140,Jones Properties,Sam,,,
Jamie,Davis5689,jamie.davis5689@example.com,(414) 555-5689,Appleton,WI,54911,,,,,
Cameron,Hernandez5690,cameron.hernandez5690@example.com,(414) 555-5690,Milwaukee,WI,53202,,Pat,two kids,new roof last year,sump pump check
Drew,Wilson5691,drew.wilson5691@example.com,(414) 555-5691,Waukesha,WI,53186,Wilson Properties,Chris,dog named Buddy,loves gardening,insurance deductible question
Reese,Taylor5692,reese.taylor5692@example.com,(414) 555-5692,Racine,WI,53403,,Alex,parents nearby,just remodeled kitchen,tree trim quote
Skyler,Martin5693,skyler.martin5693@example.com,(414) 555-5693,Madison,WI,53703,,Sam,,,
Parker,Williams5694,parker.williams5694@example.com,(414) 555-5694,Green Bay,WI,54301,Williams Properties,,,,
Blake,Garcia5695,blake.garcia5695@example.com,(414) 555-5695,Chicago,IL,60611,,Pat,two kids,new roof last year,sump pump check
Hayden,Rodriguez5696,hayden.rodriguez5696@example.com,(414) 555-5696,Evanston,IL,60201,,Chris,dog named Buddy,loves gardening,insurance deductible question
Rowan,Lopez5697,rowan.lopez5697@example.com,(414) 555-5697,Brookfield,WI,53005,Lopez Properties,Alex,parents nearby,just remodeled kitchen,tree trim quote
Sawyer,Anderson5698,sawyer.anderson5698@example.com,(414) 555-5698,Kenosha,WI,53140,,Sam,,,
Finley,Moore5699,finley.moore5699@example.com,(414) 555-5699,Appleton,WI,54911,,,,,
Alex,Smith5700,alex.smith5700@example.com,(414) 555-5700,Milwaukee,WI,53202,Smith Properties,Pat,two kids,new roof last year,sump pump check
Jordan,Brown5701,jordan.brown5701@example.com,(414) 555-5701,Waukesha,WI,53186,,Chris,dog named Buddy,loves gardening,insurance deductible question
Sam,Miller5702,sam.miller5702@example.com,(414) 555-5702,Racine,WI,53403,,Alex,parents nearby,just remodeled kitchen,tree trim quote
Taylor,Martinez5703,taylor.martinez5703@example.com,(414) 555-5703,Madison,WI,53703,Martinez Properties,Sam,,,
Casey,Gonzalez5704,casey.gonzalez5704@example.com,(414) 555-5704,Green Bay,WI,54301,,,,,
Riley,Thomas5705,riley.thomas5705@example.com,(414) 555-5705,Chicago,IL,60611,,Pat,two kids,new roof last year,sump pump check
Morgan,Jackson5706,morgan.jackson5706@example.com,(414) 555-5706,Evanston,IL,60201,Jackson Properties,Chris,dog named Buddy,loves gardening,insurance deductible question
Avery,Johnson5707,avery.johnson5707@example.com,(414) 555-5707,Brookfield,WI,53005,,Alex,parents nearby,just remodeled kitchen,tree trim quote
Quinn,Jones5708,quinn.jones5708@example.com,(414) 555-5708,Kenosha,WI,53140,,Sam,,,
Jamie,Davis5709,jamie.davis5709@example.com,(414) 555-5709,Appleton,WI,54911,Davis Properties,,,,
Cameron,Hernandez5710,cameron.hernandez5710@example.com,(414) 555-5710,Milwaukee,WI,53202,,Pat,two kids,new roof last year,sump pump check
Drew,Wilson5711,drew.wilson5711@example.com,(414) 555-5711,Waukesha,WI,53186,,Chris,dog named Buddy,loves gardening,insurance deductible question
Reese,Taylor5712,reese.taylor5712@example.com,(414) 555-5712,Racine,WI,53403,Taylor Properties,Alex,parents nearby,just remodeled kitchen,tree trim quote
Skyler,Martin5713,skyler.martin5713@example.com,(414) 555-5713,Madison,WI,53703,,Sam,,,
Parker,Williams5714,parker.williams5714@example.com,(414) 555-5714,Green Bay,WI,54301,,,,,
Blake,Garcia5715,blake.garcia5715@example.com,(414) 555-5715,Chicago,IL,60611,Garcia Properties,Pat,two kids,new roof last year,sump pump check
Hayden,Rodriguez5716,hayden.rodriguez5716@example.com,(414) 555-5716,Evanston,IL,60201,,Chris,dog named Buddy,loves gardening,insurance deductible question
Rowan,Lopez5717,rowan.lopez5717@example.com,(414) 555-5717,Brookfield,WI,53005,,Alex,parents nearby,just remodeled kitchen,tree trim quote
Sawyer,Anderson5718,sawyer.anderson5718@example.com,(414) 555-5718,Kenosha,WI,53140,Anderson Properties,Sam,,,
Finley,Moore5719,finley.moore5719@example.com,(414) 555-5719,Appleton,WI,54911,,,,,
Alex,Smith5720,alex.smith5720@example.com,(414) 555-5720,Milwaukee,WI,53202,,Pat,two kids,new roof last year,sump pump check
Jordan,Brown5721,jordan.brown5721@example.com,(414) 555-5721,Waukesha,WI,53186,Brown Properties,Chris,dog named Buddy,loves gardening,insurance deductible question
Sam,Miller5722,sam.miller5722@example.com,(414) 555-5722,Racine,WI,53403,,Alex,parents nearby,just remodeled kitchen,tree trim quote
Taylor,Martinez5723,taylor.martinez5723@example.com,(414) 555-5723,Madison,WI,53703,,Sam,,,
Casey,Gonzalez5724,casey.gonzalez5724@example.com,(414) 555-5724,Green Bay,WI,54301,Gonzalez Properties,,,,
Riley,Thomas5725,riley.thomas5725@example.com,(414) 555-5725,Chicago,IL,60611,,Pat,two kids,new roof last year,sump pump check
Morgan,Jackson5726,morgan.jackson5726@example.com,(414) 555-5726,Evanston,IL,60201,,Chris,dog named Buddy,loves gardening,insurance deductible question
Avery,Johnson5727,avery.johnson5727@example.com,(414) 555-5727,Brookfield,WI,53005,Johnson Properties,Alex,parents nearby,just remodeled kitchen,tree trim quote
Quinn,Jones5728,quinn.jones5728@example.com,(414) 555-5728,Kenosha,WI,53140,,Sam,,,
Jamie,Davis5729,jamie.davis5729@example.com,(414) 555-5729,Appleton,WI,54911,,,,,
Cameron,Hernandez5730,cameron.hernandez5730@example.com,(414) 555-5730,Milwaukee,WI,53202,Hernandez Properties,Pat,two kids,new roof last year,sump pump check
Drew,Wilson5731,drew.wilson5731@example.com,(414) 555-5731,Waukesha,WI,53186,,Chris,dog named Buddy,loves gardening,insurance deductible question
Reese,Taylor5732,reese.taylor5732@example.com,(414) 555-5732,Racine,WI,53403,,Alex,parents nearby,just remodeled kitchen,tree trim quote
Skyler,Martin5733,skyler.martin5733@example.com,(414) 555-5733,Madison,WI,53703,Martin Properties,Sam,,,
Parker,Williams5734,parker.williams5734@example.com,(414) 555-5734,Green Bay,WI,54301,,,,,
Blake,Garcia5735,blake.garcia5735@example.com,(414) 555-5735,Chicago,IL,60611,,Pat,two kids,new roof last year,sump pump check
Hayden,Rodriguez5736,hayden.rodriguez5736@example.com,(414) 555-5736,Evanston,IL,60201,Rodriguez Properties,Chris,dog named Buddy,loves gardening,insurance deductible question
Rowan,Lopez5737,rowan.lopez5737@example.com,(414) 555-5737,Brookfield,WI,53005,,Alex,parents nearby,just remodeled kitchen,tree trim quote
Sawyer,Anderson5738,sawyer.anderson5738@example.com,(414) 555-5738,Kenosha,WI,53140,,Sam,,,
Finley,Moore5739,finley.moore5739@example.com,(414) 555-5739,Appleton,WI,54911,Moore Properties,,,,
Alex,Smith5740,alex.smith5740@example.com,(414) 555-5740,Milwaukee,WI,53202,,Pat,two kids,new roof last year,sump pump check
Jordan,Brown5741,jordan.brown5741@example.com,(414) 555-5741,Waukesha,WI,53186,,Chris,dog named Buddy,loves gardening,insurance deductible question
Sam,Miller5742,sam.miller5742@example.com,(414) 555-5742,Racine,WI,53403,Miller Properties,Alex,parents nearby,just remodeled kitchen,tree trim quote
Taylor,Martinez5743,taylor.martinez5743@example.com,(414) 555-5743,Madison,WI,53703,,Sam,,,
Casey,Gonzalez5744,casey.gonzalez5744@example.com,(414) 555-5744,Green Bay,WI,54301,,,,,
Riley,Thomas5745,riley.thomas5745@example.com,(414) 555-5745,Chicago,IL,60611,Thomas Properties,Pat,two kids,new roof last year,sump pump check
Morgan,Jackson5746,morgan.jackson5746@example.com,(414) 555-5746,Evanston,IL,60201,,Chris,dog named Buddy,loves gardening,insurance deductible question
Avery,Johnson5747,avery.johnson5747@example.com,(414) 555-5747,Brookfield,WI,53005,,Alex,parents nearby,just remodeled kitchen,tree trim quote
Quinn,Jones5748,quinn.jones5748@example.com,(414) 555-5748,Kenosha,WI,53140,Jones Properties,Sam,,,
Jamie,Davis5749,jamie.davis5749@example.com,(414) 555-5749,Appleton,WI,54911,,,,,
Cameron,Hernandez5750,cameron.hernandez5750@example.com,(414) 555-5750,Milwaukee,WI,53202,,Pat,two kids,new roof last year,sump pump check
Drew,Wilson5751,drew.wilson5751@example.com,(414) 555-5751,Waukesha,WI,53186,Wilson Properties,Chris,dog named Buddy,loves gardening,insurance deductible question
Reese,Taylor5752,reese.taylor5752@example.com,(414) 555-5752,Racine,WI,53403,,Alex,parents nearby,just remodeled kitchen,tree trim quote
Skyler,Martin5753,skyler.martin5753@example.com,(414) 555-5753,Madison,WI,53703,,Sam,,,
Parker,Williams5754,parker.williams5754@example.com,(414) 555-5754,Green Bay,WI,54301,Williams Properties,,,,
Blake,Garcia5755,blake.garcia5755@example.com,(414) 555-5755,Chicago,IL,60611,,Pat,two kids,new roof last year,sump pump check
Hayden,Rodriguez5756,hayden.rodriguez5756@example.com,(414) 555-5756,Evanston,IL,60201,,Chris,dog named Buddy,loves gardening,insurance deductible question
Rowan,Lopez5757,rowan.lopez5757@example.com,(414) 555-5757,Brookfield,WI,53005,Lopez Properties,Alex,parents nearby,just remodeled kitchen,tree trim quote
Sawyer,Anderson5758,sawyer.anderson5758@example.com,(414) 555-5758,Kenosha,WI,53140,,Sam,,,
Finley,Moore5759,finley.moore5759@example.com,(414) 555-5759,Appleton,WI,54911,,,,,
Alex,Smith5760,alex.smith5760@example.com,(414) 555-5760,Milwaukee,WI,53202,Smith Properties,Pat,two kids,new roof last year,sump pump check
Jordan,Brown5761,jordan.brown5761@example.com,(414) 555-5761,Waukesha,WI,53186,,Chris,dog named Buddy,loves gardening,insurance deductible question
Sam,Miller5762,sam.miller5762@example.com,(414) 555-5762,Racine,WI,53403,,Alex,parents nearby,just remodeled kitchen,tree trim quote
Taylor,Martinez5763,taylor.martinez5763@example.com,(414) 555-5763,Madison,WI,53703,Martinez Properties,Sam,,,
Casey,Gonzalez5764,casey.gonzalez5764@example.com,(414) 555-5764,Green Bay,WI,54301,,,,,
Riley,Thomas5765,riley.thomas5765@example.com,(414) 555-5765,Chicago,IL,60611,,Pat,two kids,new roof last year,sump pump check
Morgan,Jackson5766,morgan.jackson5766@example.com,(414) 555-5766,Evanston,IL,60201,Jackson Properties,Chris,dog named Buddy,loves gardening,insurance deductible question
Avery,Johnson5767,avery.johnson5767@example.com,(414) 555-5767,Brookfield,WI,53005,,Alex,parents nearby,just remodeled kitchen,tree trim quote
Quinn,Jones5768,quinn.jones5768@example.com,(414) 555-5768,Kenosha,WI,53140,,Sam,,,
Jamie,Davis5769,jamie.davis5769@example.com,(414) 555-5769,Appleton,WI,54911,Davis Properties,,,,
Cameron,Hernandez5770,cameron.hernandez5770@example.com,(414) 555-5770,Milwaukee,WI,53202,,Pat,two kids,new roof last year,sump pump check
Drew,Wilson5771,drew.wilson5771@example.com,(414) 555-5771,Waukesha,WI,53186,,Chris,dog named Buddy,loves gardening,insurance deductible question
Reese,Taylor5772,reese.taylor5772@example.com,(414) 555-5772,Racine,WI,53403,Taylor Properties,Alex,parents nearby,just remodeled kitchen,tree trim quote
Skyler,Martin5773,skyler.martin5773@example.com,(414) 555-5773,Madison,WI,53703,,Sam,,,
Parker,Williams5774,parker.williams5774@example.com,(414) 555-5774,Green Bay,WI,54301,,,,,
Blake,Garcia5775,blake.garcia5775@example.com,(414) 555-5775,Chicago,IL,60611,Garcia Properties,Pat,two kids,new roof last year,sump pump check
Hayden,Rodriguez5776,hayden.rodriguez5776@example.com,(414) 555-5776,Evanston,IL,60201,,Chris,dog named Buddy,loves gardening,insurance deductible question
Rowan,Lopez5777,rowan.lopez5777@example.com,(414) 555-5777,Brookfield,WI,53005,,Alex,parents nearby,just remodeled kitchen,tree trim quote
Sawyer,Anderson5778,sawyer.anderson5778@example.com,(414) 555-5778,Kenosha,WI,53140,Anderson Properties,Sam,,,
Finley,Moore5779,finley.moore5779@example.com,(414) 555-5779,Appleton,WI,54911,,,,,
Alex,Smith5780,alex.smith5780@example.com,(414) 555-5780,Milwaukee,WI,53202,,Pat,two kids,new roof last year,sump pump check
Jordan,Brown5781,jordan.brown5781@example.com,(414) 555-5781,Waukesha,WI,53186,Brown Properties,Chris,dog named Buddy,loves gardening,insurance deductible question
Sam,Miller5782,sam.miller5782@example.com,(414) 555-5782,Racine,WI,53403,,Alex,parents nearby,just remodeled kitchen,tree trim quote
Taylor,Martinez5783,taylor.martinez5783@example.com,(414) 555-5783,Madison,WI,53703,,Sam,,,
Casey,Gonzalez5784,casey.gonzalez5784@example.com,(414) 555-5784,Green Bay,WI,54301,Gonzalez Properties,,,,
Riley,Thomas5785,riley.thomas5785@example.com,(414) 555-5785,Chicago,IL,60611,,Pat,two kids,new roof last year,sump pump check
Morgan,Jackson5786,morgan.jackson5786@example.com,(414) 555-5786,Evanston,IL,60201,,Chris,dog named Buddy,loves gardening,insurance deductible question
Avery,Johnson5787,avery.johnson5787@example.com,(414) 555-5787,Brookfield,WI,53005,Johnson Properties,Alex,parents nearby,just remodeled kitchen,tree trim quote
Quinn,Jones5788,quinn.jones5788@example.com,(414) 555-5788,Kenosha,WI,53140,,Sam,,,
Jamie,Davis5789,jamie.davis5789@example.com,(414) 555-5789,Appleton,WI,54911,,,,,
Cameron,Hernandez5790,cameron.hernandez5790@example.com,(414) 555-5790,Milwaukee,WI,53202,Hernandez Properties,Pat,two kids,new roof last year,sump pump check
Drew,Wilson5791,drew.wilson5791@example.com,(414) 555-5791,Waukesha,WI,53186,,Chris,dog named Buddy,loves gardening,insurance deductible question
Reese,Taylor5792,reese.taylor5792@example.com,(414) 555-5792,Racine,WI,53403,,Alex,parents nearby,just remodeled kitchen,tree trim quote
Skyler,Martin5793,skyler.martin5793@example.com,(414) 555-5793,Madison,WI,53703,Martin Properties,Sam,,,
Parker,Williams5794,parker.williams5794@example.com,(414) 555-5794,Green Bay,WI,54301,,,,,
Blake,Garcia5795,blake.garcia5795@example.com,(414) 555-5795,Chicago,IL,60611,,Pat,two kids,new roof last year,sump pump check
Hayden,Rodriguez5796,hayden.rodriguez5796@example.com,(414) 555-5796,Evanston,IL,60201,Rodriguez Properties,Chris,dog named Buddy,loves gardening,insurance deductible question
Rowan,Lopez5797,rowan.lopez5797@example.com,(414) 555-5797,Brookfield,WI,53005,,Alex,parents nearby,just remodeled kitchen,tree trim quote
Sawyer,Anderson5798,sawyer.anderson5798@example.com,(414) 555-5798,Kenosha,WI,53140,,Sam,,,
Finley,Moore5799,finley.moore5799@example.com,(414) 555-5799,Appleton,WI,54911,Moore Properties,,,,
Alex,Smith5800,alex.smith5800@example.com,(414) 555-5800,Milwaukee,WI,53202,,Pat,two kids,new roof last year,sump pump check
Jordan,Brown5801,jordan.brown5801@example.com,(414) 555-5801,Waukesha,WI,53186,,Chris,dog named Buddy,loves gardening,insurance deductible question
Sam,Miller5802,sam.miller5802@example.com,(414) 555-5802,Racine,WI,53403,Miller Properties,Alex,parents nearby,just remodeled kitchen,tree trim quote
Taylor,Martinez5803,taylor.martinez5803@example.com,(414) 555-5803,Madison,WI,53703,,Sam,,,
Casey,Gonzalez5804,casey.gonzalez5804@example.com,(414) 555-5804,Green Bay,WI,54301,,,,,
Riley,Thomas5805,riley.thomas5805@example.com,(414) 555-5805,Chicago,IL,60611,Thomas Properties,Pat,two kids,new roof last year,sump pump check
Morgan,Jackson5806,morgan.jackson5806@example.com,(414) 555-5806,Evanston,IL,60201,,Chris,dog named Buddy,loves gardening,insurance deductible question
Avery,Johnson5807,avery.johnson5807@example.com,(414) 555-5807,Brookfield,WI,53005,,Alex,parents nearby,just remodeled kitchen,tree trim quote
Quinn,Jones5808,quinn.jones5808@example.com,(414) 555-5808,Kenosha,WI,53140,Jones Properties,Sam,,,
Jamie,Davis5809,jamie.davis5809@example.com,(414) 555-5809,Appleton,WI,54911,,,,,
Cameron,Hernandez5810,cameron.hernandez5810@example.com,(414) 555-5810,Milwaukee,WI,53202,,Pat,two kids,new roof last year,sump pump check
Drew,Wilson5811,drew.wilson5811@example.com,(414) 555-5811,Waukesha,WI,53186,Wilson Properties,Chris,dog named Buddy,loves gardening,insurance deductible question
Reese,Taylor5812,reese.taylor5812@example.com,(414) 555-5812,Racine,WI,53403,,Alex,parents nearby,just remodeled kitchen,tree trim quote
Skyler,Martin5813,skyler.martin5813@example.com,(414) 555-5813,Madison,WI,53703,,Sam,,,
Parker,Williams5814,parker.williams5814@example.com,(414) 555-5814,Green Bay,WI,54301,Williams Properties,,,,
Blake,Garcia5815,blake.garcia5815@example.com,(414) 555-5815,Chicago,IL,60611,,Pat,two kids,new roof last year,sump pump check
Hayden,Rodriguez5816,hayden.rodriguez5816@example.com,(414) 555-5816,Evanston,IL,60201,,Chris,dog named Buddy,loves gardening,insurance deductible question
Rowan,Lopez5817,rowan.lopez5817@example.com,(414) 555-5817,Brookfield,WI,53005,Lopez Properties,Alex,parents nearby,just remodeled kitchen,tree trim quote
Sawyer,Anderson5818,sawyer.anderson5818@example.com,(414) 555-5818,Kenosha,WI,53140,,Sam,,,
Finley,Moore5819,finley.moore5819@example.com,(414) 555-5819,Appleton,WI,54911,,,,,
Alex,Smith5820,alex.smith5820@example.com,(414) 555-5820,Milwaukee,WI,53202,Smith Properties,Pat,two kids,new roof last year,sump pump check
Jordan,Brown5821,jordan.brown5821@example.com,(414) 555-5821,Waukesha,WI,53186,,Chris,dog named Buddy,loves gardening,insurance deductible question
Sam,Miller5822,sam.miller5822@example.com,(414) 555-5822,Racine,WI,53403,,Alex,parents nearby,just remodeled kitchen,tree trim quote
Taylor,Martinez5823,taylor.martinez5823@example.com,(414) 555-5823,Madison,WI,53703,Martinez Properties,Sam,,,
Casey,Gonzalez5824,casey.gonzalez5824@example.com,(414) 555-5824,Green Bay,WI,54301,,,,,
Riley,Thomas5825,riley.thomas5825@example.com,(414) 555-5825,Chicago,IL,60611,,Pat,two kids,new roof last year,sump pump check
Morgan,Jackson5826,morgan.jackson5826@example.com,(414) 555-5826,Evanston,IL,60201,Jackson Properties,Chris,dog named Buddy,loves gardening,insurance deductible question
Avery,Johnson5827,avery.johnson5827@example.com,(414) 555-5827,Brookfield,WI,53005,,Alex,parents nearby,just remodeled kitchen,tree trim quote
Quinn,Jones5828,quinn.jones5828@example.com,(414) 555-5828,Kenosha,WI,53140,,Sam,,,
Jamie,Davis5829,jamie.davis5829@example.com,(414) 555-5829,Appleton,WI,54911,Davis Properties,,,,
Cameron,Hernandez5830,cameron.hernandez5830@example.com,(414) 555-5830,Milwaukee,WI,53202,,Pat,two kids,new roof last year,sump pump check
Drew,Wilson5831,drew.wilson5831@example.com,(414) 555-5831,Waukesha,WI,53186,,Chris,dog named Buddy,loves gardening,insurance deductible question
Reese,Taylor5832,reese.taylor5832@example.com,(414) 555-5832,Racine,WI,53403,Taylor Properties,Alex,parents nearby,just remodeled kitchen,tree trim quote
Skyler,Martin5833,skyler.martin5833@example.com,(414) 555-5833,Madison,WI,53703,,Sam,,,
Parker,Williams5834,parker.williams5834@example.com,(414) 555-5834,Green Bay,WI,54301,,,,,
Blake,Garcia5835,blake.garcia5835@example.com,(414) 555-5835,Chicago,IL,60611,Garcia Properties,Pat,two kids,new roof last year,sump pump check
Hayden,Rodriguez5836,hayden.rodriguez5836@example.com,(414) 555-5836,Evanston,IL,60201,,Chris,dog named Buddy,loves gardening,insurance deductible question
Rowan,Lopez5837,rowan.lopez5837@example.com,(414) 555-5837,Brookfield,WI,53005,,Alex,parents nearby,just remodeled kitchen,tree trim quote
Sawyer,Anderson5838,sawyer.anderson5838@example.com,(414) 555-5838,Kenosha,WI,53140,Anderson Properties,Sam,,,
Finley,Moore5839,finley.moore5839@example.com,(414) 555-5839,Appleton,WI,54911,,,,,
Alex,Smith5840,alex.smith5840@example.com,(414) 555-5840,Milwaukee,WI,53202,,Pat,two kids,new roof last year,sump pump check
Jordan,Brown5841,jordan.brown5841@example.com,(414) 555-5841,Waukesha,WI,53186,Brown Properties,Chris,dog named Buddy,loves gardening,insurance deductible question
Sam,Miller5842,sam.miller5842@example.com,(414) 555-5842,Racine,WI,53403,,Alex,parents nearby,just remodeled kitchen,tree trim quote
Taylor,Martinez5843,taylor.martinez5843@example.com,(414) 555-5843,Madison,WI,53703,,Sam,,,
Casey,Gonzalez5844,casey.gonzalez5844@example.com,(414) 555-5844,Green Bay,WI,54301,Gonzalez Properties,,,,
Riley,Thomas5845,riley.thomas5845@example.com,(414) 555-5845,Chicago,IL,60611,,Pat,two kids,new roof last year,sump pump check
Morgan,Jackson5846,morgan.jackson5846@example.com,(414) 555-5846,Evanston,IL,60201,,Chris,dog named Buddy,loves gardening,insurance deductible question
Avery,Johnson5847,avery.johnson5847@example.com,(414) 555-5847,Brookfield,WI,53005,Johnson Properties,Alex,parents nearby,just remodeled kitchen,tree trim quote
Quinn,Jones5848,quinn.jones5848@example.com,(414) 555-5848,Kenosha,WI,53140,,Sam,,,
Jamie,Davis5849,jamie.davis5849@example.com,(414) 555-5849,Appleton,WI,54911,,,,,
Cameron,Hernandez5850,cameron.hernandez5850@example.com,(414) 555-5850,Milwaukee,WI,53202,Hernandez Properties,Pat,two kids,new roof last year,sump pump check
Drew,Wilson5851,drew.wilson5851@example.com,(414) 555-5851,Waukesha,WI,53186,,Chris,dog named Buddy,loves gardening,insurance deductible question
Reese,Taylor5852,reese.taylor5852@example.com,(414) 555-5852,Racine,WI,53403,,Alex,parents nearby,just remodeled kitchen,tree trim quote
Skyler,Martin5853,skyler.martin5853@example.com,(414) 555-5853,Madison,WI,53703,Martin Properties,Sam,,,
Parker,Williams5854,parker.williams5854@example.com,(414) 555-5854,Green Bay,WI,54301,,,,,
Blake,Garcia5855,blake.garcia5855@example.com,(414) 555-5855,Chicago,IL,60611,,Pat,two kids,new roof last year,sump pump check
Hayden,Rodriguez5856,hayden.rodriguez5856@example.com,(414) 555-5856,Evanston,IL,60201,Rodriguez Properties,Chris,dog named Buddy,loves gardening,insurance deductible question
Rowan,Lopez5857,rowan.lopez5857@example.com,(414) 555-5857,Brookfield,WI,53005,,Alex,parents nearby,just remodeled kitchen,tree trim quote
Sawyer,Anderson5858,sawyer.anderson5858@example.com,(414) 555-5858,Kenosha,WI,53140,,Sam,,,
Finley,Moore5859,finley.moore5859@example.com,(414) 555-5859,Appleton,WI,54911,Moore Properties,,,,
Alex,Smith5860,alex.smith5860@example.com,(414) 555-5860,Milwaukee,WI,53202,,Pat,two kids,new roof last year,sump pump check
Jordan,Brown5861,jordan.brown5861@example.com,(414) 555-5861,Waukesha,WI,53186,,Chris,dog named Buddy,loves gardening,insurance deductible question
Sam,Miller5862,sam.miller5862@example.com,(414) 555-5862,Racine,WI,53403,Miller Properties,Alex,parents nearby,just remodeled kitchen,tree trim quote
Taylor,Martinez5863,taylor.martinez5863@example.com,(414) 555-5863,Madison,WI,53703,,Sam,,,
Casey,Gonzalez5864,casey.gonzalez5864@example.com,(414) 555-5864,Green Bay,WI,54301,,,,,
Riley,Thomas5865,riley.thomas5865@example.com,(414) 555-5865,Chicago,IL,60611,Thomas Properties,Pat,two kids,new roof last year,sump pump check
Morgan,Jackson5866,morgan.jackson5866@example.com,(414) 555-5866,Evanston,IL,60201,,Chris,dog named Buddy,loves gardening,insurance deductible question
Avery,Johnson5867,avery.johnson5867@example.com,(414) 555-5867,Brookfield,WI,53005,,Alex,parents nearby,just remodeled kitchen,tree trim quote
Quinn,Jones5868,quinn.jones5868@example.com,(414) 555-5868,Kenosha,WI,53140,Jones Properties,Sam,,,
Jamie,Davis5869,jamie.davis5869@example.com,(414) 555-5869,Appleton,WI,54911,,,,,
Cameron,Hernandez5870,cameron.hernandez5870@example.com,(414) 555-5870,Milwaukee,WI,53202,,Pat,two kids,new roof last year,sump pump check
Drew,Wilson5871,drew.wilson5871@example.com,(414) 555-5871,Waukesha,WI,53186,Wilson Properties,Chris,dog named Buddy,loves gardening,insurance deductible question
Reese,Taylor5872,reese.taylor5872@example.com,(414) 555-5872,Racine,WI,53403,,Alex,parents nearby,just remodeled kitchen,tree trim quote
Skyler,Martin5873,skyler.martin5873@example.com,(414) 555-5873,Madison,WI,53703,,Sam,,,
Parker,Williams5874,parker.williams5874@example.com,(414) 555-5874,Green Bay,WI,54301,Williams Properties,,,,
Blake,Garcia5875,blake.garcia5875@example.com,(414) 555-5875,Chicago,IL,60611,,Pat,two kids,new roof last year,sump pump check
Hayden,Rodriguez5876,hayden.rodriguez5876@example.com,(414) 555-5876,Evanston,IL,60201,,Chris,dog named Buddy,loves gardening,insurance deductible question
Rowan,Lopez5877,rowan.lopez5877@example.com,(414) 555-5877,Brookfield,WI,53005,Lopez Properties,Alex,parents nearby,just remodeled kitchen,tree trim quote
Sawyer,Anderson5878,sawyer.anderson5878@example.com,(414) 555-5878,Kenosha,WI,53140,,Sam,,,
Finley,Moore5879,finley.moore5879@example.com,(414) 555-5879,Appleton,WI,54911,,,,,
Alex,Smith5880,alex.smith5880@example.com,(414) 555-5880,Milwaukee,WI,53202,Smith Properties,Pat,two kids,new roof last year,sump pump check
Jordan,Brown5881,jordan.brown5881@example.com,(414) 555-5881,Waukesha,WI,53186,,Chris,dog named Buddy,loves gardening,insurance deductible question
Sam,Miller5882,sam.miller5882@example.com,(414) 555-5882,Racine,WI,53403,,Alex,parents nearby,just remodeled kitchen,tree trim quote
Taylor,Martinez5883,taylor.martinez5883@example.com,(414) 555-5883,Madison,WI,53703,Martinez Properties,Sam,,,
Casey,Gonzalez5884,casey.gonzalez5884@example.com,(414) 555-5884,Green Bay,WI,54301,,,,,
Riley,Thomas5885,riley.thomas5885@example.com,(414) 555-5885,Chicago,IL,60611,,Pat,two kids,new roof last year,sump pump check
Morgan,Jackson5886,morgan.jackson5886@example.com,(414) 555-5886,Evanston,IL,60201,Jackson Properties,Chris,dog named Buddy,loves gardening,insurance deductible question
Avery,Johnson5887,avery.johnson5887@example.com,(414) 555-5887,Brookfield,WI,53005,,Alex,parents nearby,just remodeled kitchen,tree trim quote
Quinn,Jones5888,quinn.jones5888@example.com,(414) 555-5888,Kenosha,WI,53140,,Sam,,,
Jamie,Davis5889,jamie.davis5889@example.com,(414) 555-5889,Appleton,WI,54911,Davis Properties,,,,
Cameron,Hernandez5890,cameron.hernandez5890@example.com,(414) 555-5890,Milwaukee,WI,53202,,Pat,two kids,new roof last year,sump pump check
Drew,Wilson5891,drew.wilson5891@example.com,(414) 555-5891,Waukesha,WI,53186,,Chris,dog named Buddy,loves gardening,insurance deductible question
Reese,Taylor5892,reese.taylor5892@example.com,(414) 555-5892,Racine,WI,53403,Taylor Properties,Alex,parents nearby,just remodeled kitchen,tree trim quote
Skyler,Martin5893,skyler.martin5893@example.com,(414) 555-5893,Madison,WI,53703,,Sam,,,
Parker,Williams5894,parker.williams5894@example.com,(414) 555-5894,Green Bay,WI,54301,,,,,
Blake,Garcia5895,blake.garcia5895@example.com,(414) 555-5895,Chicago,IL,60611,Garcia Properties,Pat,two kids,new roof last year,sump pump check
Hayden,Rodriguez5896,hayden.rodriguez5896@example.com,(414) 555-5896,Evanston,IL,60201,,Chris,dog named Buddy,loves gardening,insurance deductible question
Rowan,Lopez5897,rowan.lopez5897@example.com,(414) 555-5897,Brookfield,WI,53005,,Alex,parents nearby,just remodeled kitchen,tree trim quote
Sawyer,Anderson5898,sawyer.anderson5898@example.com,(414) 555-5898,Kenosha,WI,53140,Anderson Properties,Sam,,,
Finley,Moore5899,finley.moore5899@example.com,(414) 555-5899,Appleton,WI,54911,,,,,
Alex,Smith5900,alex.smith5900@example.com,(414) 555-5900,Milwaukee,WI,53202,,Pat,two kids,new roof last year,sump pump check
Jordan,Brown5901,jordan.brown5901@example.com,(414) 555-5901,Waukesha,WI,53186,Brown Properties,Chris,dog named Buddy,loves gardening,insurance deductible question
Sam,Miller5902,sam.miller5902@example.com,(414) 555-5902,Racine,WI,53403,,Alex,parents nearby,just remodeled kitchen,tree trim quote
Taylor,Martinez5903,taylor.martinez5903@example.com,(414) 555-5903,Madison,WI,53703,,Sam,,,
Casey,Gonzalez5904,casey.gonzalez5904@example.com,(414) 555-5904,Green Bay,WI,54301,Gonzalez Properties,,,,
Riley,Thomas5905,riley.thomas5905@example.com,(414) 555-5905,Chicago,IL,60611,,Pat,two kids,new roof last year,sump pump check
Morgan,Jackson5906,morgan.jackson5906@example.com,(414) 555-5906,Evanston,IL,60201,,Chris,dog named Buddy,loves gardening,insurance deductible question
Avery,Johnson5907,avery.johnson5907@example.com,(414) 555-5907,Brookfield,WI,53005,Johnson Properties,Alex,parents nearby,just remodeled kitchen,tree trim quote
Quinn,Jones5908,quinn.jones5908@example.com,(414) 555-5908,Kenosha,WI,53140,,Sam,,,
Jamie,Davis5909,jamie.davis5909@example.com,(414) 555-5909,Appleton,WI,54911,,,,,
Cameron,Hernandez5910,cameron.hernandez5910@example.com,(414) 555-5910,Milwaukee,WI,53202,Hernandez Properties,Pat,two kids,new roof last year,sump pump check
Drew,Wilson5911,drew.wilson5911@example.com,(414) 555-5911,Waukesha,WI,53186,,Chris,dog named Buddy,loves gardening,insurance deductible question
Reese,Taylor5912,reese.taylor5912@example.com,(414) 555-5912,Racine,WI,53403,,Alex,parents nearby,just remodeled kitchen,tree trim quote
Skyler,Martin5913,skyler.martin5913@example.com,(414) 555-5913,Madison,WI,53703,Martin Properties,Sam,,,
Parker,Williams5914,parker.williams5914@example.com,(414) 555-5914,Green Bay,WI,54301,,,,,
Blake,Garcia5915,blake.garcia5915@example.com,(414) 555-5915,Chicago,IL,60611,,Pat,two kids,new roof last year,sump pump check
Hayden,Rodriguez5916,hayden.rodriguez5916@example.com,(414) 555-5916,Evanston,IL,60201,Rodriguez Properties,Chris,dog named Buddy,loves gardening,insurance deductible question
Rowan,Lopez5917,rowan.lopez5917@example.com,(414) 555-5917,Brookfield,WI,53005,,Alex,parents nearby,just remodeled kitchen,tree trim quote
Sawyer,Anderson5918,sawyer.anderson5918@example.com,(414) 555-5918,Kenosha,WI,53140,,Sam,,,
Finley,Moore5919,finley.moore5919@example.com,(414) 555-5919,Appleton,WI,54911,Moore Properties,,,,
Alex,Smith5920,alex.smith5920@example.com,(414) 555-5920,Milwaukee,WI,53202,,Pat,two kids,new roof last year,sump pump check
Jordan,Brown5921,jordan.brown5921@example.com,(414) 555-5921,Waukesha,WI,53186,,Chris,dog named Buddy,loves gardening,insurance deductible question
Sam,Miller5922,sam.miller5922@example.com,(414) 555-5922,Racine,WI,53403,Miller Properties,Alex,parents nearby,just remodeled kitchen,tree trim quote
Taylor,Martinez5923,taylor.martinez5923@example.com,(414) 555-5923,Madison,WI,53703,,Sam,,,
Casey,Gonzalez5924,casey.gonzalez5924@example.com,(414) 555-5924,Green Bay,WI,54301,,,,,
Riley,Thomas5925,riley.thomas5925@example.com,(414) 555-5925,Chicago,IL,60611,Thomas Properties,Pat,two kids,new roof last year,sump pump check
Morgan,Jackson5926,morgan.jackson5926@example.com,(414) 555-5926,Evanston,IL,60201,,Chris,dog named Buddy,loves gardening,insurance deductible question
Avery,Johnson5927,avery.johnson5927@example.com,(414) 555-5927,Brookfield,WI,53005,,Alex,parents nearby,just remodeled kitchen,tree trim quote
Quinn,Jones5928,quinn.jones5928@example.com,(414) 555-5928,Kenosha,WI,53140,Jones Properties,Sam,,,
Jamie,Davis5929,jamie.davis5929@example.com,(414) 555-5929,Appleton,WI,54911,,,,,
Cameron,Hernandez5930,cameron.hernandez5930@example.com,(414) 555-5930,Milwaukee,WI,53202,,Pat,two kids,new roof last year,sump pump check
Drew,Wilson5931,drew.wilson5931@example.com,(414) 555-5931,Waukesha,WI,53186,Wilson Properties,Chris,dog named Buddy,loves gardening,insurance deductible question
Reese,Taylor5932,reese.taylor5932@example.com,(414) 555-5932,Racine,WI,53403,,Alex,parents nearby,just remodeled kitchen,tree trim quote
Skyler,Martin5933,skyler.martin5933@example.com,(414) 555-5933,Madison,WI,53703,,Sam,,,
Parker,Williams5934,parker.williams5934@example.com,(414) 555-5934,Green Bay,WI,54301,Williams Properties,,,,
Blake,Garcia5935,blake.garcia5935@example.com,(414) 555-5935,Chicago,IL,60611,,Pat,two kids,new roof last year,sump pump check
Hayden,Rodriguez5936,hayden.rodriguez5936@example.com,(414) 555-5936,Evanston,IL,60201,,Chris,dog named Buddy,loves gardening,insurance deductible question
Rowan,Lopez5937,rowan.lopez5937@example.com,(414) 555-5937,Brookfield,WI,53005,Lopez Properties,Alex,parents nearby,just remodeled kitchen,tree trim quote
Sawyer,Anderson5938,sawyer.anderson5938@example.com,(414) 555-5938,Kenosha,WI,53140,,Sam,,,
Finley,Moore5939,finley.moore5939@example.com,(414) 555-5939,Appleton,WI,54911,,,,,
Alex,Smith5940,alex.smith5940@example.com,(414) 555-5940,Milwaukee,WI,53202,Smith Properties,Pat,two kids,new roof last year,sump pump check
Jordan,Brown5941,jordan.brown5941@example.com,(414) 555-5941,Waukesha,WI,53186,,Chris,dog named Buddy,loves gardening,insurance deductible question
Sam,Miller5942,sam.miller5942@example.com,(414) 555-5942,Racine,WI,53403,,Alex,parents nearby,just remodeled kitchen,tree trim quote
Taylor,Martinez5943,taylor.martinez5943@example.com,(414) 555-5943,Madison,WI,53703,Martinez Properties,Sam,,,
Casey,Gonzalez5944,casey.gonzalez5944@example.com,(414) 555-5944,Green Bay,WI,54301,,,,,
Riley,Thomas5945,riley.thomas5945@example.com,(414) 555-5945,Chicago,IL,60611,,Pat,two kids,new roof last year,sump pump check
Morgan,Jackson5946,morgan.jackson5946@example.com,(414) 555-5946,Evanston,IL,60201,Jackson Properties,Chris,dog named Buddy,loves gardening,insurance deductible question
Avery,Johnson5947,avery.johnson5947@example.com,(414) 555-5947,Brookfield,WI,53005,,Alex,parents nearby,just remodeled kitchen,tree trim quote
Quinn,Jones5948,quinn.jones5948@example.com,(414) 555-5948,Kenosha,WI,53140,,Sam,,,
Jamie,Davis5949,jamie.davis5949@example.com,(414) 555-5949,Appleton,WI,54911,Davis Properties,,,,
Cameron,Hernandez5950,cameron.hernandez5950@example.com,(414) 555-5950,Milwaukee,WI,53202,,Pat,two kids,new roof last year,sump pump check
Drew,Wilson5951,drew.wilson5951@example.com,(414) 555-5951,Waukesha,WI,53186,,Chris,dog named Buddy,loves gardening,insurance deductible question
Reese,Taylor5952,reese.taylor5952@example.com,(414) 555-5952,Racine,WI,53403,Taylor Properties,Alex,parents nearby,just remodeled kitchen,tree trim quote
Skyler,Martin5953,skyler.martin5953@example.com,(414) 555-5953,Madison,WI,53703,,Sam,,,
Parker,Williams5954,parker.williams5954@example.com,(414) 555-5954,Green Bay,WI,54301,,,,,
Blake,Garcia5955,blake.garcia5955@example.com,(414) 555-5955,Chicago,IL,60611,Garcia Properties,Pat,two kids,new roof last year,sump pump check
Hayden,Rodriguez5956,hayden.rodriguez5956@example.com,(414) 555-5956,Evanston,IL,60201,,Chris,dog named Buddy,loves gardening,insurance deductible question
Rowan,Lopez5957,rowan.lopez5957@example.com,(414) 555-5957,Brookfield,WI,53005,,Alex,parents nearby,just remodeled kitchen,tree trim quote
Sawyer,Anderson5958,sawyer.anderson5958@example.com,(414) 555-5958,Kenosha,WI,53140,Anderson Properties,Sam,,,
Finley,Moore5959,finley.moore5959@example.com,(414) 555-5959,Appleton,WI,54911,,,,,
Alex,Smith5960,alex.smith5960@example.com,(414) 555-5960,Milwaukee,WI,53202,,Pat,two kids,new roof last year,sump pump check
Jordan,Brown5961,jordan.brown5961@example.com,(414) 555-5961,Waukesha,WI,53186,Brown Properties,Chris,dog named Buddy,loves gardening,insurance deductible question
Sam,Miller5962,sam.miller5962@example.com,(414) 555-5962,Racine,WI,53403,,Alex,parents nearby,just remodeled kitchen,tree trim quote
Taylor,Martinez5963,taylor.martinez5963@example.com,(414) 555-5963,Madison,WI,53703,,Sam,,,
Casey,Gonzalez5964,casey.gonzalez5964@example.com,(414) 555-5964,Green Bay,WI,54301,Gonzalez Properties,,,,
Riley,Thomas5965,riley.thomas5965@example.com,(414) 555-5965,Chicago,IL,60611,,Pat,two kids,new roof last year,sump pump check
Morgan,Jackson5966,morgan.jackson5966@example.com,(414) 555-5966,Evanston,IL,60201,,Chris,dog named Buddy,loves gardening,insurance deductible question
Avery,Johnson5967,avery.johnson5967@example.com,(414) 555-5967,Brookfield,WI,53005,Johnson Properties,Alex,parents nearby,just remodeled kitchen,tree trim quote
Quinn,Jones5968,quinn.jones5968@example.com,(414) 555-5968,Kenosha,WI,53140,,Sam,,,
Jamie,Davis5969,jamie.davis5969@example.com,(414) 555-5969,Appleton,WI,54911,,,,,
Cameron,Hernandez5970,cameron.hernandez5970@example.com,(414) 555-5970,Milwaukee,WI,53202,Hernandez Properties,Pat,two kids,new roof last year,sump pump check
Drew,Wilson5971,drew.wilson5971@example.com,(414) 555-5971,Waukesha,WI,53186,,Chris,dog named Buddy,loves gardening,insurance deductible question
Reese,Taylor5972,reese.taylor5972@example.com,(414) 555-5972,Racine,WI,53403,,Alex,parents nearby,just remodeled kitchen,tree trim quote
Skyler,Martin5973,skyler.martin5973@example.com,(414) 555-5973,Madison,WI,53703,Martin Properties,Sam,,,
Parker,Williams5974,parker.williams5974@example.com,(414) 555-5974,Green Bay,WI,54301,,,,,
Blake,Garcia5975,blake.garcia5975@example.com,(414) 555-5975,Chicago,IL,60611,,Pat,two kids,new roof last year,sump pump check
Hayden,Rodriguez5976,hayden.rodriguez5976@example.com,(414) 555-5976,Evanston,IL,60201,Rodriguez Properties,Chris,dog named Buddy,loves gardening,insurance deductible question
Rowan,Lopez5977,rowan.lopez5977@example.com,(414) 555-5977,Brookfield,WI,53005,,Alex,parents nearby,just remodeled kitchen,tree trim quote
Sawyer,Anderson5978,sawyer.anderson5978@example.com,(414) 555-5978,Kenosha,WI,53140,,Sam,,,
Finley,Moore5979,finley.moore5979@example.com,(414) 555-5979,Appleton,WI,54911,Moore Properties,,,,
Alex,Smith5980,alex.smith5980@example.com,(414) 555-5980,Milwaukee,WI,53202,,Pat,two kids,new roof last year,sump pump check
Jordan,Brown5981,jordan.brown5981@example.com,(414) 555-5981,Waukesha,WI,53186,,Chris,dog named Buddy,loves gardening,insurance deductible question
Sam,Miller5982,sam.miller5982@example.com,(414) 555-5982,Racine,WI,53403,Miller Properties,Alex,parents nearby,just remodeled kitchen,tree trim quote
Taylor,Martinez5983,taylor.martinez5983@example.com,(414) 555-5983,Madison,WI,53703,,Sam,,,
Casey,Gonzalez5984,casey.gonzalez5984@example.com,(414) 555-5984,Green Bay,WI,54301,,,,,
Riley,Thomas5985,riley.thomas5985@example.com,(414) 555-5985,Chicago,IL,60611,Thomas Properties,Pat,two kids,new roof last year,sump pump check
Morgan,Jackson5986,morgan.jackson5986@example.com,(414) 555-5986,Evanston,IL,60201,,Chris,dog named Buddy,loves gardening,insurance deductible question
Avery,Johnson5987,avery.johnson5987@example.com,(414) 555-5987,Brookfield,WI,53005,,Alex,parents nearby,just remodeled kitchen,tree trim quote
Quinn,Jones5988,quinn.jones5988@example.com,(414) 555-5988,Kenosha,WI,53140,Jones Properties,Sam,,,
Jamie,Davis5989,jamie.davis5989@example.com,(414) 555-5989,Appleton,WI,54911,,,,,
Cameron,Hernandez5990,cameron.hernandez5990@example.com,(414) 555-5990,Milwaukee,WI,53202,,Pat,two kids,new roof last year,sump pump check
Drew,Wilson5991,drew.wilson5991@example.com,(414) 555-5991,Waukesha,WI,53186,Wilson Properties,Chris,dog named Buddy,loves gardening,insurance deductible question
Reese,Taylor5992,reese.taylor5992@example.com,(414) 555-5992,Racine,WI,53403,,Alex,parents nearby,just remodeled kitchen,tree trim quote
Skyler,Martin5993,skyler.martin5993@example.com,(414) 555-5993,Madison,WI,53703,,Sam,,,
Parker,Williams5994,parker.williams5994@example.com,(414) 555-5994,Green Bay,WI,54301,Williams Properties,,,,
Blake,Garcia5995,blake.garcia5995@example.com,(414) 555-5995,Chicago,IL,60611,,Pat,two kids,new roof last year,sump pump check
Hayden,Rodriguez5996,hayden.rodriguez5996@example.com,(414) 555-5996,Evanston,IL,60201,,Chris,dog named Buddy,loves gardening,insurance deductible question
Rowan,Lopez5997,rowan.lopez5997@example.com,(414) 555-5997,Brookfield,WI,53005,Lopez Properties,Alex,parents nearby,just remodeled kitchen,tree trim quote
Sawyer,Anderson5998,sawyer.anderson5998@example.com,(414) 555-5998,Kenosha,WI,53140,,Sam,,,
Finley,Moore5999,finley.moore5999@example.com,(414) 555-5999,Appleton,WI,54911,,,,,
Alex,Smith6000,alex.smith6000@example.com,(414) 555-6000,Milwaukee,WI,53202,Smith Properties,Pat,two kids,new roof last year,sump pump check
Jordan,Brown6001,jordan.brown6001@example.com,(414) 555-6001,Waukesha,WI,53186,,Chris,dog named Buddy,loves gardening,insurance deductible question
Sam,Miller6002,sam.miller6002@example.com,(414) 555-6002,Racine,WI,53403,,Alex,parents nearby,just remodeled kitchen,tree trim quote
Taylor,Martinez6003,taylor.martinez6003@example.com,(414) 555-6003,Madison,WI,53703,Martinez Properties,Sam,,,
Casey,Gonzalez6004,casey.gonzalez6004@example.com,(414) 555-6004,Green Bay,WI,54301,,,,,
Riley,Thomas6005,riley.thomas6005@example.com,(414) 555-6005,Chicago,IL,60611,,Pat,two kids,new roof last year,sump pump check
Morgan,Jackson6006,morgan.jackson6006@example.com,(414) 555-6006,Evanston,IL,60201,Jackson Properties,Chris,dog named Buddy,loves gardening,insurance deductible question
Avery,Johnson6007,avery.johnson6007@example.com,(414) 555-6007,Brookfield,WI,53005,,Alex,parents nearby,just remodeled kitchen,tree trim quote
Quinn,Jones6008,quinn.jones6008@example.com,(414) 555-6008,Kenosha,WI,53140,,Sam,,,
Jamie,Davis6009,jamie.davis6009@example.com,(414) 555-6009,Appleton,WI,54911,Davis Properties,,,,
Cameron,Hernandez6010,cameron.hernandez6010@example.com,(414) 555-6010,Milwaukee,WI,53202,,Pat,two kids,new roof last year,sump pump check
Drew,Wilson6011,drew.wilson6011@example.com,(414) 555-6011,Waukesha,WI,53186,,Chris,dog named Buddy,loves gardening,insurance deductible question
Reese,Taylor6012,reese.taylor6012@example.com,(414) 555-6012,Racine,WI,53403,Taylor Properties,Alex,parents nearby,just remodeled kitchen,tree trim quote
Skyler,Martin6013,skyler.martin6013@example.com,(414) 555-6013,Madison,WI,53703,,Sam,,,
Parker,Williams6014,parker.williams6014@example.com,(414) 555-6014,Green Bay,WI,54301,,,,,
Blake,Garcia6015,blake.garcia6015@example.com,(414) 555-6015,Chicago,IL,60611,Garcia Properties,Pat,two kids,new roof last year,sump pump check
Hayden,Rodriguez6016,hayden.rodriguez6016@example.com,(414) 555-6016,Evanston,IL,60201,,Chris,dog named Buddy,loves gardening,insurance deductible question
Rowan,Lopez6017,rowan.lopez6017@example.com,(414) 555-6017,Brookfield,WI,53005,,Alex,parents nearby,just remodeled kitchen,tree trim quote
Sawyer,Anderson6018,sawyer.anderson6018@example.com,(414) 555-6018,Kenosha,WI,53140,Anderson Properties,Sam,,,
Finley,Moore6019,finley.moore6019@example.com,(414) 555-6019,Appleton,WI,54911,,,,,
Alex,Smith6020,alex.smith6020@example.com,(414) 555-6020,Milwaukee,WI,53202,,Pat,two kids,new roof last year,sump pump check
Jordan,Brown6021,jordan.brown6021@example.com,(414) 555-6021,Waukesha,WI,53186,Brown Properties,Chris,dog named Buddy,loves gardening,insurance deductible question
Sam,Miller6022,sam.miller6022@example.com,(414) 555-6022,Racine,WI,53403,,Alex,parents nearby,just remodeled kitchen,tree trim quote
Taylor,Martinez6023,taylor.martinez6023@example.com,(414) 555-6023,Madison,WI,53703,,Sam,,,
Casey,Gonzalez6024,casey.gonzalez6024@example.com,(414) 555-6024,Green Bay,WI,54301,Gonzalez Properties,,,,
Riley,Thomas6025,riley.thomas6025@example.com,(414) 555-6025,Chicago,IL,60611,,Pat,two kids,new roof last year,sump pump check
Morgan,Jackson6026,morgan.jackson6026@example.com,(414) 555-6026,Evanston,IL,60201,,Chris,dog named Buddy,loves gardening,insurance deductible question
Avery,Johnson6027,avery.johnson6027@example.com,(414) 555-6027,Brookfield,WI,53005,Johnson Properties,Alex,parents nearby,just remodeled kitchen,tree trim quote
Quinn,Jones6028,quinn.jones6028@example.com,(414) 555-6028,Kenosha,WI,53140,,Sam,,,
Jamie,Davis6029,jamie.davis6029@example.com,(414) 555-6029,Appleton,WI,54911,,,,,
Cameron,Hernandez6030,cameron.hernandez6030@example.com,(414) 555-6030,Milwaukee,WI,53202,Hernandez Properties,Pat,two kids,new roof last year,sump pump check
Drew,Wilson6031,drew.wilson6031@example.com,(414) 555-6031,Waukesha,WI,53186,,Chris,dog named Buddy,loves gardening,insurance deductible question
Reese,Taylor6032,reese.taylor6032@example.com,(414) 555-6032,Racine,WI,53403,,Alex,parents nearby,just remodeled kitchen,tree trim quote
Skyler,Martin6033,skyler.martin6033@example.com,(414) 555-6033,Madison,WI,53703,Martin Properties,Sam,,,
Parker,Williams6034,parker.williams6034@example.com,(414) 555-6034,Green Bay,WI,54301,,,,,
Blake,Garcia6035,blake.garcia6035@example.com,(414) 555-6035,Chicago,IL,60611,,Pat,two kids,new roof last year,sump pump check
Hayden,Rodriguez6036,hayden.rodriguez6036@example.com,(414) 555-6036,Evanston,IL,60201,Rodriguez Properties,Chris,dog named Buddy,loves gardening,insurance deductible question
Rowan,Lopez6037,rowan.lopez6037@example.com,(414) 555-6037,Brookfield,WI,53005,,Alex,parents nearby,just remodeled kitchen,tree trim quote
Sawyer,Anderson6038,sawyer.anderson6038@example.com,(414) 555-6038,Kenosha,WI,53140,,Sam,,,
Finley,Moore6039,finley.moore6039@example.com,(414) 555-6039,Appleton,WI,54911,Moore Properties,,,,
Alex,Smith6040,alex.smith6040@example.com,(414) 555-6040,Milwaukee,WI,53202,,Pat,two kids,new roof last year,sump pump check
Jordan,Brown6041,jordan.brown6041@example.com,(414) 555-6041,Waukesha,WI,53186,,Chris,dog named Buddy,loves gardening,insurance deductible question
Sam,Miller6042,sam.miller6042@example.com,(414) 555-6042,Racine,WI,53403,Miller Properties,Alex,parents nearby,just remodeled kitchen,tree trim quote
Taylor,Martinez6043,taylor.martinez6043@example.com,(414) 555-6043,Madison,WI,53703,,Sam,,,
Casey,Gonzalez6044,casey.gonzalez6044@example.com,(414) 555-6044,Green Bay,WI,54301,,,,,
Riley,Thomas6045,riley.thomas6045@example.com,(414) 555-6045,Chicago,IL,60611,Thomas Properties,Pat,two kids,new roof last year,sump pump check
Morgan,Jackson6046,morgan.jackson6046@example.com,(414) 555-6046,Evanston,IL,60201,,Chris,dog named Buddy,loves gardening,insurance deductible question
Avery,Johnson6047,avery.johnson6047@example.com,(414) 555-6047,Brookfield,WI,53005,,Alex,parents nearby,just remodeled kitchen,tree trim quote
Quinn,Jones6048,quinn.jones6048@example.com,(414) 555-6048,Kenosha,WI,53140,Jones Properties,Sam,,,
Jamie,Davis6049,jamie.davis6049@example.com,(414) 555-6049,Appleton,WI,54911,,,,,
Cameron,Hernandez6050,cameron.hernandez6050@example.com,(414) 555-6050,Milwaukee,WI,53202,,Pat,two kids,new roof last year,sump pump check
Drew,Wilson6051,drew.wilson6051@example.com,(414) 555-6051,Waukesha,WI,53186,Wilson Properties,Chris,dog named Buddy,loves gardening,insurance deductible question
Reese,Taylor6052,reese.taylor6052@example.com,(414) 555-6052,Racine,WI,53403,,Alex,parents nearby,just remodeled kitchen,tree trim quote
Skyler,Martin6053,skyler.martin6053@example.com,(414) 555-6053,Madison,WI,53703,,Sam,,,
Parker,Williams6054,parker.williams6054@example.com,(414) 555-6054,Green Bay,WI,54301,Williams Properties,,,,
Blake,Garcia6055,blake.garcia6055@example.com,(414) 555-6055,Chicago,IL,60611,,Pat,two kids,new roof last year,sump pump check
Hayden,Rodriguez6056,hayden.rodriguez6056@example.com,(414) 555-6056,Evanston,IL,60201,,Chris,dog named Buddy,loves gardening,insurance deductible question
Rowan,Lopez6057,rowan.lopez6057@example.com,(414) 555-6057,Brookfield,WI,53005,Lopez Properties,Alex,parents nearby,just remodeled kitchen,tree trim quote
Sawyer,Anderson6058,sawyer.anderson6058@example.com,(414) 555-6058,Kenosha,WI,53140,,Sam,,,
Finley,Moore6059,finley.moore6059@example.com,(414) 555-6059,Appleton,WI,54911,,,,,
Alex,Smith6060,alex.smith6060@example.com,(414) 555-6060,Milwaukee,WI,53202,Smith Properties,Pat,two kids,new roof last year,sump pump check
Jordan,Brown6061,jordan.brown6061@example.com,(414) 555-6061,Waukesha,WI,53186,,Chris,dog named Buddy,loves gardening,insurance deductible question
Sam,Miller6062,sam.miller6062@example.com,(414) 555-6062,Racine,WI,53403,,Alex,parents nearby,just remodeled kitchen,tree trim quote
Taylor,Martinez6063,taylor.martinez6063@example.com,(414) 555-6063,Madison,WI,53703,Martinez Properties,Sam,,,
Casey,Gonzalez6064,casey.gonzalez6064@example.com,(414) 555-6064,Green Bay,WI,54301,,,,,
Riley,Thomas6065,riley.thomas6065@example.com,(414) 555-6065,Chicago,IL,60611,,Pat,two kids,new roof last year,sump pump check
Morgan,Jackson6066,morgan.jackson6066@example.com,(414) 555-6066,Evanston,IL,60201,Jackson Properties,Chris,dog named Buddy,loves gardening,insurance deductible question
Avery,Johnson6067,avery.johnson6067@example.com,(414) 555-6067,Brookfield,WI,53005,,Alex,parents nearby,just remodeled kitchen,tree trim quote
Quinn,Jones6068,quinn.jones6068@example.com,(414) 555-6068,Kenosha,WI,53140,,Sam,,,
Jamie,Davis6069,jamie.davis6069@example.com,(414) 555-6069,Appleton,WI,54911,Davis Properties,,,,
Cameron,Hernandez6070,cameron.hernandez6070@example.com,(414) 555-6070,Milwaukee,WI,53202,,Pat,two kids,new roof last year,sump pump check
Drew,Wilson6071,drew.wilson6071@example.com,(414) 555-6071,Waukesha,WI,53186,,Chris,dog named Buddy,loves gardening,insurance deductible question
Reese,Taylor6072,reese.taylor6072@example.com,(414) 555-6072,Racine,WI,53403,Taylor Properties,Alex,parents nearby,just remodeled kitchen,tree trim quote
Skyler,Martin6073,skyler.martin6073@example.com,(414) 555-6073,Madison,WI,53703,,Sam,,,
Parker,Williams6074,parker.williams6074@example.com,(414) 555-6074,Green Bay,WI,54301,,,,,
Blake,Garcia6075,blake.garcia6075@example.com,(414) 555-6075,Chicago,IL,60611,Garcia Properties,Pat,two kids,new roof last year,sump pump check
Hayden,Rodriguez6076,hayden.rodriguez6076@example.com,(414) 555-6076,Evanston,IL,60201,,Chris,dog named Buddy,loves gardening,insurance deductible question
Rowan,Lopez6077,rowan.lopez6077@example.com,(414) 555-6077,Brookfield,WI,53005,,Alex,parents nearby,just remodeled kitchen,tree trim quote
Sawyer,Anderson6078,sawyer.anderson6078@example.com,(414) 555-6078,Kenosha,WI,53140,Anderson Properties,Sam,,,
Finley,Moore6079,finley.moore6079@example.com,(414) 555-6079,Appleton,WI,54911,,,,,
Alex,Smith6080,alex.smith6080@example.com,(414) 555-6080,Milwaukee,WI,53202,,Pat,two kids,new roof last year,sump pump check
Jordan,Brown6081,jordan.brown6081@example.com,(414) 555-6081,Waukesha,WI,53186,Brown Properties,Chris,dog named Buddy,loves gardening,insurance deductible question
Sam,Miller6082,sam.miller6082@example.com,(414) 555-6082,Racine,WI,53403,,Alex,parents nearby,just remodeled kitchen,tree trim quote
Taylor,Martinez6083,taylor.martinez6083@example.com,(414) 555-6083,Madison,WI,53703,,Sam,,,
Casey,Gonzalez6084,casey.gonzalez6084@example.com,(414) 555-6084,Green Bay,WI,54301,Gonzalez Properties,,,,
Riley,Thomas6085,riley.thomas6085@example.com,(414) 555-6085,Chicago,IL,60611,,Pat,two kids,new roof last year,sump pump check
Morgan,Jackson6086,morgan.jackson6086@example.com,(414) 555-6086,Evanston,IL,60201,,Chris,dog named Buddy,loves gardening,insurance deductible question
Avery,Johnson6087,avery.johnson6087@example.com,(414) 555-6087,Brookfield,WI,53005,Johnson Properties,Alex,parents nearby,just remodeled kitchen,tree trim quote
Quinn,Jones6088,quinn.jones6088@example.com,(414) 555-6088,Kenosha,WI,53140,,Sam,,,
Jamie,Davis6089,jamie.davis6089@example.com,(414) 555-6089,Appleton,WI,54911,,,,,
Cameron,Hernandez6090,cameron.hernandez6090@example.com,(414) 555-6090,Milwaukee,WI,53202,Hernandez Properties,Pat,two kids,new roof last year,sump pump check
Drew,Wilson6091,drew.wilson6091@example.com,(414) 555-6091,Waukesha,WI,53186,,Chris,dog named Buddy,loves gardening,insurance deductible question
Reese,Taylor6092,reese.taylor6092@example.com,(414) 555-6092,Racine,WI,53403,,Alex,parents nearby,just remodeled kitchen,tree trim quote
Skyler,Martin6093,skyler.martin6093@example.com,(414) 555-6093,Madison,WI,53703,Martin Properties,Sam,,,
Parker,Williams6094,parker.williams6094@example.com,(414) 555-6094,Green Bay,WI,54301,,,,,
Blake,Garcia6095,blake.garcia6095@example.com,(414) 555-6095,Chicago,IL,60611,,Pat,two kids,new roof last year,sump pump check
Hayden,Rodriguez6096,hayden.rodriguez6096@example.com,(414) 555-6096,Evanston,IL,60201,Rodriguez Properties,Chris,dog named Buddy,loves gardening,insurance deductible question
Rowan,Lopez6097,rowan.lopez6097@example.com,(414) 555-6097,Brookfield,WI,53005,,Alex,parents nearby,just remodeled kitchen,tree trim quote
Sawyer,Anderson6098,sawyer.anderson6098@example.com,(414) 555-6098,Kenosha,WI,53140,,Sam,,,
Finley,Moore6099,finley.moore6099@example.com,(414) 555-6099,Appleton,WI,54911,Moore Properties,,,,
Alex,Smith6100,alex.smith6100@example.com,(414) 555-6100,Milwaukee,WI,53202,,Pat,two kids,new roof last year,sump pump check
Jordan,Brown6101,jordan.brown6101@example.com,(414) 555-6101,Waukesha,WI,53186,,Chris,dog named Buddy,loves gardening,insurance deductible question
Sam,Miller6102,sam.miller6102@example.com,(414) 555-6102,Racine,WI,53403,Miller Properties,Alex,parents nearby,just remodeled kitchen,tree trim quote
Taylor,Martinez6103,taylor.martinez6103@example.com,(414) 555-6103,Madison,WI,53703,,Sam,,,
Casey,Gonzalez6104,casey.gonzalez6104@example.com,(414) 555-6104,Green Bay,WI,54301,,,,,
Riley,Thomas6105,riley.thomas6105@example.com,(414) 555-6105,Chicago,IL,60611,Thomas Properties,Pat,two kids,new roof last year,sump pump check
Morgan,Jackson6106,morgan.jackson6106@example.com,(414) 555-6106,Evanston,IL,60201,,Chris,dog named Buddy,loves gardening,insurance deductible question
Avery,Johnson6107,avery.johnson6107@example.com,(414) 555-6107,Brookfield,WI,53005,,Alex,parents nearby,just remodeled kitchen,tree trim quote
Quinn,Jones6108,quinn.jones6108@example.com,(414) 555-6108,Kenosha,WI,53140,Jones Properties,Sam,,,
Jamie,Davis6109,jamie.davis6109@example.com,(414) 555-6109,Appleton,WI,54911,,,,,
Cameron,Hernandez6110,cameron.hernandez6110@example.com,(414) 555-6110,Milwaukee,WI,53202,,Pat,two kids,new roof last year,sump pump check
Drew,Wilson6111,drew.wilson6111@example.com,(414) 555-6111,Waukesha,WI,53186,Wilson Properties,Chris,dog named Buddy,loves gardening,insurance deductible question
Reese,Taylor6112,reese.taylor6112@example.com,(414) 555-6112,Racine,WI,53403,,Alex,parents nearby,just remodeled kitchen,tree trim quote
Skyler,Martin6113,skyler.martin6113@example.com,(414) 555-6113,Madison,WI,53703,,Sam,,,
Parker,Williams6114,parker.williams6114@example.com,(414) 555-6114,Green Bay,WI,54301,Williams Properties,,,,
Blake,Garcia6115,blake.garcia6115@example.com,(414) 555-6115,Chicago,IL,60611,,Pat,two kids,new roof last year,sump pump check
Hayden,Rodriguez6116,hayden.rodriguez6116@example.com,(414) 555-6116,Evanston,IL,60201,,Chris,dog named Buddy,loves gardening,insurance deductible question
Rowan,Lopez6117,rowan.lopez6117@example.com,(414) 555-6117,Brookfield,WI,53005,Lopez Properties,Alex,parents nearby,just remodeled kitchen,tree trim quote
Sawyer,Anderson6118,sawyer.anderson6118@example.com,(414) 555-6118,Kenosha,WI,53140,,Sam,,,
Finley,Moore6119,finley.moore6119@example.com,(414) 555-6119,Appleton,WI,54911,,,,,
Alex,Smith6120,alex.smith6120@example.com,(414) 555-6120,Milwaukee,WI,53202,Smith Properties,Pat,two kids,new roof last year,sump pump check
Jordan,Brown6121,jordan.brown6121@example.com,(414) 555-6121,Waukesha,WI,53186,,Chris,dog named Buddy,loves gardening,insurance deductible question
Sam,Miller6122,sam.miller6122@example.com,(414) 555-6122,Racine,WI,53403,,Alex,parents nearby,just remodeled kitchen,tree trim quote
Taylor,Martinez6123,taylor.martinez6123@example.com,(414) 555-6123,Madison,WI,53703,Martinez Properties,Sam,,,
Casey,Gonzalez6124,casey.gonzalez6124@example.com,(414) 555-6124,Green Bay,WI,54301,,,,,
Riley,Thomas6125,riley.thomas6125@example.com,(414) 555-6125,Chicago,IL,60611,,Pat,two kids,new roof last year,sump pump check
Morgan,Jackson6126,morgan.jackson6126@example.com,(414) 555-6126,Evanston,IL,60201,Jackson Properties,Chris,dog named Buddy,loves gardening,insurance deductible question
Avery,Johnson6127,avery.johnson6127@example.com,(414) 555-6127,Brookfield,WI,53005,,Alex,parents nearby,just remodeled kitchen,tree trim quote
Quinn,Jones6128,quinn.jones6128@example.com,(414) 555-6128,Kenosha,WI,53140,,Sam,,,
Jamie,Davis6129,jamie.davis6129@example.com,(414) 555-6129,Appleton,WI,54911,Davis Properties,,,,
Cameron,Hernandez6130,cameron.hernandez6130@example.com,(414) 555-6130,Milwaukee,WI,53202,,Pat,two kids,new roof last year,sump pump check
Drew,Wilson6131,drew.wilson6131@example.com,(414) 555-6131,Waukesha,WI,53186,,Chris,dog named Buddy,loves gardening,insurance deductible question
Reese,Taylor6132,reese.taylor6132@example.com,(414) 555-6132,Racine,WI,53403,Taylor Properties,Alex,parents nearby,just remodeled kitchen,tree trim quote
Skyler,Martin6133,skyler.martin6133@example.com,(414) 555-6133,Madison,WI,53703,,Sam,,,
Parker,Williams6134,parker.williams6134@example.com,(414) 555-6134,Green Bay,WI,54301,,,,,
Blake,Garcia6135,blake.garcia6135@example.com,(414) 555-6135,Chicago,IL,60611,Garcia Properties,Pat,two kids,new roof last year,sump pump check
Hayden,Rodriguez6136,hayden.rodriguez6136@example.com,(414) 555-6136,Evanston,IL,60201,,Chris,dog named Buddy,loves gardening,insurance deductible question
Rowan,Lopez6137,rowan.lopez6137@example.com,(414) 555-6137,Brookfield,WI,53005,,Alex,parents nearby,just remodeled kitchen,tree trim quote
Sawyer,Anderson6138,sawyer.anderson6138@example.com,(414) 555-6138,Kenosha,WI,53140,Anderson Properties,Sam,,,
Finley,Moore6139,finley.moore6139@example.com,(414) 555-6139,Appleton,WI,54911,,,,,
Alex,Smith6140,alex.smith6140@example.com,(414) 555-6140,Milwaukee,WI,53202,,Pat,two kids,new roof last year,sump pump check
Jordan,Brown6141,jordan.brown6141@example.com,(414) 555-6141,Waukesha,WI,53186,Brown Properties,Chris,dog named Buddy,loves gardening,insurance deductible question
Sam,Miller6142,sam.miller6142@example.com,(414) 555-6142,Racine,WI,53403,,Alex,parents nearby,just remodeled kitchen,tree trim quote
Taylor,Martinez6143,taylor.martinez6143@example.com,(414) 555-6143,Madison,WI,53703,,Sam,,,
Casey,Gonzalez6144,casey.gonzalez6144@example.com,(414) 555-6144,Green Bay,WI,54301,Gonzalez Properties,,,,
Riley,Thomas6145,riley.thomas6145@example.com,(414) 555-6145,Chicago,IL,60611,,Pat,two kids,new roof last year,sump pump check
Morgan,Jackson6146,morgan.jackson6146@example.com,(414) 555-6146,Evanston,IL,60201,,Chris,dog named Buddy,loves gardening,insurance deductible question
Avery,Johnson6147,avery.johnson6147@example.com,(414) 555-6147,Brookfield,WI,53005,Johnson Properties,Alex,parents nearby,just remodeled kitchen,tree trim quote
Quinn,Jones6148,quinn.jones6148@example.com,(414) 555-6148,Kenosha,WI,53140,,Sam,,,
Jamie,Davis6149,jamie.davis6149@example.com,(414) 555-6149,Appleton,WI,54911,,,,,
Cameron,Hernandez6150,cameron.hernandez6150@example.com,(414) 555-6150,Milwaukee,WI,53202,Hernandez Properties,Pat,two kids,new roof last year,sump pump check
Drew,Wilson6151,drew.wilson6151@example.com,(414) 555-6151,Waukesha,WI,53186,,Chris,dog named Buddy,loves gardening,insurance deductible question
Reese,Taylor6152,reese.taylor6152@example.com,(414) 555-6152,Racine,WI,53403,,Alex,parents nearby,just remodeled kitchen,tree trim quote
Skyler,Martin6153,skyler.martin6153@example.com,(414) 555-6153,Madison,WI,53703,Martin Properties,Sam,,,
Parker,Williams6154,parker.williams6154@example.com,(414) 555-6154,Green Bay,WI,54301,,,,,
Blake,Garcia6155,blake.garcia6155@example.com,(414) 555-6155,Chicago,IL,60611,,Pat,two kids,new roof last year,sump pump check
Hayden,Rodriguez6156,hayden.rodriguez6156@example.com,(414) 555-6156,Evanston,IL,60201,Rodriguez Properties,Chris,dog named Buddy,loves gardening,insurance deductible question
Rowan,Lopez6157,rowan.lopez6157@example.com,(414) 555-6157,Brookfield,WI,53005,,Alex,parents nearby,just remodeled kitchen,tree trim quote
Sawyer,Anderson6158,sawyer.anderson6158@example.com,(414) 555-6158,Kenosha,WI,53140,,Sam,,,
Finley,Moore6159,finley.moore6159@example.com,(414) 555-6159,Appleton,WI,54911,Moore Properties,,,,
Alex,Smith6160,alex.smith6160@example.com,(414) 555-6160,Milwaukee,WI,53202,,Pat,two kids,new roof last year,sump pump check
Jordan,Brown6161,jordan.brown6161@example.com,(414) 555-6161,Waukesha,WI,53186,,Chris,dog named Buddy,loves gardening,insurance deductible question
Sam,Miller6162,sam.miller6162@example.com,(414) 555-6162,Racine,WI,53403,Miller Properties,Alex,parents nearby,just remodeled kitchen,tree trim quote
Taylor,Martinez6163,taylor.martinez6163@example.com,(414) 555-6163,Madison,WI,53703,,Sam,,,
Casey,Gonzalez6164,casey.gonzalez6164@example.com,(414) 555-6164,Green Bay,WI,54301,,,,,
Riley,Thomas6165,riley.thomas6165@example.com,(414) 555-6165,Chicago,IL,60611,Thomas Properties,Pat,two kids,new roof last year,sump pump check
Morgan,Jackson6166,morgan.jackson6166@example.com,(414) 555-6166,Evanston,IL,60201,,Chris,dog named Buddy,loves gardening,insurance deductible question
Avery,Johnson6167,avery.johnson6167@example.com,(414) 555-6167,Brookfield,WI,53005,,Alex,parents nearby,just remodeled kitchen,tree trim quote
Quinn,Jones6168,quinn.jones6168@example.com,(414) 555-6168,Kenosha,WI,53140,Jones Properties,Sam,,,
Jamie,Davis6169,jamie.davis6169@example.com,(414) 555-6169,Appleton,WI,54911,,,,,
Cameron,Hernandez6170,cameron.hernandez6170@example.com,(414) 555-6170,Milwaukee,WI,53202,,Pat,two kids,new roof last year,sump pump check
Drew,Wilson6171,drew.wilson6171@example.com,(414) 555-6171,Waukesha,WI,53186,Wilson Properties,Chris,dog named Buddy,loves gardening,insurance deductible question
Reese,Taylor6172,reese.taylor6172@example.com,(414) 555-6172,Racine,WI,53403,,Alex,parents nearby,just remodeled kitchen,tree trim quote
Skyler,Martin6173,skyler.martin6173@example.com,(414) 555-6173,Madison,WI,53703,,Sam,,,
Parker,Williams6174,parker.williams6174@example.com,(414) 555-6174,Green Bay,WI,54301,Williams Properties,,,,
Blake,Garcia6175,blake.garcia6175@example.com,(414) 555-6175,Chicago,IL,60611,,Pat,two kids,new roof last year,sump pump check
Hayden,Rodriguez6176,hayden.rodriguez6176@example.com,(414) 555-6176,Evanston,IL,60201,,Chris,dog named Buddy,loves gardening,insurance deductible question
Rowan,Lopez6177,rowan.lopez6177@example.com,(414) 555-6177,Brookfield,WI,53005,Lopez Properties,Alex,parents nearby,just remodeled kitchen,tree trim quote
Sawyer,Anderson6178,sawyer.anderson6178@example.com,(414) 555-6178,Kenosha,WI,53140,,Sam,,,
Finley,Moore6179,finley.moore6179@example.com,(414) 555-6179,Appleton,WI,54911,,,,,
Alex,Smith6180,alex.smith6180@example.com,(414) 555-6180,Milwaukee,WI,53202,Smith Properties,Pat,two kids,new roof last year,sump pump check
Jordan,Brown6181,jordan.brown6181@example.com,(414) 555-6181,Waukesha,WI,53186,,Chris,dog named Buddy,loves gardening,insurance deductible question
Sam,Miller6182,sam.miller6182@example.com,(414) 555-6182,Racine,WI,53403,,Alex,parents nearby,just remodeled kitchen,tree trim quote
Taylor,Martinez6183,taylor.martinez6183@example.com,(414) 555-6183,Madison,WI,53703,Martinez Properties,Sam,,,
Casey,Gonzalez6184,casey.gonzalez6184@example.com,(414) 555-6184,Green Bay,WI,54301,,,,,
Riley,Thomas6185,riley.thomas6185@example.com,(414) 555-6185,Chicago,IL,60611,,Pat,two kids,new roof last year,sump pump check
Morgan,Jackson6186,morgan.jackson6186@example.com,(414) 555-6186,Evanston,IL,60201,Jackson Properties,Chris,dog named Buddy,loves gardening,insurance deductible question
Avery,Johnson6187,avery.johnson6187@example.com,(414) 555-6187,Brookfield,WI,53005,,Alex,parents nearby,just remodeled kitchen,tree trim quote
Quinn,Jones6188,quinn.jones6188@example.com,(414) 555-6188,Kenosha,WI,53140,,Sam,,,
Jamie,Davis6189,jamie.davis6189@example.com,(414) 555-6189,Appleton,WI,54911,Davis Properties,,,,
Cameron,Hernandez6190,cameron.hernandez6190@example.com,(414) 555-6190,Milwaukee,WI,53202,,Pat,two kids,new roof last year,sump pump check
Drew,Wilson6191,drew.wilson6191@example.com,(414) 555-6191,Waukesha,WI,53186,,Chris,dog named Buddy,loves gardening,insurance deductible question
Reese,Taylor6192,reese.taylor6192@example.com,(414) 555-6192,Racine,WI,53403,Taylor Properties,Alex,parents nearby,just remodeled kitchen,tree trim quote
Skyler,Martin6193,skyler.martin6193@example.com,(414) 555-6193,Madison,WI,53703,,Sam,,,
Parker,Williams6194,parker.williams6194@example.com,(414) 555-6194,Green Bay,WI,54301,,,,,
Blake,Garcia6195,blake.garcia6195@example.com,(414) 555-6195,Chicago,IL,60611,Garcia Properties,Pat,two kids,new roof last year,sump pump check
Hayden,Rodriguez6196,hayden.rodriguez6196@example.com,(414) 555-6196,Evanston,IL,60201,,Chris,dog named Buddy,loves gardening,insurance deductible question
Rowan,Lopez6197,rowan.lopez6197@example.com,(414) 555-6197,Brookfield,WI,53005,,Alex,parents nearby,just remodeled kitchen,tree trim quote
Sawyer,Anderson6198,sawyer.anderson6198@example.com,(414) 555-6198,Kenosha,WI,53140,Anderson Properties,Sam,,,
Finley,Moore6199,finley.moore6199@example.com,(414) 555-6199,Appleton,WI,54911,,,,,
Alex,Smith6200,alex.smith6200@example.com,(414) 555-6200,Milwaukee,WI,53202,,Pat,two kids,new roof last year,sump pump check
Jordan,Brown6201,jordan.brown6201@example.com,(414) 555-6201,Waukesha,WI,53186,Brown Properties,Chris,dog named Buddy,loves gardening,insurance deductible question
Sam,Miller6202,sam.miller6202@example.com,(414) 555-6202,Racine,WI,53403,,Alex,parents nearby,just remodeled kitchen,tree trim quote
Taylor,Martinez6203,taylor.martinez6203@example.com,(414) 555-6203,Madison,WI,53703,,Sam,,,
Casey,Gonzalez6204,casey.gonzalez6204@example.com,(414) 555-6204,Green Bay,WI,54301,Gonzalez Properties,,,,
Riley,Thomas6205,riley.thomas6205@example.com,(414) 555-6205,Chicago,IL,60611,,Pat,two kids,new roof last year,sump pump check
Morgan,Jackson6206,morgan.jackson6206@example.com,(414) 555-6206,Evanston,IL,60201,,Chris,dog named Buddy,loves gardening,insurance deductible question
Avery,Johnson6207,avery.johnson6207@example.com,(414) 555-6207,Brookfield,WI,53005,Johnson Properties,Alex,parents nearby,just remodeled kitchen,tree trim quote
Quinn,Jones6208,quinn.jones6208@example.com,(414) 555-6208,Kenosha,WI,53140,,Sam,,,
Jamie,Davis6209,jamie.davis6209@example.com,(414) 555-6209,Appleton,WI,54911,,,,,
Cameron,Hernandez6210,cameron.hernandez6210@example.com,(414) 555-6210,Milwaukee,WI,53202,Hernandez Properties,Pat,two kids,new roof last year,sump pump check
Drew,Wilson6211,drew.wilson6211@example.com,(414) 555-6211,Waukesha,WI,53186,,Chris,dog named Buddy,loves gardening,insurance deductible question
Reese,Taylor6212,reese.taylor6212@example.com,(414) 555-6212,Racine,WI,53403,,Alex,parents nearby,just remodeled kitchen,tree trim quote
Skyler,Martin6213,skyler.martin6213@example.com,(414) 555-6213,Madison,WI,53703,Martin Properties,Sam,,,
Parker,Williams6214,parker.williams6214@example.com,(414) 555-6214,Green Bay,WI,54301,,,,,
Blake,Garcia6215,blake.garcia6215@example.com,(414) 555-6215,Chicago,IL,60611,,Pat,two kids,new roof last year,sump pump check
Hayden,Rodriguez6216,hayden.rodriguez6216@example.com,(414) 555-6216,Evanston,IL,60201,Rodriguez Properties,Chris,dog named Buddy,loves gardening,insurance deductible question
Rowan,Lopez6217,rowan.lopez6217@example.com,(414) 555-6217,Brookfield,WI,53005,,Alex,parents nearby,just remodeled kitchen,tree trim quote
Sawyer,Anderson6218,sawyer.anderson6218@example.com,(414) 555-6218,Kenosha,WI,53140,,Sam,,,
Finley,Moore6219,finley.moore6219@example.com,(414) 555-6219,Appleton,WI,54911,Moore Properties,,,,
Alex,Smith6220,alex.smith6220@example.com,(414) 555-6220,Milwaukee,WI,53202,,Pat,two kids,new roof last year,sump pump check
Jordan,Brown6221,jordan.brown6221@example.com,(414) 555-6221,Waukesha,WI,53186,,Chris,dog named Buddy,loves gardening,insurance deductible question
Sam,Miller6222,sam.miller6222@example.com,(414) 555-6222,Racine,WI,53403,Miller Properties,Alex,parents nearby,just remodeled kitchen,tree trim quote
Taylor,Martinez6223,taylor.martinez6223@example.com,(414) 555-6223,Madison,WI,53703,,Sam,,,
Casey,Gonzalez6224,casey.gonzalez6224@example.com,(414) 555-6224,Green Bay,WI,54301,,,,,
Riley,Thomas6225,riley.thomas6225@example.com,(414) 555-6225,Chicago,IL,60611,Thomas Properties,Pat,two kids,new roof last year,sump pump check
Morgan,Jackson6226,morgan.jackson6226@example.com,(414) 555-6226,Evanston,IL,60201,,Chris,dog named Buddy,loves gardening,insurance deductible question
Avery,Johnson6227,avery.johnson6227@example.com,(414) 555-6227,Brookfield,WI,53005,,Alex,parents nearby,just remodeled kitchen,tree trim quote
Quinn,Jones6228,quinn.jones6228@example.com,(414) 555-6228,Kenosha,WI,53140,Jones Properties,Sam,,,
Jamie,Davis6229,jamie.davis6229@example.com,(414) 555-6229,Appleton,WI,54911,,,,,
Cameron,Hernandez6230,cameron.hernandez6230@example.com,(414) 555-6230,Milwaukee,WI,53202,,Pat,two kids,new roof last year,sump pump check
Drew,Wilson6231,drew.wilson6231@example.com,(414) 555-6231,Waukesha,WI,53186,Wilson Properties,Chris,dog named Buddy,loves gardening,insurance deductible question
Reese,Taylor6232,reese.taylor6232@example.com,(414) 555-6232,Racine,WI,53403,,Alex,parents nearby,just remodeled kitchen,tree trim quote
Skyler,Martin6233,skyler.martin6233@example.com,(414) 555-6233,Madison,WI,53703,,Sam,,,
Parker,Williams6234,parker.williams6234@example.com,(414) 555-6234,Green Bay,WI,54301,Williams Properties,,,,
Blake,Garcia6235,blake.garcia6235@example.com,(414) 555-6235,Chicago,IL,60611,,Pat,two kids,new roof last year,sump pump check
Hayden,Rodriguez6236,hayden.rodriguez6236@example.com,(414) 555-6236,Evanston,IL,60201,,Chris,dog named Buddy,loves gardening,insurance deductible question
Rowan,Lopez6237,rowan.lopez6237@example.com,(414) 555-6237,Brookfield,WI,53005,Lopez Properties,Alex,parents nearby,just remodeled kitchen,tree trim quote
Sawyer,Anderson6238,sawyer.anderson6238@example.com,(414) 555-6238,Kenosha,WI,53140,,Sam,,,
Finley,Moore6239,finley.moore6239@example.com,(414) 555-6239,Appleton,WI,54911,,,,,
Alex,Smith6240,alex.smith6240@example.com,(414) 555-6240,Milwaukee,WI,53202,Smith Properties,Pat,two kids,new roof last year,sump pump check
Jordan,Brown6241,jordan.brown6241@example.com,(414) 555-6241,Waukesha,WI,53186,,Chris,dog named Buddy,loves gardening,insurance deductible question
Sam,Miller6242,sam.miller6242@example.com,(414) 555-6242,Racine,WI,53403,,Alex,parents nearby,just remodeled kitchen,tree trim quote
Taylor,Martinez6243,taylor.martinez6243@example.com,(414) 555-6243,Madison,WI,53703,Martinez Properties,Sam,,,
Casey,Gonzalez6244,casey.gonzalez6244@example.com,(414) 555-6244,Green Bay,WI,54301,,,,,
Riley,Thomas6245,riley.thomas6245@example.com,(414) 555-6245,Chicago,IL,60611,,Pat,two kids,new roof last year,sump pump check
Morgan,Jackson6246,morgan.jackson6246@example.com,(414) 555-6246,Evanston,IL,60201,Jackson Properties,Chris,dog named Buddy,loves gardening,insurance deductible question
Avery,Johnson6247,avery.johnson6247@example.com,(414) 555-6247,Brookfield,WI,53005,,Alex,parents nearby,just remodeled kitchen,tree trim quote
Quinn,Jones6248,quinn.jones6248@example.com,(414) 555-6248,Kenosha,WI,53140,,Sam,,,
Jamie,Davis6249,jamie.davis6249@example.com,(414) 555-6249,Appleton,WI,54911,Davis Properties,,,,
Cameron,Hernandez6250,cameron.hernandez6250@example.com,(414) 555-6250,Milwaukee,WI,53202,,Pat,two kids,new roof last year,sump pump check
Drew,Wilson6251,drew.wilson6251@example.com,(414) 555-6251,Waukesha,WI,53186,,Chris,dog named Buddy,loves gardening,insurance deductible question
Reese,Taylor6252,reese.taylor6252@example.com,(414) 555-6252,Racine,WI,53403,Taylor Properties,Alex,parents nearby,just remodeled kitchen,tree trim quote
Skyler,Martin6253,skyler.martin6253@example.com,(414) 555-6253,Madison,WI,53703,,Sam,,,
Parker,Williams6254,parker.williams6254@example.com,(414) 555-6254,Green Bay,WI,54301,,,,,
Blake,Garcia6255,blake.garcia6255@example.com,(414) 555-6255,Chicago,IL,60611,Garcia Properties,Pat,two kids,new roof last year,sump pump check
Hayden,Rodriguez6256,hayden.rodriguez6256@example.com,(414) 555-6256,Evanston,IL,60201,,Chris,dog named Buddy,loves gardening,insurance deductible question
Rowan,Lopez6257,rowan.lopez6257@example.com,(414) 555-6257,Brookfield,WI,53005,,Alex,parents nearby,just remodeled kitchen,tree trim quote
Sawyer,Anderson6258,sawyer.anderson6258@example.com,(414) 555-6258,Kenosha,WI,53140,Anderson Properties,Sam,,,
Finley,Moore6259,finley.moore6259@example.com,(414) 555-6259,Appleton,WI,54911,,,,,
Alex,Smith6260,alex.smith6260@example.com,(414) 555-6260,Milwaukee,WI,53202,,Pat,two kids,new roof last year,sump pump check
Jordan,Brown6261,jordan.brown6261@example.com,(414) 555-6261,Waukesha,WI,53186,Brown Properties,Chris,dog named Buddy,loves gardening,insurance deductible question
Sam,Miller6262,sam.miller6262@example.com,(414) 555-6262,Racine,WI,53403,,Alex,parents nearby,just remodeled kitchen,tree trim quote
Taylor,Martinez6263,taylor.martinez6263@example.com,(414) 555-6263,Madison,WI,53703,,Sam,,,
Casey,Gonzalez6264,casey.gonzalez6264@example.com,(414) 555-6264,Green Bay,WI,54301,Gonzalez Properties,,,,
Riley,Thomas6265,riley.thomas6265@example.com,(414) 555-6265,Chicago,IL,60611,,Pat,two kids,new roof last year,sump pump check
Morgan,Jackson6266,morgan.jackson6266@example.com,(414) 555-6266,Evanston,IL,60201,,Chris,dog named Buddy,loves gardening,insurance deductible question
Avery,Johnson6267,avery.johnson6267@example.com,(414) 555-6267,Brookfield,WI,53005,Johnson Properties,Alex,parents nearby,just remodeled kitchen,tree trim quote
Quinn,Jones6268,quinn.jones6268@example.com,(414) 555-6268,Kenosha,WI,53140,,Sam,,,
Jamie,Davis6269,jamie.davis6269@example.com,(414) 555-6269,Appleton,WI,54911,,,,,
Cameron,Hernandez6270,cameron.hernandez6270@example.com,(414) 555-6270,Milwaukee,WI,53202,Hernandez Properties,Pat,two kids,new roof last year,sump pump check
Drew,Wilson6271,drew.wilson6271@example.com,(414) 555-6271,Waukesha,WI,53186,,Chris,dog named Buddy,loves gardening,insurance deductible question
Reese,Taylor6272,reese.taylor6272@example.com,(414) 555-6272,Racine,WI,53403,,Alex,parents nearby,just remodeled kitchen,tree trim quote
Skyler,Martin6273,skyler.martin6273@example.com,(414) 555-6273,Madison,WI,53703,Martin Properties,Sam,,,
Parker,Williams6274,parker.williams6274@example.com,(414) 555-6274,Green Bay,WI,54301,,,,,
Blake,Garcia6275,blake.garcia6275@example.com,(414) 555-6275,Chicago,IL,60611,,Pat,two kids,new roof last year,sump pump check
Hayden,Rodriguez6276,hayden.rodriguez6276@example.com,(414) 555-6276,Evanston,IL,60201,Rodriguez Properties,Chris,dog named Buddy,loves gardening,insurance deductible question
Rowan,Lopez6277,rowan.lopez6277@example.com,(414) 555-6277,Brookfield,WI,53005,,Alex,parents nearby,just remodeled kitchen,tree trim quote
Sawyer,Anderson6278,sawyer.anderson6278@example.com,(414) 555-6278,Kenosha,WI,53140,,Sam,,,
Finley,Moore6279,finley.moore6279@example.com,(414) 555-6279,Appleton,WI,54911,Moore Properties,,,,
Alex,Smith6280,alex.smith6280@example.com,(414) 555-6280,Milwaukee,WI,53202,,Pat,two kids,new roof last year,sump pump check
Jordan,Brown6281,jordan.brown6281@example.com,(414) 555-6281,Waukesha,WI,53186,,Chris,dog named Buddy,loves gardening,insurance deductible question
Sam,Miller6282,sam.miller6282@example.com,(414) 555-6282,Racine,WI,53403,Miller Properties,Alex,parents nearby,just remodeled kitchen,tree trim quote
Taylor,Martinez6283,taylor.martinez6283@example.com,(414) 555-6283,Madison,WI,53703,,Sam,,,
Casey,Gonzalez6284,casey.gonzalez6284@example.com,(414) 555-6284,Green Bay,WI,54301,,,,,
Riley,Thomas6285,riley.thomas6285@example.com,(414) 555-6285,Chicago,IL,60611,Thomas Properties,Pat,two kids,new roof last year,sump pump check
Morgan,Jackson6286,morgan.jackson6286@example.com,(414) 555-6286,Evanston,IL,60201,,Chris,dog named Buddy,loves gardening,insurance deductible question
Avery,Johnson6287,avery.johnson6287@example.com,(414) 555-6287,Brookfield,WI,53005,,Alex,parents nearby,just remodeled kitchen,tree trim quote
Quinn,Jones6288,quinn.jones6288@example.com,(414) 555-6288,Kenosha,WI,53140,Jones Properties,Sam,,,
Jamie,Davis6289,jamie.davis6289@example.com,(414) 555-6289,Appleton,WI,54911,,,,,
Cameron,Hernandez6290,cameron.hernandez6290@example.com,(414) 555-6290,Milwaukee,WI,53202,,Pat,two kids,new roof last year,sump pump check
Drew,Wilson6291,drew.wilson6291@example.com,(414) 555-6291,Waukesha,WI,53186,Wilson Properties,Chris,dog named Buddy,loves gardening,insurance deductible question
Reese,Taylor6292,reese.taylor6292@example.com,(414) 555-6292,Racine,WI,53403,,Alex,parents nearby,just remodeled kitchen,tree trim quote
Skyler,Martin6293,skyler.martin6293@example.com,(414) 555-6293,Madison,WI,53703,,Sam,,,
Parker,Williams6294,parker.williams6294@example.com,(414) 555-6294,Green Bay,WI,54301,Williams Properties,,,,
Blake,Garcia6295,blake.garcia6295@example.com,(414) 555-6295,Chicago,IL,60611,,Pat,two kids,new roof last year,sump pump check
Hayden,Rodriguez6296,hayden.rodriguez6296@example.com,(414) 555-6296,Evanston,IL,60201,,Chris,dog named Buddy,loves gardening,insurance deductible question
Rowan,Lopez6297,rowan.lopez6297@example.com,(414) 555-6297,Brookfield,WI,53005,Lopez Properties,Alex,parents nearby,just remodeled kitchen,tree trim quote
Sawyer,Anderson6298,sawyer.anderson6298@example.com,(414) 555-6298,Kenosha,WI,53140,,Sam,,,
Finley,Moore6299,finley.moore6299@example.com,(414) 555-6299,Appleton,WI,54911,,,,,
Alex,Smith6300,alex.smith6300@example.com,(414) 555-6300,Milwaukee,WI,53202,Smith Properties,Pat,two kids,new roof last year,sump pump check
Jordan,Brown6301,jordan.brown6301@example.com,(414) 555-6301,Waukesha,WI,53186,,Chris,dog named Buddy,loves gardening,insurance deductible question
Sam,Miller6302,sam.miller6302@example.com,(414) 555-6302,Racine,WI,53403,,Alex,parents nearby,just remodeled kitchen,tree trim quote
Taylor,Martinez6303,taylor.martinez6303@example.com,(414) 555-6303,Madison,WI,53703,Martinez Properties,Sam,,,
Casey,Gonzalez6304,casey.gonzalez6304@example.com,(414) 555-6304,Green Bay,WI,54301,,,,,
Riley,Thomas6305,riley.thomas6305@example.com,(414) 555-6305,Chicago,IL,60611,,Pat,two kids,new roof last year,sump pump check
Morgan,Jackson6306,morgan.jackson6306@example.com,(414) 555-6306,Evanston,IL,60201,Jackson Properties,Chris,dog named Buddy,loves gardening,insurance deductible question
Avery,Johnson6307,avery.johnson6307@example.com,(414) 555-6307,Brookfield,WI,53005,,Alex,parents nearby,just remodeled kitchen,tree trim quote
Quinn,Jones6308,quinn.jones6308@example.com,(414) 555-6308,Kenosha,WI,53140,,Sam,,,
Jamie,Davis6309,jamie.davis6309@example.com,(414) 555-6309,Appleton,WI,54911,Davis Properties,,,,
Cameron,Hernandez6310,cameron.hernandez6310@example.com,(414) 555-6310,Milwaukee,WI,53202,,Pat,two kids,new roof last year,sump pump check
Drew,Wilson6311,drew.wilson6311@example.com,(414) 555-6311,Waukesha,WI,53186,,Chris,dog named Buddy,loves gardening,insurance deductible question
Reese,Taylor6312,reese.taylor6312@example.com,(414) 555-6312,Racine,WI,53403,Taylor Properties,Alex,parents nearby,just remodeled kitchen,tree trim quote
Skyler,Martin6313,skyler.martin6313@example.com,(414) 555-6313,Madison,WI,53703,,Sam,,,
Parker,Williams6314,parker.williams6314@example.com,(414) 555-6314,Green Bay,WI,54301,,,,,
Blake,Garcia6315,blake.garcia6315@example.com,(414) 555-6315,Chicago,IL,60611,Garcia Properties,Pat,two kids,new roof last year,sump pump check
Hayden,Rodriguez6316,hayden.rodriguez6316@example.com,(414) 555-6316,Evanston,IL,60201,,Chris,dog named Buddy,loves gardening,insurance deductible question
Rowan,Lopez6317,rowan.lopez6317@example.com,(414) 555-6317,Brookfield,WI,53005,,Alex,parents nearby,just remodeled kitchen,tree trim quote
Sawyer,Anderson6318,sawyer.anderson6318@example.com,(414) 555-6318,Kenosha,WI,53140,Anderson Properties,Sam,,,
Finley,Moore6319,finley.moore6319@example.com,(414) 555-6319,Appleton,WI,54911,,,,,
Alex,Smith6320,alex.smith6320@example.com,(414) 555-6320,Milwaukee,WI,53202,,Pat,two kids,new roof last year,sump pump check
Jordan,Brown6321,jordan.brown6321@example.com,(414) 555-6321,Waukesha,WI,53186,Brown Properties,Chris,dog named Buddy,loves gardening,insurance deductible question
Sam,Miller6322,sam.miller6322@example.com,(414) 555-6322,Racine,WI,53403,,Alex,parents nearby,just remodeled kitchen,tree trim quote
Taylor,Martinez6323,taylor.martinez6323@example.com,(414) 555-6323,Madison,WI,53703,,Sam,,,
Casey,Gonzalez6324,casey.gonzalez6324@example.com,(414) 555-6324,Green Bay,WI,54301,Gonzalez Properties,,,,
Riley,Thomas6325,riley.thomas6325@example.com,(414) 555-6325,Chicago,IL,60611,,Pat,two kids,new roof last year,sump pump check
Morgan,Jackson6326,morgan.jackson6326@example.com,(414) 555-6326,Evanston,IL,60201,,Chris,dog named Buddy,loves gardening,insurance deductible question
Avery,Johnson6327,avery.johnson6327@example.com,(414) 555-6327,Brookfield,WI,53005,Johnson Properties,Alex,parents nearby,just remodeled kitchen,tree trim quote
Quinn,Jones6328,quinn.jones6328@example.com,(414) 555-6328,Kenosha,WI,53140,,Sam,,,
Jamie,Davis6329,jamie.davis6329@example.com,(414) 555-6329,Appleton,WI,54911,,,,,
Cameron,Hernandez6330,cameron.hernandez6330@example.com,(414) 555-6330,Milwaukee,WI,53202,Hernandez Properties,Pat,two kids,new roof last year,sump pump check
Drew,Wilson6331,drew.wilson6331@example.com,(414) 555-6331,Waukesha,WI,53186,,Chris,dog named Buddy,loves gardening,insurance deductible question
Reese,Taylor6332,reese.taylor6332@example.com,(414) 555-6332,Racine,WI,53403,,Alex,parents nearby,just remodeled kitchen,tree trim quote
Skyler,Martin6333,skyler.martin6333@example.com,(414) 555-6333,Madison,WI,53703,Martin Properties,Sam,,,
Parker,Williams6334,parker.williams6334@example.com,(414) 555-6334,Green Bay,WI,54301,,,,,
Blake,Garcia6335,blake.garcia6335@example.com,(414) 555-6335,Chicago,IL,60611,,Pat,two kids,new roof last year,sump pump check
Hayden,Rodriguez6336,hayden.rodriguez6336@example.com,(414) 555-6336,Evanston,IL,60201,Rodriguez Properties,Chris,dog named Buddy,loves gardening,insurance deductible question
Rowan,Lopez6337,rowan.lopez6337@example.com,(414) 555-6337,Brookfield,WI,53005,,Alex,parents nearby,just remodeled kitchen,tree trim quote
Sawyer,Anderson6338,sawyer.anderson6338@example.com,(414) 555-6338,Kenosha,WI,53140,,Sam,,,
Finley,Moore6339,finley.moore6339@example.com,(414) 555-6339,Appleton,WI,54911,Moore Properties,,,,
Alex,Smith6340,alex.smith6340@example.com,(414) 555-6340,Milwaukee,WI,53202,,Pat,two kids,new roof last year,sump pump check
Jordan,Brown6341,jordan.brown6341@example.com,(414) 555-6341,Waukesha,WI,53186,,Chris,dog named Buddy,loves gardening,insurance deductible question
Sam,Miller6342,sam.miller6342@example.com,(414) 555-6342,Racine,WI,53403,Miller Properties,Alex,parents nearby,just remodeled kitchen,tree trim quote
Taylor,Martinez6343,taylor.martinez6343@example.com,(414) 555-6343,Madison,WI,53703,,Sam,,,
Casey,Gonzalez6344,casey.gonzalez6344@example.com,(414) 555-6344,Green Bay,WI,54301,,,,,
Riley,Thomas6345,riley.thomas6345@example.com,(414) 555-6345,Chicago,IL,60611,Thomas Properties,Pat,two kids,new roof last year,sump pump check
Morgan,Jackson6346,morgan.jackson6346@example.com,(414) 555-6346,Evanston,IL,60201,,Chris,dog named Buddy,loves gardening,insurance deductible question
Avery,Johnson6347,avery.johnson6347@example.com,(414) 555-6347,Brookfield,WI,53005,,Alex,parents nearby,just remodeled kitchen,tree trim quote
Quinn,Jones6348,quinn.jones6348@example.com,(414) 555-6348,Kenosha,WI,53140,Jones Properties,Sam,,,
Jamie,Davis6349,jamie.davis6349@example.com,(414) 555-6349,Appleton,WI,54911,,,,,
Cameron,Hernandez6350,cameron.hernandez6350@example.com,(414) 555-6350,Milwaukee,WI,53202,,Pat,two kids,new roof last year,sump pump check
Drew,Wilson6351,drew.wilson6351@example.com,(414) 555-6351,Waukesha,WI,53186,Wilson Properties,Chris,dog named Buddy,loves gardening,insurance deductible question
Reese,Taylor6352,reese.taylor6352@example.com,(414) 555-6352,Racine,WI,53403,,Alex,parents nearby,just remodeled kitchen,tree trim quote
Skyler,Martin6353,skyler.martin6353@example.com,(414) 555-6353,Madison,WI,53703,,Sam,,,
Parker,Williams6354,parker.williams6354@example.com,(414) 555-6354,Green Bay,WI,54301,Williams Properties,,,,
Blake,Garcia6355,blake.garcia6355@example.com,(414) 555-6355,Chicago,IL,60611,,Pat,two kids,new roof last year,sump pump check
Hayden,Rodriguez6356,hayden.rodriguez6356@example.com,(414) 555-6356,Evanston,IL,60201,,Chris,dog named Buddy,loves gardening,insurance deductible question
Rowan,Lopez6357,rowan.lopez6357@example.com,(414) 555-6357,Brookfield,WI,53005,Lopez Properties,Alex,parents nearby,just remodeled kitchen,tree trim quote
Sawyer,Anderson6358,sawyer.anderson6358@example.com,(414) 555-6358,Kenosha,WI,53140,,Sam,,,
Finley,Moore6359,finley.moore6359@example.com,(414) 555-6359,Appleton,WI,54911,,,,,
Alex,Smith6360,alex.smith6360@example.com,(414) 555-6360,Milwaukee,WI,53202,Smith Properties,Pat,two kids,new roof last year,sump pump check
Jordan,Brown6361,jordan.brown6361@example.com,(414) 555-6361,Waukesha,WI,53186,,Chris,dog named Buddy,loves gardening,insurance deductible question
Sam,Miller6362,sam.miller6362@example.com,(414) 555-6362,Racine,WI,53403,,Alex,parents nearby,just remodeled kitchen,tree trim quote
Taylor,Martinez6363,taylor.martinez6363@example.com,(414) 555-6363,Madison,WI,53703,Martinez Properties,Sam,,,
Casey,Gonzalez6364,casey.gonzalez6364@example.com,(414) 555-6364,Green Bay,WI,54301,,,,,
Riley,Thomas6365,riley.thomas6365@example.com,(414) 555-6365,Chicago,IL,60611,,Pat,two kids,new roof last year,sump pump check
Morgan,Jackson6366,morgan.jackson6366@example.com,(414) 555-6366,Evanston,IL,60201,Jackson Properties,Chris,dog named Buddy,loves gardening,insurance deductible question
Avery,Johnson6367,avery.johnson6367@example.com,(414) 555-6367,Brookfield,WI,53005,,Alex,parents nearby,just remodeled kitchen,tree trim quote
Quinn,Jones6368,quinn.jones6368@example.com,(414) 555-6368,Kenosha,WI,53140,,Sam,,,
Jamie,Davis6369,jamie.davis6369@example.com,(414) 555-6369,Appleton,WI,54911,Davis Properties,,,,
Cameron,Hernandez6370,cameron.hernandez6370@example.com,(414) 555-6370,Milwaukee,WI,53202,,Pat,two kids,new roof last year,sump pump check
Drew,Wilson6371,drew.wilson6371@example.com,(414) 555-6371,Waukesha,WI,53186,,Chris,dog named Buddy,loves gardening,insurance deductible question
Reese,Taylor6372,reese.taylor6372@example.com,(414) 555-6372,Racine,WI,53403,Taylor Properties,Alex,parents nearby,just remodeled kitchen,tree trim quote
Skyler,Martin6373,skyler.martin6373@example.com,(414) 555-6373,Madison,WI,53703,,Sam,,,
Parker,Williams6374,parker.williams6374@example.com,(414) 555-6374,Green Bay,WI,54301,,,,,
Blake,Garcia6375,blake.garcia6375@example.com,(414) 555-6375,Chicago,IL,60611,Garcia Properties,Pat,two kids,new roof last year,sump pump check
Hayden,Rodriguez6376,hayden.rodriguez6376@example.com,(414) 555-6376,Evanston,IL,60201,,Chris,dog named Buddy,loves gardening,insurance deductible question
Rowan,Lopez6377,rowan.lopez6377@example.com,(414) 555-6377,Brookfield,WI,53005,,Alex,parents nearby,just remodeled kitchen,tree trim quote
Sawyer,Anderson6378,sawyer.anderson6378@example.com,(414) 555-6378,Kenosha,WI,53140,Anderson Properties,Sam,,,
Finley,Moore6379,finley.moore6379@example.com,(414) 555-6379,Appleton,WI,54911,,,,,
Alex,Smith6380,alex.smith6380@example.com,(414) 555-6380,Milwaukee,WI,53202,,Pat,two kids,new roof last year,sump pump check
Jordan,Brown6381,jordan.brown6381@example.com,(414) 555-6381,Waukesha,WI,53186,Brown Properties,Chris,dog named Buddy,loves gardening,insurance deductible question
Sam,Miller6382,sam.miller6382@example.com,(414) 555-6382,Racine,WI,53403,,Alex,parents nearby,just remodeled kitchen,tree trim quote
Taylor,Martinez6383,taylor.martinez6383@example.com,(414) 555-6383,Madison,WI,53703,,Sam,,,
Casey,Gonzalez6384,casey.gonzalez6384@example.com,(414) 555-6384,Green Bay,WI,54301,Gonzalez Properties,,,,
Riley,Thomas6385,riley.thomas6385@example.com,(414) 555-6385,Chicago,IL,60611,,Pat,two kids,new roof last year,sump pump check
Morgan,Jackson6386,morgan.jackson6386@example.com,(414) 555-6386,Evanston,IL,60201,,Chris,dog named Buddy,loves gardening,insurance deductible question
Avery,Johnson6387,avery.johnson6387@example.com,(414) 555-6387,Brookfield,WI,53005,Johnson Properties,Alex,parents nearby,just remodeled kitchen,tree trim quote
Quinn,Jones6388,quinn.jones6388@example.com,(414) 555-6388,Kenosha,WI,53140,,Sam,,,
Jamie,Davis6389,jamie.davis6389@example.com,(414) 555-6389,Appleton,WI,54911,,,,,
Cameron,Hernandez6390,cameron.hernandez6390@example.com,(414) 555-6390,Milwaukee,WI,53202,Hernandez Properties,Pat,two kids,new roof last year,sump pump check
Drew,Wilson6391,drew.wilson6391@example.com,(414) 555-6391,Waukesha,WI,53186,,Chris,dog named Buddy,loves gardening,insurance deductible question
Reese,Taylor6392,reese.taylor6392@example.com,(414) 555-6392,Racine,WI,53403,,Alex,parents nearby,just remodeled kitchen,tree trim quote
Skyler,Martin6393,skyler.martin6393@example.com,(414) 555-6393,Madison,WI,53703,Martin Properties,Sam,,,
Parker,Williams6394,parker.williams6394@example.com,(414) 555-6394,Green Bay,WI,54301,,,,,
Blake,Garcia6395,blake.garcia6395@example.com,(414) 555-6395,Chicago,IL,60611,,Pat,two kids,new roof last year,sump pump check
Hayden,Rodriguez6396,hayden.rodriguez6396@example.com,(414) 555-6396,Evanston,IL,60201,Rodriguez Properties,Chris,dog named Buddy,loves gardening,insurance deductible question
Rowan,Lopez6397,rowan.lopez6397@example.com,(414) 555-6397,Brookfield,WI,53005,,Alex,parents nearby,just remodeled kitchen,tree trim quote
Sawyer,Anderson6398,sawyer.anderson6398@example.com,(414) 555-6398,Kenosha,WI,53140,,Sam,,,
Finley,Moore6399,finley.moore6399@example.com,(414) 555-6399,Appleton,WI,54911,Moore Properties,,,,
Alex,Smith6400,alex.smith6400@example.com,(414) 555-6400,Milwaukee,WI,53202,,Pat,two kids,new roof last year,sump pump check
Jordan,Brown6401,jordan.brown6401@example.com,(414) 555-6401,Waukesha,WI,53186,,Chris,dog named Buddy,loves gardening,insurance deductible question
Sam,Miller6402,sam.miller6402@example.com,(414) 555-6402,Racine,WI,53403,Miller Properties,Alex,parents nearby,just remodeled kitchen,tree trim quote
Taylor,Martinez6403,taylor.martinez6403@example.com,(414) 555-6403,Madison,WI,53703,,Sam,,,
Casey,Gonzalez6404,casey.gonzalez6404@example.com,(414) 555-6404,Green Bay,WI,54301,,,,,
Riley,Thomas6405,riley.thomas6405@example.com,(414) 555-6405,Chicago,IL,60611,Thomas Properties,Pat,two kids,new roof last year,sump pump check
Morgan,Jackson6406,morgan.jackson6406@example.com,(414) 555-6406,Evanston,IL,60201,,Chris,dog named Buddy,loves gardening,insurance deductible question
Avery,Johnson6407,avery.johnson6407@example.com,(414) 555-6407,Brookfield,WI,53005,,Alex,parents nearby,just remodeled kitchen,tree trim quote
Quinn,Jones6408,quinn.jones6408@example.com,(414) 555-6408,Kenosha,WI,53140,Jones Properties,Sam,,,
Jamie,Davis6409,jamie.davis6409@example.com,(414) 555-6409,Appleton,WI,54911,,,,,
Cameron,Hernandez6410,cameron.hernandez6410@example.com,(414) 555-6410,Milwaukee,WI,53202,,Pat,two kids,new roof last year,sump pump check
Drew,Wilson6411,drew.wilson6411@example.com,(414) 555-6411,Waukesha,WI,53186,Wilson Properties,Chris,dog named Buddy,loves gardening,insurance deductible question
Reese,Taylor6412,reese.taylor6412@example.com,(414) 555-6412,Racine,WI,53403,,Alex,parents nearby,just remodeled kitchen,tree trim quote
Skyler,Martin6413,skyler.martin6413@example.com,(414) 555-6413,Madison,WI,53703,,Sam,,,
Parker,Williams6414,parker.williams6414@example.com,(414) 555-6414,Green Bay,WI,54301,Williams Properties,,,,
Blake,Garcia6415,blake.garcia6415@example.com,(414) 555-6415,Chicago,IL,60611,,Pat,two kids,new roof last year,sump pump check
Hayden,Rodriguez6416,hayden.rodriguez6416@example.com,(414) 555-6416,Evanston,IL,60201,,Chris,dog named Buddy,loves gardening,insurance deductible question
Rowan,Lopez6417,rowan.lopez6417@example.com,(414) 555-6417,Brookfield,WI,53005,Lopez Properties,Alex,parents nearby,just remodeled kitchen,tree trim quote
Sawyer,Anderson6418,sawyer.anderson6418@example.com,(414) 555-6418,Kenosha,WI,53140,,Sam,,,
Finley,Moore6419,finley.moore6419@example.com,(414) 555-6419,Appleton,WI,54911,,,,,
Alex,Smith6420,alex.smith6420@example.com,(414) 555-6420,Milwaukee,WI,53202,Smith Properties,Pat,two kids,new roof last year,sump pump check
Jordan,Brown6421,jordan.brown6421@example.com,(414) 555-6421,Waukesha,WI,53186,,Chris,dog named Buddy,loves gardening,insurance deductible question
Sam,Miller6422,sam.miller6422@example.com,(414) 555-6422,Racine,WI,53403,,Alex,parents nearby,just remodeled kitchen,tree trim quote
Taylor,Martinez6423,taylor.martinez6423@example.com,(414) 555-6423,Madison,WI,53703,Martinez Properties,Sam,,,
Casey,Gonzalez6424,casey.gonzalez6424@example.com,(414) 555-6424,Green Bay,WI,54301,,,,,
Riley,Thomas6425,riley.thomas6425@example.com,(414) 555-6425,Chicago,IL,60611,,Pat,two kids,new roof last year,sump pump check
Morgan,Jackson6426,morgan.jackson6426@example.com,(414) 555-6426,Evanston,IL,60201,Jackson Properties,Chris,dog named Buddy,loves gardening,insurance deductible question
Avery,Johnson6427,avery.johnson6427@example.com,(414) 555-6427,Brookfield,WI,53005,,Alex,parents nearby,just remodeled kitchen,tree trim quote
Quinn,Jones6428,quinn.jones6428@example.com,(414) 555-6428,Kenosha,WI,53140,,Sam,,,
Jamie,Davis6429,jamie.davis6429@example.com,(414) 555-6429,Appleton,WI,54911,Davis Properties,,,,
Cameron,Hernandez6430,cameron.hernandez6430@example.com,(414) 555-6430,Milwaukee,WI,53202,,Pat,two kids,new roof last year,sump pump check
Drew,Wilson6431,drew.wilson6431@example.com,(414) 555-6431,Waukesha,WI,53186,,Chris,dog named Buddy,loves gardening,insurance deductible question
Reese,Taylor6432,reese.taylor6432@example.com,(414) 555-6432,Racine,WI,53403,Taylor Properties,Alex,parents nearby,just remodeled kitchen,tree trim quote
Skyler,Martin6433,skyler.martin6433@example.com,(414) 555-6433,Madison,WI,53703,,Sam,,,
Parker,Williams6434,parker.williams6434@example.com,(414) 555-6434,Green Bay,WI,54301,,,,,
Blake,Garcia6435,blake.garcia6435@example.com,(414) 555-6435,Chicago,IL,60611,Garcia Properties,Pat,two kids,new roof last year,sump pump check
Hayden,Rodriguez6436,hayden.rodriguez6436@example.com,(414) 555-6436,Evanston,IL,60201,,Chris,dog named Buddy,loves gardening,insurance deductible question
Rowan,Lopez6437,rowan.lopez6437@example.com,(414) 555-6437,Brookfield,WI,53005,,Alex,parents nearby,just remodeled kitchen,tree trim quote
Sawyer,Anderson6438,sawyer.anderson6438@example.com,(414) 555-6438,Kenosha,WI,53140,Anderson Properties,Sam,,,
Finley,Moore6439,finley.moore6439@example.com,(414) 555-6439,Appleton,WI,54911,,,,,
Alex,Smith6440,alex.smith6440@example.com,(414) 555-6440,Milwaukee,WI,53202,,Pat,two kids,new roof last year,sump pump check
Jordan,Brown6441,jordan.brown6441@example.com,(414) 555-6441,Waukesha,WI,53186,Brown Properties,Chris,dog named Buddy,loves gardening,insurance deductible question
Sam,Miller6442,sam.miller6442@example.com,(414) 555-6442,Racine,WI,53403,,Alex,parents nearby,just remodeled kitchen,tree trim quote
Taylor,Martinez6443,taylor.martinez6443@example.com,(414) 555-6443,Madison,WI,53703,,Sam,,,
Casey,Gonzalez6444,casey.gonzalez6444@example.com,(414) 555-6444,Green Bay,WI,54301,Gonzalez Properties,,,,
Riley,Thomas6445,riley.thomas6445@example.com,(414) 555-6445,Chicago,IL,60611,,Pat,two kids,new roof last year,sump pump check
Morgan,Jackson6446,morgan.jackson6446@example.com,(414) 555-6446,Evanston,IL,60201,,Chris,dog named Buddy,loves gardening,insurance deductible question
Avery,Johnson6447,avery.johnson6447@example.com,(414) 555-6447,Brookfield,WI,53005,Johnson Properties,Alex,parents nearby,just remodeled kitchen,tree trim quote
Quinn,Jones6448,quinn.jones6448@example.com,(414) 555-6448,Kenosha,WI,53140,,Sam,,,
Jamie,Davis6449,jamie.davis6449@example.com,(414) 555-6449,Appleton,WI,54911,,,,,
Cameron,Hernandez6450,cameron.hernandez6450@example.com,(414) 555-6450,Milwaukee,WI,53202,Hernandez Properties,Pat,two kids,new roof last year,sump pump check
Drew,Wilson6451,drew.wilson6451@example.com,(414) 555-6451,Waukesha,WI,53186,,Chris,dog named Buddy,loves gardening,insurance deductible question
Reese,Taylor6452,reese.taylor6452@example.com,(414) 555-6452,Racine,WI,53403,,Alex,parents nearby,just remodeled kitchen,tree trim quote
Skyler,Martin6453,skyler.martin6453@example.com,(414) 555-6453,Madison,WI,53703,Martin Properties,Sam,,,
Parker,Williams6454,parker.williams6454@example.com,(414) 555-6454,Green Bay,WI,54301,,,,,
Blake,Garcia6455,blake.garcia6455@example.com,(414) 555-6455,Chicago,IL,60611,,Pat,two kids,new roof last year,sump pump check
Hayden,Rodriguez6456,hayden.rodriguez6456@example.com,(414) 555-6456,Evanston,IL,60201,Rodriguez Properties,Chris,dog named Buddy,loves gardening,insurance deductible question
Rowan,Lopez6457,rowan.lopez6457@example.com,(414) 555-6457,Brookfield,WI,53005,,Alex,parents nearby,just remodeled kitchen,tree trim quote
Sawyer,Anderson6458,sawyer.anderson6458@example.com,(414) 555-6458,Kenosha,WI,53140,,Sam,,,
Finley,Moore6459,finley.moore6459@example.com,(414) 555-6459,Appleton,WI,54911,Moore Properties,,,,
Alex,Smith6460,alex.smith6460@example.com,(414) 555-6460,Milwaukee,WI,53202,,Pat,two kids,new roof last year,sump pump check
Jordan,Brown6461,jordan.brown6461@example.com,(414) 555-6461,Waukesha,WI,53186,,Chris,dog named Buddy,loves gardening,insurance deductible question
Sam,Miller6462,sam.miller6462@example.com,(414) 555-6462,Racine,WI,53403,Miller Properties,Alex,parents nearby,just remodeled kitchen,tree trim quote
Taylor,Martinez6463,taylor.martinez6463@example.com,(414) 555-6463,Madison,WI,53703,,Sam,,,
Casey,Gonzalez6464,casey.gonzalez6464@example.com,(414) 555-6464,Green Bay,WI,54301,,,,,
Riley,Thomas6465,riley.thomas6465@example.com,(414) 555-6465,Chicago,IL,60611,Thomas Properties,Pat,two kids,new roof last year,sump pump check
Morgan,Jackson6466,morgan.jackson6466@example.com,(414) 555-6466,Evanston,IL,60201,,Chris,dog named Buddy,loves gardening,insurance deductible question
Avery,Johnson6467,avery.johnson6467@example.com,(414) 555-6467,Brookfield,WI,53005,,Alex,parents nearby,just remodeled kitchen,tree trim quote
Quinn,Jones6468,quinn.jones6468@example.com,(414) 555-6468,Kenosha,WI,53140,Jones Properties,Sam,,,
Jamie,Davis6469,jamie.davis6469@example.com,(414) 555-6469,Appleton,WI,54911,,,,,
Cameron,Hernandez6470,cameron.hernandez6470@example.com,(414) 555-6470,Milwaukee,WI,53202,,Pat,two kids,new roof last year,sump pump check
Drew,Wilson6471,drew.wilson6471@example.com,(414) 555-6471,Waukesha,WI,53186,Wilson Properties,Chris,dog named Buddy,loves gardening,insurance deductible question
Reese,Taylor6472,reese.taylor6472@example.com,(414) 555-6472,Racine,WI,53403,,Alex,parents nearby,just remodeled kitchen,tree trim quote
Skyler,Martin6473,skyler.martin6473@example.com,(414) 555-6473,Madison,WI,53703,,Sam,,,
Parker,Williams6474,parker.williams6474@example.com,(414) 555-6474,Green Bay,WI,54301,Williams Properties,,,,
Blake,Garcia6475,blake.garcia6475@example.com,(414) 555-6475,Chicago,IL,60611,,Pat,two kids,new roof last year,sump pump check
Hayden,Rodriguez6476,hayden.rodriguez6476@example.com,(414) 555-6476,Evanston,IL,60201,,Chris,dog named Buddy,loves gardening,insurance deductible question
Rowan,Lopez6477,rowan.lopez6477@example.com,(414) 555-6477,Brookfield,WI,53005,Lopez Properties,Alex,parents nearby,just remodeled kitchen,tree trim quote
Sawyer,Anderson6478,sawyer.anderson6478@example.com,(414) 555-6478,Kenosha,WI,53140,,Sam,,,
Finley,Moore6479,finley.moore6479@example.com,(414) 555-6479,Appleton,WI,54911,,,,,
Alex,Smith6480,alex.smith6480@example.com,(414) 555-6480,Milwaukee,WI,53202,Smith Properties,Pat,two kids,new roof last year,sump pump check
Jordan,Brown6481,jordan.brown6481@example.com,(414) 555-6481,Waukesha,WI,53186,,Chris,dog named Buddy,loves gardening,insurance deductible question
Sam,Miller6482,sam.miller6482@example.com,(414) 555-6482,Racine,WI,53403,,Alex,parents nearby,just remodeled kitchen,tree trim quote
Taylor,Martinez6483,taylor.martinez6483@example.com,(414) 555-6483,Madison,WI,53703,Martinez Properties,Sam,,,
Casey,Gonzalez6484,casey.gonzalez6484@example.com,(414) 555-6484,Green Bay,WI,54301,,,,,
Riley,Thomas6485,riley.thomas6485@example.com,(414) 555-6485,Chicago,IL,60611,,Pat,two kids,new roof last year,sump pump check
Morgan,Jackson6486,morgan.jackson6486@example.com,(414) 555-6486,Evanston,IL,60201,Jackson Properties,Chris,dog named Buddy,loves gardening,insurance deductible question
Avery,Johnson6487,avery.johnson6487@example.com,(414) 555-6487,Brookfield,WI,53005,,Alex,parents nearby,just remodeled kitchen,tree trim quote
Quinn,Jones6488,quinn.jones6488@example.com,(414) 555-6488,Kenosha,WI,53140,,Sam,,,
Jamie,Davis6489,jamie.davis6489@example.com,(414) 555-6489,Appleton,WI,54911,Davis Properties,,,,
Cameron,Hernandez6490,cameron.hernandez6490@example.com,(414) 555-6490,Milwaukee,WI,53202,,Pat,two kids,new roof last year,sump pump check
Drew,Wilson6491,drew.wilson6491@example.com,(414) 555-6491,Waukesha,WI,53186,,Chris,dog named Buddy,loves gardening,insurance deductible question
Reese,Taylor6492,reese.taylor6492@example.com,(414) 555-6492,Racine,WI,53403,Taylor Properties,Alex,parents nearby,just remodeled kitchen,tree trim quote
Skyler,Martin6493,skyler.martin6493@example.com,(414) 555-6493,Madison,WI,53703,,Sam,,,
Parker,Williams6494,parker.williams6494@example.com,(414) 555-6494,Green Bay,WI,54301,,,,,
Blake,Garcia6495,blake.garcia6495@example.com,(414) 555-6495,Chicago,IL,60611,Garcia Properties,Pat,two kids,new roof last year,sump pump check
Hayden,Rodriguez6496,hayden.rodriguez6496@example.com,(414) 555-6496,Evanston,IL,60201,,Chris,dog named Buddy,loves gardening,insurance deductible question
Rowan,Lopez6497,rowan.lopez6497@example.com,(414) 555-6497,Brookfield,WI,53005,,Alex,parents nearby,just remodeled kitchen,tree trim quote
Sawyer,Anderson6498,sawyer.anderson6498@example.com,(414) 555-6498,Kenosha,WI,53140,Anderson Properties,Sam,,,
Finley,Moore6499,finley.moore6499@example.com,(414) 555-6499,Appleton,WI,54911,,,,,
Alex,Smith6500,alex.smith6500@example.com,(414) 555-6500,Milwaukee,WI,53202,,Pat,two kids,new roof last year,sump pump check
Jordan,Brown6501,jordan.brown6501@example.com,(414) 555-6501,Waukesha,WI,53186,Brown Properties,Chris,dog named Buddy,loves gardening,insurance deductible question
Sam,Miller6502,sam.miller6502@example.com,(414) 555-6502,Racine,WI,53403,,Alex,parents nearby,just remodeled kitchen,tree trim quote
Taylor,Martinez6503,taylor.martinez6503@example.com,(414) 555-6503,Madison,WI,53703,,Sam,,,
Casey,Gonzalez6504,casey.gonzalez6504@example.com,(414) 555-6504,Green Bay,WI,54301,Gonzalez Properties,,,,
Riley,Thomas6505,riley.thomas6505@example.com,(414) 555-6505,Chicago,IL,60611,,Pat,two kids,new roof last year,sump pump check
Morgan,Jackson6506,morgan.jackson6506@example.com,(414) 555-6506,Evanston,IL,60201,,Chris,dog named Buddy,loves gardening,insurance deductible question
Avery,Johnson6507,avery.johnson6507@example.com,(414) 555-6507,Brookfield,WI,53005,Johnson Properties,Alex,parents nearby,just remodeled kitchen,tree trim quote
Quinn,Jones6508,quinn.jones6508@example.com,(414) 555-6508,Kenosha,WI,53140,,Sam,,,
Jamie,Davis6509,jamie.davis6509@example.com,(414) 555-6509,Appleton,WI,54911,,,,,
Cameron,Hernandez6510,cameron.hernandez6510@example.com,(414) 555-6510,Milwaukee,WI,53202,Hernandez Properties,Pat,two kids,new roof last year,sump pump check
Drew,Wilson6511,drew.wilson6511@example.com,(414) 555-6511,Waukesha,WI,53186,,Chris,dog named Buddy,loves gardening,insurance deductible question
Reese,Taylor6512,reese.taylor6512@example.com,(414) 555-6512,Racine,WI,53403,,Alex,parents nearby,just remodeled kitchen,tree trim quote
Skyler,Martin6513,skyler.martin6513@example.com,(414) 555-6513,Madison,WI,53703,Martin Properties,Sam,,,
Parker,Williams6514,parker.williams6514@example.com,(414) 555-6514,Green Bay,WI,54301,,,,,
Blake,Garcia6515,blake.garcia6515@example.com,(414) 555-6515,Chicago,IL,60611,,Pat,two kids,new roof last year,sump pump check
Hayden,Rodriguez6516,hayden.rodriguez6516@example.com,(414) 555-6516,Evanston,IL,60201,Rodriguez Properties,Chris,dog named Buddy,loves gardening,insurance deductible question
Rowan,Lopez6517,rowan.lopez6517@example.com,(414) 555-6517,Brookfield,WI,53005,,Alex,parents nearby,just remodeled kitchen,tree trim quote
Sawyer,Anderson6518,sawyer.anderson6518@example.com,(414) 555-6518,Kenosha,WI,53140,,Sam,,,
Finley,Moore6519,finley.moore6519@example.com,(414) 555-6519,Appleton,WI,54911,Moore Properties,,,,
Alex,Smith6520,alex.smith6520@example.com,(414) 555-6520,Milwaukee,WI,53202,,Pat,two kids,new roof last year,sump pump check
Jordan,Brown6521,jordan.brown6521@example.com,(414) 555-6521,Waukesha,WI,53186,,Chris,dog named Buddy,loves gardening,insurance deductible question
Sam,Miller6522,sam.miller6522@example.com,(414) 555-6522,Racine,WI,53403,Miller Properties,Alex,parents nearby,just remodeled kitchen,tree trim quote
Taylor,Martinez6523,taylor.martinez6523@example.com,(414) 555-6523,Madison,WI,53703,,Sam,,,
Casey,Gonzalez6524,casey.gonzalez6524@example.com,(414) 555-6524,Green Bay,WI,54301,,,,,
Riley,Thomas6525,riley.thomas6525@example.com,(414) 555-6525,Chicago,IL,60611,Thomas Properties,Pat,two kids,new roof last year,sump pump check
Morgan,Jackson6526,morgan.jackson6526@example.com,(414) 555-6526,Evanston,IL,60201,,Chris,dog named Buddy,loves gardening,insurance deductible question
Avery,Johnson6527,avery.johnson6527@example.com,(414) 555-6527,Brookfield,WI,53005,,Alex,parents nearby,just remodeled kitchen,tree trim quote
Quinn,Jones6528,quinn.jones6528@example.com,(414) 555-6528,Kenosha,WI,53140,Jones Properties,Sam,,,
Jamie,Davis6529,jamie.davis6529@example.com,(414) 555-6529,Appleton,WI,54911,,,,,
Cameron,Hernandez6530,cameron.hernandez6530@example.com,(414) 555-6530,Milwaukee,WI,53202,,Pat,two kids,new roof last year,sump pump check
Drew,Wilson6531,drew.wilson6531@example.com,(414) 555-6531,Waukesha,WI,53186,Wilson Properties,Chris,dog named Buddy,loves gardening,insurance deductible question
Reese,Taylor6532,reese.taylor6532@example.com,(414) 555-6532,Racine,WI,53403,,Alex,parents nearby,just remodeled kitchen,tree trim quote
Skyler,Martin6533,skyler.martin6533@example.com,(414) 555-6533,Madison,WI,53703,,Sam,,,
Parker,Williams6534,parker.williams6534@example.com,(414) 555-6534,Green Bay,WI,54301,Williams Properties,,,,
Blake,Garcia6535,blake.garcia6535@example.com,(414) 555-6535,Chicago,IL,60611,,Pat,two kids,new roof last year,sump pump check
Hayden,Rodriguez6536,hayden.rodriguez6536@example.com,(414) 555-6536,Evanston,IL,60201,,Chris,dog named Buddy,loves gardening,insurance deductible question
Rowan,Lopez6537,rowan.lopez6537@example.com,(414) 555-6537,Brookfield,WI,53005,Lopez Properties,Alex,parents nearby,just remodeled kitchen,tree trim quote
Sawyer,Anderson6538,sawyer.anderson6538@example.com,(414) 555-6538,Kenosha,WI,53140,,Sam,,,
Finley,Moore6539,finley.moore6539@example.com,(414) 555-6539,Appleton,WI,54911,,,,,
Alex,Smith6540,alex.smith6540@example.com,(414) 555-6540,Milwaukee,WI,53202,Smith Properties,Pat,two kids,new roof last year,sump pump check
Jordan,Brown6541,jordan.brown6541@example.com,(414) 555-6541,Waukesha,WI,53186,,Chris,dog named Buddy,loves gardening,insurance deductible question
Sam,Miller6542,sam.miller6542@example.com,(414) 555-6542,Racine,WI,53403,,Alex,parents nearby,just remodeled kitchen,tree trim quote
Taylor,Martinez6543,taylor.martinez6543@example.com,(414) 555-6543,Madison,WI,53703,Martinez Properties,Sam,,,
Casey,Gonzalez6544,casey.gonzalez6544@example.com,(414) 555-6544,Green Bay,WI,54301,,,,,
Riley,Thomas6545,riley.thomas6545@example.com,(414) 555-6545,Chicago,IL,60611,,Pat,two kids,new roof last year,sump pump check
Morgan,Jackson6546,morgan.jackson6546@example.com,(414) 555-6546,Evanston,IL,60201,Jackson Properties,Chris,dog named Buddy,loves gardening,insurance deductible question
Avery,Johnson6547,avery.johnson6547@example.com,(414) 555-6547,Brookfield,WI,53005,,Alex,parents nearby,just remodeled kitchen,tree trim quote
Quinn,Jones6548,quinn.jones6548@example.com,(414) 555-6548,Kenosha,WI,53140,,Sam,,,
Jamie,Davis6549,jamie.davis6549@example.com,(414) 555-6549,Appleton,WI,54911,Davis Properties,,,,
Cameron,Hernandez6550,cameron.hernandez6550@example.com,(414) 555-6550,Milwaukee,WI,53202,,Pat,two kids,new roof last year,sump pump check
Drew,Wilson6551,drew.wilson6551@example.com,(414) 555-6551,Waukesha,WI,53186,,Chris,dog named Buddy,loves gardening,insurance deductible question
Reese,Taylor6552,reese.taylor6552@example.com,(414) 555-6552,Racine,WI,53403,Taylor Properties,Alex,parents nearby,just remodeled kitchen,tree trim quote
Skyler,Martin6553,skyler.martin6553@example.com,(414) 555-6553,Madison,WI,53703,,Sam,,,
Parker,Williams6554,parker.williams6554@example.com,(414) 555-6554,Green Bay,WI,54301,,,,,
Blake,Garcia6555,blake.garcia6555@example.com,(414) 555-6555,Chicago,IL,60611,Garcia Properties,Pat,two kids,new roof last year,sump pump check
Hayden,Rodriguez6556,hayden.rodriguez6556@example.com,(414) 555-6556,Evanston,IL,60201,,Chris,dog named Buddy,loves gardening,insurance deductible question
Rowan,Lopez6557,rowan.lopez6557@example.com,(414) 555-6557,Brookfield,WI,53005,,Alex,parents nearby,just remodeled kitchen,tree trim quote
Sawyer,Anderson6558,sawyer.anderson6558@example.com,(414) 555-6558,Kenosha,WI,53140,Anderson Properties,Sam,,,
Finley,Moore6559,finley.moore6559@example.com,(414) 555-6559,Appleton,WI,54911,,,,,
Alex,Smith6560,alex.smith6560@example.com,(414) 555-6560,Milwaukee,WI,53202,,Pat,two kids,new roof last year,sump pump check
Jordan,Brown6561,jordan.brown6561@example.com,(414) 555-6561,Waukesha,WI,53186,Brown Properties,Chris,dog named Buddy,loves gardening,insurance deductible question
Sam,Miller6562,sam.miller6562@example.com,(414) 555-6562,Racine,WI,53403,,Alex,parents nearby,just remodeled kitchen,tree trim quote
Taylor,Martinez6563,taylor.martinez6563@example.com,(414) 555-6563,Madison,WI,53703,,Sam,,,
Casey,Gonzalez6564,casey.gonzalez6564@example.com,(414) 555-6564,Green Bay,WI,54301,Gonzalez Properties,,,,
Riley,Thomas6565,riley.thomas6565@example.com,(414) 555-6565,Chicago,IL,60611,,Pat,two kids,new roof last year,sump pump check
Morgan,Jackson6566,morgan.jackson6566@example.com,(414) 555-6566,Evanston,IL,60201,,Chris,dog named Buddy,loves gardening,insurance deductible question
Avery,Johnson6567,avery.johnson6567@example.com,(414) 555-6567,Brookfield,WI,53005,Johnson Properties,Alex,parents nearby,just remodeled kitchen,tree trim quote
Quinn,Jones6568,quinn.jones6568@example.com,(414) 555-6568,Kenosha,WI,53140,,Sam,,,
Jamie,Davis6569,jamie.davis6569@example.com,(414) 555-6569,Appleton,WI,54911,,,,,
Cameron,Hernandez6570,cameron.hernandez6570@example.com,(414) 555-6570,Milwaukee,WI,53202,Hernandez Properties,Pat,two kids,new roof last year,sump pump check
Drew,Wilson6571,drew.wilson6571@example.com,(414) 555-6571,Waukesha,WI,53186,,Chris,dog named Buddy,loves gardening,insurance deductible question
Reese,Taylor6572,reese.taylor6572@example.com,(414) 555-6572,Racine,WI,53403,,Alex,parents nearby,just remodeled kitchen,tree trim quote
Skyler,Martin6573,skyler.martin6573@example.com,(414) 555-6573,Madison,WI,53703,Martin Properties,Sam,,,
Parker,Williams6574,parker.williams6574@example.com,(414) 555-6574,Green Bay,WI,54301,,,,,
Blake,Garcia6575,blake.garcia6575@example.com,(414) 555-6575,Chicago,IL,60611,,Pat,two kids,new roof last year,sump pump check
Hayden,Rodriguez6576,hayden.rodriguez6576@example.com,(414) 555-6576,Evanston,IL,60201,Rodriguez Properties,Chris,dog named Buddy,loves gardening,insurance deductible question
Rowan,Lopez6577,rowan.lopez6577@example.com,(414) 555-6577,Brookfield,WI,53005,,Alex,parents nearby,just remodeled kitchen,tree trim quote
Sawyer,Anderson6578,sawyer.anderson6578@example.com,(414) 555-6578,Kenosha,WI,53140,,Sam,,,
Finley,Moore6579,finley.moore6579@example.com,(414) 555-6579,Appleton,WI,54911,Moore Properties,,,,
Alex,Smith6580,alex.smith6580@example.com,(414) 555-6580,Milwaukee,WI,53202,,Pat,two kids,new roof last year,sump pump check
Jordan,Brown6581,jordan.brown6581@example.com,(414) 555-6581,Waukesha,WI,53186,,Chris,dog named Buddy,loves gardening,insurance deductible question
Sam,Miller6582,sam.miller6582@example.com,(414) 555-6582,Racine,WI,53403,Miller Properties,Alex,parents nearby,just remodeled kitchen,tree trim quote
Taylor,Martinez6583,taylor.martinez6583@example.com,(414) 555-6583,Madison,WI,53703,,Sam,,,
Casey,Gonzalez6584,casey.gonzalez6584@example.com,(414) 555-6584,Green Bay,WI,54301,,,,,
Riley,Thomas6585,riley.thomas6585@example.com,(414) 555-6585,Chicago,IL,60611,Thomas Properties,Pat,two kids,new roof last year,sump pump check
Morgan,Jackson6586,morgan.jackson6586@example.com,(414) 555-6586,Evanston,IL,60201,,Chris,dog named Buddy,loves gardening,insurance deductible question
Avery,Johnson6587,avery.johnson6587@example.com,(414) 555-6587,Brookfield,WI,53005,,Alex,parents nearby,just remodeled kitchen,tree trim quote
Quinn,Jones6588,quinn.jones6588@example.com,(414) 555-6588,Kenosha,WI,53140,Jones Properties,Sam,,,
Jamie,Davis6589,jamie.davis6589@example.com,(414) 555-6589,Appleton,WI,54911,,,,,
Cameron,Hernandez6590,cameron.hernandez6590@example.com,(414) 555-6590,Milwaukee,WI,53202,,Pat,two kids,new roof last year,sump pump check
Drew,Wilson6591,drew.wilson6591@example.com,(414) 555-6591,Waukesha,WI,53186,Wilson Properties,Chris,dog named Buddy,loves gardening,insurance deductible question
Reese,Taylor6592,reese.taylor6592@example.com,(414) 555-6592,Racine,WI,53403,,Alex,parents nearby,just remodeled kitchen,tree trim quote
Skyler,Martin6593,skyler.martin6593@example.com,(414) 555-6593,Madison,WI,53703,,Sam,,,
Parker,Williams6594,parker.williams6594@example.com,(414) 555-6594,Green Bay,WI,54301,Williams Properties,,,,
Blake,Garcia6595,blake.garcia6595@example.com,(414) 555-6595,Chicago,IL,60611,,Pat,two kids,new roof last year,sump pump check
Hayden,Rodriguez6596,hayden.rodriguez6596@example.com,(414) 555-6596,Evanston,IL,60201,,Chris,dog named Buddy,loves gardening,insurance deductible question
Rowan,Lopez6597,rowan.lopez6597@example.com,(414) 555-6597,Brookfield,WI,53005,Lopez Properties,Alex,parents nearby,just remodeled kitchen,tree trim quote
Sawyer,Anderson6598,sawyer.anderson6598@example.com,(414) 555-6598,Kenosha,WI,53140,,Sam,,,
Finley,Moore6599,finley.moore6599@example.com,(414) 555-6599,Appleton,WI,54911,,,,,
Alex,Smith6600,alex.smith6600@example.com,(414) 555-6600,Milwaukee,WI,53202,Smith Properties,Pat,two kids,new roof last year,sump pump check
Jordan,Brown6601,jordan.brown6601@example.com,(414) 555-6601,Waukesha,WI,53186,,Chris,dog named Buddy,loves gardening,insurance deductible question
Sam,Miller6602,sam.miller6602@example.com,(414) 555-6602,Racine,WI,53403,,Alex,parents nearby,just remodeled kitchen,tree trim quote
Taylor,Martinez6603,taylor.martinez6603@example.com,(414) 555-6603,Madison,WI,53703,Martinez Properties,Sam,,,
Casey,Gonzalez6604,casey.gonzalez6604@example.com,(414) 555-6604,Green Bay,WI,54301,,,,,
Riley,Thomas6605,riley.thomas6605@example.com,(414) 555-6605,Chicago,IL,60611,,Pat,two kids,new roof last year,sump pump check
Morgan,Jackson6606,morgan.jackson6606@example.com,(414) 555-6606,Evanston,IL,60201,Jackson Properties,Chris,dog named Buddy,loves gardening,insurance deductible question
Avery,Johnson6607,avery.johnson6607@example.com,(414) 555-6607,Brookfield,WI,53005,,Alex,parents nearby,just remodeled kitchen,tree trim quote
Quinn,Jones6608,quinn.jones6608@example.com,(414) 555-6608,Kenosha,WI,53140,,Sam,,,
Jamie,Davis6609,jamie.davis6609@example.com,(414) 555-6609,Appleton,WI,54911,Davis Properties,,,,
Cameron,Hernandez6610,cameron.hernandez6610@example.com,(414) 555-6610,Milwaukee,WI,53202,,Pat,two kids,new roof last year,sump pump check
Drew,Wilson6611,drew.wilson6611@example.com,(414) 555-6611,Waukesha,WI,53186,,Chris,dog named Buddy,loves gardening,insurance deductible question
Reese,Taylor6612,reese.taylor6612@example.com,(414) 555-6612,Racine,WI,53403,Taylor Properties,Alex,parents nearby,just remodeled kitchen,tree trim quote
Skyler,Martin6613,skyler.martin6613@example.com,(414) 555-6613,Madison,WI,53703,,Sam,,,
Parker,Williams6614,parker.williams6614@example.com,(414) 555-6614,Green Bay,WI,54301,,,,,
Blake,Garcia6615,blake.garcia6615@example.com,(414) 555-6615,Chicago,IL,60611,Garcia Properties,Pat,two kids,new roof last year,sump pump check
Hayden,Rodriguez6616,hayden.rodriguez6616@example.com,(414) 555-6616,Evanston,IL,60201,,Chris,dog named Buddy,loves gardening,insurance deductible question
Rowan,Lopez6617,rowan.lopez6617@example.com,(414) 555-6617,Brookfield,WI,53005,,Alex,parents nearby,just remodeled kitchen,tree trim quote
Sawyer,Anderson6618,sawyer.anderson6618@example.com,(414) 555-6618,Kenosha,WI,53140,Anderson Properties,Sam,,,
Finley,Moore6619,finley.moore6619@example.com,(414) 555-6619,Appleton,WI,54911,,,,,
Alex,Smith6620,alex.smith6620@example.com,(414) 555-6620,Milwaukee,WI,53202,,Pat,two kids,new roof last year,sump pump check
Jordan,Brown6621,jordan.brown6621@example.com,(414) 555-6621,Waukesha,WI,53186,Brown Properties,Chris,dog named Buddy,loves gardening,insurance deductible question
Sam,Miller6622,sam.miller6622@example.com,(414) 555-6622,Racine,WI,53403,,Alex,parents nearby,just remodeled kitchen,tree trim quote
Taylor,Martinez6623,taylor.martinez6623@example.com,(414) 555-6623,Madison,WI,53703,,Sam,,,
Casey,Gonzalez6624,casey.gonzalez6624@example.com,(414) 555-6624,Green Bay,WI,54301,Gonzalez Properties,,,,
Riley,Thomas6625,riley.thomas6625@example.com,(414) 555-6625,Chicago,IL,60611,,Pat,two kids,new roof last year,sump pump check
Morgan,Jackson6626,morgan.jackson6626@example.com,(414) 555-6626,Evanston,IL,60201,,Chris,dog named Buddy,loves gardening,insurance deductible question
Avery,Johnson6627,avery.johnson6627@example.com,(414) 555-6627,Brookfield,WI,53005,Johnson Properties,Alex,parents nearby,just remodeled kitchen,tree trim quote
Quinn,Jones6628,quinn.jones6628@example.com,(414) 555-6628,Kenosha,WI,53140,,Sam,,,
Jamie,Davis6629,jamie.davis6629@example.com,(414) 555-6629,Appleton,WI,54911,,,,,
Cameron,Hernandez6630,cameron.hernandez6630@example.com,(414) 555-6630,Milwaukee,WI,53202,Hernandez Properties,Pat,two kids,new roof last year,sump pump check
Drew,Wilson6631,drew.wilson6631@example.com,(414) 555-6631,Waukesha,WI,53186,,Chris,dog named Buddy,loves gardening,insurance deductible question
Reese,Taylor6632,reese.taylor6632@example.com,(414) 555-6632,Racine,WI,53403,,Alex,parents nearby,just remodeled kitchen,tree trim quote
Skyler,Martin6633,skyler.martin6633@example.com,(414) 555-6633,Madison,WI,53703,Martin Properties,Sam,,,
Parker,Williams6634,parker.williams6634@example.com,(414) 555-6634,Green Bay,WI,54301,,,,,
Blake,Garcia6635,blake.garcia6635@example.com,(414) 555-6635,Chicago,IL,60611,,Pat,two kids,new roof last year,sump pump check
Hayden,Rodriguez6636,hayden.rodriguez6636@example.com,(414) 555-6636,Evanston,IL,60201,Rodriguez Properties,Chris,dog named Buddy,loves gardening,insurance deductible question
Rowan,Lopez6637,rowan.lopez6637@example.com,(414) 555-6637,Brookfield,WI,53005,,Alex,parents nearby,just remodeled kitchen,tree trim quote
Sawyer,Anderson6638,sawyer.anderson6638@example.com,(414) 555-6638,Kenosha,WI,53140,,Sam,,,
Finley,Moore6639,finley.moore6639@example.com,(414) 555-6639,Appleton,WI,54911,Moore Properties,,,,
Alex,Smith6640,alex.smith6640@example.com,(414) 555-6640,Milwaukee,WI,53202,,Pat,two kids,new roof last year,sump pump check
Jordan,Brown6641,jordan.brown6641@example.com,(414) 555-6641,Waukesha,WI,53186,,Chris,dog named Buddy,loves gardening,insurance deductible question
Sam,Miller6642,sam.miller6642@example.com,(414) 555-6642,Racine,WI,53403,Miller Properties,Alex,parents nearby,just remodeled kitchen,tree trim quote
Taylor,Martinez6643,taylor.martinez6643@example.com,(414) 555-6643,Madison,WI,53703,,Sam,,,
Casey,Gonzalez6644,casey.gonzalez6644@example.com,(414) 555-6644,Green Bay,WI,54301,,,,,
Riley,Thomas6645,riley.thomas6645@example.com,(414) 555-6645,Chicago,IL,60611,Thomas Properties,Pat,two kids,new roof last year,sump pump check
Morgan,Jackson6646,morgan.jackson6646@example.com,(414) 555-6646,Evanston,IL,60201,,Chris,dog named Buddy,loves gardening,insurance deductible question
Avery,Johnson6647,avery.johnson6647@example.com,(414) 555-6647,Brookfield,WI,53005,,Alex,parents nearby,just remodeled kitchen,tree trim quote
Quinn,Jones6648,quinn.jones6648@example.com,(414) 555-6648,Kenosha,WI,53140,Jones Properties,Sam,,,
Jamie,Davis6649,jamie.davis6649@example.com,(414) 555-6649,Appleton,WI,54911,,,,,
Cameron,Hernandez6650,cameron.hernandez6650@example.com,(414) 555-6650,Milwaukee,WI,53202,,Pat,two kids,new roof last year,sump pump check
Drew,Wilson6651,drew.wilson6651@example.com,(414) 555-6651,Waukesha,WI,53186,Wilson Properties,Chris,dog named Buddy,loves gardening,insurance deductible question
Reese,Taylor6652,reese.taylor6652@example.com,(414) 555-6652,Racine,WI,53403,,Alex,parents nearby,just remodeled kitchen,tree trim quote
Skyler,Martin6653,skyler.martin6653@example.com,(414) 555-6653,Madison,WI,53703,,Sam,,,
Parker,Williams6654,parker.williams6654@example.com,(414) 555-6654,Green Bay,WI,54301,Williams Properties,,,,
Blake,Garcia6655,blake.garcia6655@example.com,(414) 555-6655,Chicago,IL,60611,,Pat,two kids,new roof last year,sump pump check
Hayden,Rodriguez6656,hayden.rodriguez6656@example.com,(414) 555-6656,Evanston,IL,60201,,Chris,dog named Buddy,loves gardening,insurance deductible question
Rowan,Lopez6657,rowan.lopez6657@example.com,(414) 555-6657,Brookfield,WI,53005,Lopez Properties,Alex,parents nearby,just remodeled kitchen,tree trim quote
Sawyer,Anderson6658,sawyer.anderson6658@example.com,(414) 555-6658,Kenosha,WI,53140,,Sam,,,
Finley,Moore6659,finley.moore6659@example.com,(414) 555-6659,Appleton,WI,54911,,,,,
Alex,Smith6660,alex.smith6660@example.com,(414) 555-6660,Milwaukee,WI,53202,Smith Properties,Pat,two kids,new roof last year,sump pump check
Jordan,Brown6661,jordan.brown6661@example.com,(414) 555-6661,Waukesha,WI,53186,,Chris,dog named Buddy,loves gardening,insurance deductible question
Sam,Miller6662,sam.miller6662@example.com,(414) 555-6662,Racine,WI,53403,,Alex,parents nearby,just remodeled kitchen,tree trim quote
Taylor,Martinez6663,taylor.martinez6663@example.com,(414) 555-6663,Madison,WI,53703,Martinez Properties,Sam,,,
Casey,Gonzalez6664,casey.gonzalez6664@example.com,(414) 555-6664,Green Bay,WI,54301,,,,,
Riley,Thomas6665,riley.thomas6665@example.com,(414) 555-6665,Chicago,IL,60611,,Pat,two kids,new roof last year,sump pump check
Morgan,Jackson6666,morgan.jackson6666@example.com,(414) 555-6666,Evanston,IL,60201,Jackson Properties,Chris,dog named Buddy,loves gardening,insurance deductible question
Avery,Johnson6667,avery.johnson6667@example.com,(414) 555-6667,Brookfield,WI,53005,,Alex,parents nearby,just remodeled kitchen,tree trim quote
Quinn,Jones6668,quinn.jones6668@example.com,(414) 555-6668,Kenosha,WI,53140,,Sam,,,
Jamie,Davis6669,jamie.davis6669@example.com,(414) 555-6669,Appleton,WI,54911,Davis Properties,,,,
Cameron,Hernandez6670,cameron.hernandez6670@example.com,(414) 555-6670,Milwaukee,WI,53202,,Pat,two kids,new roof last year,sump pump check
Drew,Wilson6671,drew.wilson6671@example.com,(414) 555-6671,Waukesha,WI,53186,,Chris,dog named Buddy,loves gardening,insurance deductible question
Reese,Taylor6672,reese.taylor6672@example.com,(414) 555-6672,Racine,WI,53403,Taylor Properties,Alex,parents nearby,just remodeled kitchen,tree trim quote
Skyler,Martin6673,skyler.martin6673@example.com,(414) 555-6673,Madison,WI,53703,,Sam,,,
Parker,Williams6674,parker.williams6674@example.com,(414) 555-6674,Green Bay,WI,54301,,,,,
Blake,Garcia6675,blake.garcia6675@example.com,(414) 555-6675,Chicago,IL,60611,Garcia Properties,Pat,two kids,new roof last year,sump pump check
Hayden,Rodriguez6676,hayden.rodriguez6676@example.com,(414) 555-6676,Evanston,IL,60201,,Chris,dog named Buddy,loves gardening,insurance deductible question
Rowan,Lopez6677,rowan.lopez6677@example.com,(414) 555-6677,Brookfield,WI,53005,,Alex,parents nearby,just remodeled kitchen,tree trim quote
Sawyer,Anderson6678,sawyer.anderson6678@example.com,(414) 555-6678,Kenosha,WI,53140,Anderson Properties,Sam,,,
Finley,Moore6679,finley.moore6679@example.com,(414) 555-6679,Appleton,WI,54911,,,,,
Alex,Smith6680,alex.smith6680@example.com,(414) 555-6680,Milwaukee,WI,53202,,Pat,two kids,new roof last year,sump pump check
Jordan,Brown6681,jordan.brown6681@example.com,(414) 555-6681,Waukesha,WI,53186,Brown Properties,Chris,dog named Buddy,loves gardening,insurance deductible question
Sam,Miller6682,sam.miller6682@example.com,(414) 555-6682,Racine,WI,53403,,Alex,parents nearby,just remodeled kitchen,tree trim quote
Taylor,Martinez6683,taylor.martinez6683@example.com,(414) 555-6683,Madison,WI,53703,,Sam,,,
Casey,Gonzalez6684,casey.gonzalez6684@example.com,(414) 555-6684,Green Bay,WI,54301,Gonzalez Properties,,,,
Riley,Thomas6685,riley.thomas6685@example.com,(414) 555-6685,Chicago,IL,60611,,Pat,two kids,new roof last year,sump pump check
Morgan,Jackson6686,morgan.jackson6686@example.com,(414) 555-6686,Evanston,IL,60201,,Chris,dog named Buddy,loves gardening,insurance deductible question
Avery,Johnson6687,avery.johnson6687@example.com,(414) 555-6687,Brookfield,WI,53005,Johnson Properties,Alex,parents nearby,just remodeled kitchen,tree trim quote
Quinn,Jones6688,quinn.jones6688@example.com,(414) 555-6688,Kenosha,WI,53140,,Sam,,,
Jamie,Davis6689,jamie.davis6689@example.com,(414) 555-6689,Appleton,WI,54911,,,,,
Cameron,Hernandez6690,cameron.hernandez6690@example.com,(414) 555-6690,Milwaukee,WI,53202,Hernandez Properties,Pat,two kids,new roof last year,sump pump check
Drew,Wilson6691,drew.wilson6691@example.com,(414) 555-6691,Waukesha,WI,53186,,Chris,dog named Buddy,loves gardening,insurance deductible question
Reese,Taylor6692,reese.taylor6692@example.com,(414) 555-6692,Racine,WI,53403,,Alex,parents nearby,just remodeled kitchen,tree trim quote
Skyler,Martin6693,skyler.martin6693@example.com,(414) 555-6693,Madison,WI,53703,Martin Properties,Sam,,,
Parker,Williams6694,parker.williams6694@example.com,(414) 555-6694,Green Bay,WI,54301,,,,,
Blake,Garcia6695,blake.garcia6695@example.com,(414) 555-6695,Chicago,IL,60611,,Pat,two kids,new roof last year,sump pump check
Hayden,Rodriguez6696,hayden.rodriguez6696@example.com,(414) 555-6696,Evanston,IL,60201,Rodriguez Properties,Chris,dog named Buddy,loves gardening,insurance deductible question
Rowan,Lopez6697,rowan.lopez6697@example.com,(414) 555-6697,Brookfield,WI,53005,,Alex,parents nearby,just remodeled kitchen,tree trim quote
Sawyer,Anderson6698,sawyer.anderson6698@example.com,(414) 555-6698,Kenosha,WI,53140,,Sam,,,
Finley,Moore6699,finley.moore6699@example.com,(414) 555-6699,Appleton,WI,54911,Moore Properties,,,,
Alex,Smith6700,alex.smith6700@example.com,(414) 555-6700,Milwaukee,WI,53202,,Pat,two kids,new roof last year,sump pump check
Jordan,Brown6701,jordan.brown6701@example.com,(414) 555-6701,Waukesha,WI,53186,,Chris,dog named Buddy,loves gardening,insurance deductible question
Sam,Miller6702,sam.miller6702@example.com,(414) 555-6702,Racine,WI,53403,Miller Properties,Alex,parents nearby,just remodeled kitchen,tree trim quote
Taylor,Martinez6703,taylor.martinez6703@example.com,(414) 555-6703,Madison,WI,53703,,Sam,,,
Casey,Gonzalez6704,casey.gonzalez6704@example.com,(414) 555-6704,Green Bay,WI,54301,,,,,
Riley,Thomas6705,riley.thomas6705@example.com,(414) 555-6705,Chicago,IL,60611,Thomas Properties,Pat,two kids,new roof last year,sump pump check
Morgan,Jackson6706,morgan.jackson6706@example.com,(414) 555-6706,Evanston,IL,60201,,Chris,dog named Buddy,loves gardening,insurance deductible question
Avery,Johnson6707,avery.johnson6707@example.com,(414) 555-6707,Brookfield,WI,53005,,Alex,parents nearby,just remodeled kitchen,tree trim quote
Quinn,Jones6708,quinn.jones6708@example.com,(414) 555-6708,Kenosha,WI,53140,Jones Properties,Sam,,,
Jamie,Davis6709,jamie.davis6709@example.com,(414) 555-6709,Appleton,WI,54911,,,,,
Cameron,Hernandez6710,cameron.hernandez6710@example.com,(414) 555-6710,Milwaukee,WI,53202,,Pat,two kids,new roof last year,sump pump check
Drew,Wilson6711,drew.wilson6711@example.com,(414) 555-6711,Waukesha,WI,53186,Wilson Properties,Chris,dog named Buddy,loves gardening,insurance deductible question
Reese,Taylor6712,reese.taylor6712@example.com,(414) 555-6712,Racine,WI,53403,,Alex,parents nearby,just remodeled kitchen,tree trim quote
Skyler,Martin6713,skyler.martin6713@example.com,(414) 555-6713,Madison,WI,53703,,Sam,,,
Parker,Williams6714,parker.williams6714@example.com,(414) 555-6714,Green Bay,WI,54301,Williams Properties,,,,
Blake,Garcia6715,blake.garcia6715@example.com,(414) 555-6715,Chicago,IL,60611,,Pat,two kids,new roof last year,sump pump check
Hayden,Rodriguez6716,hayden.rodriguez6716@example.com,(414) 555-6716,Evanston,IL,60201,,Chris,dog named Buddy,loves gardening,insurance deductible question
Rowan,Lopez6717,rowan.lopez6717@example.com,(414) 555-6717,Brookfield,WI,53005,Lopez Properties,Alex,parents nearby,just remodeled kitchen,tree trim quote
Sawyer,Anderson6718,sawyer.anderson6718@example.com,(414) 555-6718,Kenosha,WI,53140,,Sam,,,
Finley,Moore6719,finley.moore6719@example.com,(414) 555-6719,Appleton,WI,54911,,,,,
Alex,Smith6720,alex.smith6720@example.com,(414) 555-6720,Milwaukee,WI,53202,Smith Properties,Pat,two kids,new roof last year,sump pump check
Jordan,Brown6721,jordan.brown6721@example.com,(414) 555-6721,Waukesha,WI,53186,,Chris,dog named Buddy,loves gardening,insurance deductible question
Sam,Miller6722,sam.miller6722@example.com,(414) 555-6722,Racine,WI,53403,,Alex,parents nearby,just remodeled kitchen,tree trim quote
Taylor,Martinez6723,taylor.martinez6723@example.com,(414) 555-6723,Madison,WI,53703,Martinez Properties,Sam,,,
Casey,Gonzalez6724,casey.gonzalez6724@example.com,(414) 555-6724,Green Bay,WI,54301,,,,,
Riley,Thomas6725,riley.thomas6725@example.com,(414) 555-6725,Chicago,IL,60611,,Pat,two kids,new roof last year,sump pump check
Morgan,Jackson6726,morgan.jackson6726@example.com,(414) 555-6726,Evanston,IL,60201,Jackson Properties,Chris,dog named Buddy,loves gardening,insurance deductible question
Avery,Johnson6727,avery.johnson6727@example.com,(414) 555-6727,Brookfield,WI,53005,,Alex,parents nearby,just remodeled kitchen,tree trim quote
Quinn,Jones6728,quinn.jones6728@example.com,(414) 555-6728,Kenosha,WI,53140,,Sam,,,
Jamie,Davis6729,jamie.davis6729@example.com,(414) 555-6729,Appleton,WI,54911,Davis Properties,,,,
Cameron,Hernandez6730,cameron.hernandez6730@example.com,(414) 555-6730,Milwaukee,WI,53202,,Pat,two kids,new roof last year,sump pump check
Drew,Wilson6731,drew.wilson6731@example.com,(414) 555-6731,Waukesha,WI,53186,,Chris,dog named Buddy,loves gardening,insurance deductible question
Reese,Taylor6732,reese.taylor6732@example.com,(414) 555-6732,Racine,WI,53403,Taylor Properties,Alex,parents nearby,just remodeled kitchen,tree trim quote
Skyler,Martin6733,skyler.martin6733@example.com,(414) 555-6733,Madison,WI,53703,,Sam,,,
Parker,Williams6734,parker.williams6734@example.com,(414) 555-6734,Green Bay,WI,54301,,,,,
Blake,Garcia6735,blake.garcia6735@example.com,(414) 555-6735,Chicago,IL,60611,Garcia Properties,Pat,two kids,new roof last year,sump pump check
Hayden,Rodriguez6736,hayden.rodriguez6736@example.com,(414) 555-6736,Evanston,IL,60201,,Chris,dog named Buddy,loves gardening,insurance deductible question
Rowan,Lopez6737,rowan.lopez6737@example.com,(414) 555-6737,Brookfield,WI,53005,,Alex,parents nearby,just remodeled kitchen,tree trim quote
Sawyer,Anderson6738,sawyer.anderson6738@example.com,(414) 555-6738,Kenosha,WI,53140,Anderson Properties,Sam,,,
Finley,Moore6739,finley.moore6739@example.com,(414) 555-6739,Appleton,WI,54911,,,,,
Alex,Smith6740,alex.smith6740@example.com,(414) 555-6740,Milwaukee,WI,53202,,Pat,two kids,new roof last year,sump pump check
Jordan,Brown6741,jordan.brown6741@example.com,(414) 555-6741,Waukesha,WI,53186,Brown Properties,Chris,dog named Buddy,loves gardening,insurance deductible question
Sam,Miller6742,sam.miller6742@example.com,(414) 555-6742,Racine,WI,53403,,Alex,parents nearby,just remodeled kitchen,tree trim quote
Taylor,Martinez6743,taylor.martinez6743@example.com,(414) 555-6743,Madison,WI,53703,,Sam,,,
Casey,Gonzalez6744,casey.gonzalez6744@example.com,(414) 555-6744,Green Bay,WI,54301,Gonzalez Properties,,,,
Riley,Thomas6745,riley.thomas6745@example.com,(414) 555-6745,Chicago,IL,60611,,Pat,two kids,new roof last year,sump pump check
Morgan,Jackson6746,morgan.jackson6746@example.com,(414) 555-6746,Evanston,IL,60201,,Chris,dog named Buddy,loves gardening,insurance deductible question
Avery,Johnson6747,avery.johnson6747@example.com,(414) 555-6747,Brookfield,WI,53005,Johnson Properties,Alex,parents nearby,just remodeled kitchen,tree trim quote
Quinn,Jones6748,quinn.jones6748@example.com,(414) 555-6748,Kenosha,WI,53140,,Sam,,,
Jamie,Davis6749,jamie.davis6749@example.com,(414) 555-6749,Appleton,WI,54911,,,,,
Cameron,Hernandez6750,cameron.hernandez6750@example.com,(414) 555-6750,Milwaukee,WI,53202,Hernandez Properties,Pat,two kids,new roof last year,sump pump check
Drew,Wilson6751,drew.wilson6751@example.com,(414) 555-6751,Waukesha,WI,53186,,Chris,dog named Buddy,loves gardening,insurance deductible question
Reese,Taylor6752,reese.taylor6752@example.com,(414) 555-6752,Racine,WI,53403,,Alex,parents nearby,just remodeled kitchen,tree trim quote
Skyler,Martin6753,skyler.martin6753@example.com,(414) 555-6753,Madison,WI,53703,Martin Properties,Sam,,,
Parker,Williams6754,parker.williams6754@example.com,(414) 555-6754,Green Bay,WI,54301,,,,,
Blake,Garcia6755,blake.garcia6755@example.com,(414) 555-6755,Chicago,IL,60611,,Pat,two kids,new roof last year,sump pump check
Hayden,Rodriguez6756,hayden.rodriguez6756@example.com,(414) 555-6756,Evanston,IL,60201,Rodriguez Properties,Chris,dog named Buddy,loves gardening,insurance deductible question
Rowan,Lopez6757,rowan.lopez6757@example.com,(414) 555-6757,Brookfield,WI,53005,,Alex,parents nearby,just remodeled kitchen,tree trim quote
Sawyer,Anderson6758,sawyer.anderson6758@example.com,(414) 555-6758,Kenosha,WI,53140,,Sam,,,
Finley,Moore6759,finley.moore6759@example.com,(414) 555-6759,Appleton,WI,54911,Moore Properties,,,,
Alex,Smith6760,alex.smith6760@example.com,(414) 555-6760,Milwaukee,WI,53202,,Pat,two kids,new roof last year,sump pump check
Jordan,Brown6761,jordan.brown6761@example.com,(414) 555-6761,Waukesha,WI,53186,,Chris,dog named Buddy,loves gardening,insurance deductible question
Sam,Miller6762,sam.miller6762@example.com,(414) 555-6762,Racine,WI,53403,Miller Properties,Alex,parents nearby,just remodeled kitchen,tree trim quote
Taylor,Martinez6763,taylor.martinez6763@example.com,(414) 555-6763,Madison,WI,53703,,Sam,,,
Casey,Gonzalez6764,casey.gonzalez6764@example.com,(414) 555-6764,Green Bay,WI,54301,,,,,
Riley,Thomas6765,riley.thomas6765@example.com,(414) 555-6765,Chicago,IL,60611,Thomas Properties,Pat,two kids,new roof last year,sump pump check
Morgan,Jackson6766,morgan.jackson6766@example.com,(414) 555-6766,Evanston,IL,60201,,Chris,dog named Buddy,loves gardening,insurance deductible question
Avery,Johnson6767,avery.johnson6767@example.com,(414) 555-6767,Brookfield,WI,53005,,Alex,parents nearby,just remodeled kitchen,tree trim quote
Quinn,Jones6768,quinn.jones6768@example.com,(414) 555-6768,Kenosha,WI,53140,Jones Properties,Sam,,,
Jamie,Davis6769,jamie.davis6769@example.com,(414) 555-6769,Appleton,WI,54911,,,,,
Cameron,Hernandez6770,cameron.hernandez6770@example.com,(414) 555-6770,Milwaukee,WI,53202,,Pat,two kids,new roof last year,sump pump check
Drew,Wilson6771,drew.wilson6771@example.com,(414) 555-6771,Waukesha,WI,53186,Wilson Properties,Chris,dog named Buddy,loves gardening,insurance deductible question
Reese,Taylor6772,reese.taylor6772@example.com,(414) 555-6772,Racine,WI,53403,,Alex,parents nearby,just remodeled kitchen,tree trim quote
Skyler,Martin6773,skyler.martin6773@example.com,(414) 555-6773,Madison,WI,53703,,Sam,,,
Parker,Williams6774,parker.williams6774@example.com,(414) 555-6774,Green Bay,WI,54301,Williams Properties,,,,
Blake,Garcia6775,blake.garcia6775@example.com,(414) 555-6775,Chicago,IL,60611,,Pat,two kids,new roof last year,sump pump check
Hayden,Rodriguez6776,hayden.rodriguez6776@example.com,(414) 555-6776,Evanston,IL,60201,,Chris,dog named Buddy,loves gardening,insurance deductible question
Rowan,Lopez6777,rowan.lopez6777@example.com,(414) 555-6777,Brookfield,WI,53005,Lopez Properties,Alex,parents nearby,just remodeled kitchen,tree trim quote
Sawyer,Anderson6778,sawyer.anderson6778@example.com,(414) 555-6778,Kenosha,WI,53140,,Sam,,,
Finley,Moore6779,finley.moore6779@example.com,(414) 555-6779,Appleton,WI,54911,,,,,
Alex,Smith6780,alex.smith6780@example.com,(414) 555-6780,Milwaukee,WI,53202,Smith Properties,Pat,two kids,new roof last year,sump pump check
Jordan,Brown6781,jordan.brown6781@example.com,(414) 555-6781,Waukesha,WI,53186,,Chris,dog named Buddy,loves gardening,insurance deductible question
Sam,Miller6782,sam.miller6782@example.com,(414) 555-6782,Racine,WI,53403,,Alex,parents nearby,just remodeled kitchen,tree trim quote
Taylor,Martinez6783,taylor.martinez6783@example.com,(414) 555-6783,Madison,WI,53703,Martinez Properties,Sam,,,
Casey,Gonzalez6784,casey.gonzalez6784@example.com,(414) 555-6784,Green Bay,WI,54301,,,,,
Riley,Thomas6785,riley.thomas6785@example.com,(414) 555-6785,Chicago,IL,60611,,Pat,two kids,new roof last year,sump pump check
Morgan,Jackson6786,morgan.jackson6786@example.com,(414) 555-6786,Evanston,IL,60201,Jackson Properties,Chris,dog named Buddy,loves gardening,insurance deductible question
Avery,Johnson6787,avery.johnson6787@example.com,(414) 555-6787,Brookfield,WI,53005,,Alex,parents nearby,just remodeled kitchen,tree trim quote
Quinn,Jones6788,quinn.jones6788@example.com,(414) 555-6788,Kenosha,WI,53140,,Sam,,,
Jamie,Davis6789,jamie.davis6789@example.com,(414) 555-6789,Appleton,WI,54911,Davis Properties,,,,
Cameron,Hernandez6790,cameron.hernandez6790@example.com,(414) 555-6790,Milwaukee,WI,53202,,Pat,two kids,new roof last year,sump pump check
Drew,Wilson6791,drew.wilson6791@example.com,(414) 555-6791,Waukesha,WI,53186,,Chris,dog named Buddy,loves gardening,insurance deductible question
Reese,Taylor6792,reese.taylor6792@example.com,(414) 555-6792,Racine,WI,53403,Taylor Properties,Alex,parents nearby,just remodeled kitchen,tree trim quote
Skyler,Martin6793,skyler.martin6793@example.com,(414) 555-6793,Madison,WI,53703,,Sam,,,
Parker,Williams6794,parker.williams6794@example.com,(414) 555-6794,Green Bay,WI,54301,,,,,
Blake,Garcia6795,blake.garcia6795@example.com,(414) 555-6795,Chicago,IL,60611,Garcia Properties,Pat,two kids,new roof last year,sump pump check
Hayden,Rodriguez6796,hayden.rodriguez6796@example.com,(414) 555-6796,Evanston,IL,60201,,Chris,dog named Buddy,loves gardening,insurance deductible question
Rowan,Lopez6797,rowan.lopez6797@example.com,(414) 555-6797,Brookfield,WI,53005,,Alex,parents nearby,just remodeled kitchen,tree trim quote
Sawyer,Anderson6798,sawyer.anderson6798@example.com,(414) 555-6798,Kenosha,WI,53140,Anderson Properties,Sam,,,
Finley,Moore6799,finley.moore6799@example.com,(414) 555-6799,Appleton,WI,54911,,,,,
Alex,Smith6800,alex.smith6800@example.com,(414) 555-6800,Milwaukee,WI,53202,,Pat,two kids,new roof last year,sump pump check
Jordan,Brown6801,jordan.brown6801@example.com,(414) 555-6801,Waukesha,WI,53186,Brown Properties,Chris,dog named Buddy,loves gardening,insurance deductible question
Sam,Miller6802,sam.miller6802@example.com,(414) 555-6802,Racine,WI,53403,,Alex,parents nearby,just remodeled kitchen,tree trim quote
Taylor,Martinez6803,taylor.martinez6803@example.com,(414) 555-6803,Madison,WI,53703,,Sam,,,
Casey,Gonzalez6804,casey.gonzalez6804@example.com,(414) 555-6804,Green Bay,WI,54301,Gonzalez Properties,,,,
Riley,Thomas6805,riley.thomas6805@example.com,(414) 555-6805,Chicago,IL,60611,,Pat,two kids,new roof last year,sump pump check
Morgan,Jackson6806,morgan.jackson6806@example.com,(414) 555-6806,Evanston,IL,60201,,Chris,dog named Buddy,loves gardening,insurance deductible question
Avery,Johnson6807,avery.johnson6807@example.com,(414) 555-6807,Brookfield,WI,53005,Johnson Properties,Alex,parents nearby,just remodeled kitchen,tree trim quote
Quinn,Jones6808,quinn.jones6808@example.com,(414) 555-6808,Kenosha,WI,53140,,Sam,,,
Jamie,Davis6809,jamie.davis6809@example.com,(414) 555-6809,Appleton,WI,54911,,,,,
Cameron,Hernandez6810,cameron.hernandez6810@example.com,(414) 555-6810,Milwaukee,WI,53202,Hernandez Properties,Pat,two kids,new roof last year,sump pump check
Drew,Wilson6811,drew.wilson6811@example.com,(414) 555-6811,Waukesha,WI,53186,,Chris,dog named Buddy,loves gardening,insurance deductible question
Reese,Taylor6812,reese.taylor6812@example.com,(414) 555-6812,Racine,WI,53403,,Alex,parents nearby,just remodeled kitchen,tree trim quote
Skyler,Martin6813,skyler.martin6813@example.com,(414) 555-6813,Madison,WI,53703,Martin Properties,Sam,,,
Parker,Williams6814,parker.williams6814@example.com,(414) 555-6814,Green Bay,WI,54301,,,,,
Blake,Garcia6815,blake.garcia6815@example.com,(414) 555-6815,Chicago,IL,60611,,Pat,two kids,new roof last year,sump pump check
Hayden,Rodriguez6816,hayden.rodriguez6816@example.com,(414) 555-6816,Evanston,IL,60201,Rodriguez Properties,Chris,dog named Buddy,loves gardening,insurance deductible question
Rowan,Lopez6817,rowan.lopez6817@example.com,(414) 555-6817,Brookfield,WI,53005,,Alex,parents nearby,just remodeled kitchen,tree trim quote
Sawyer,Anderson6818,sawyer.anderson6818@example.com,(414) 555-6818,Kenosha,WI,53140,,Sam,,,
Finley,Moore6819,finley.moore6819@example.com,(414) 555-6819,Appleton,WI,54911,Moore Properties,,,,
Alex,Smith6820,alex.smith6820@example.com,(414) 555-6820,Milwaukee,WI,53202,,Pat,two kids,new roof last year,sump pump check
Jordan,Brown6821,jordan.brown6821@example.com,(414) 555-6821,Waukesha,WI,53186,,Chris,dog named Buddy,loves gardening,insurance deductible question
Sam,Miller6822,sam.miller6822@example.com,(414) 555-6822,Racine,WI,53403,Miller Properties,Alex,parents nearby,just remodeled kitchen,tree trim quote
Taylor,Martinez6823,taylor.martinez6823@example.com,(414) 555-6823,Madison,WI,53703,,Sam,,,
Casey,Gonzalez6824,casey.gonzalez6824@example.com,(414) 555-6824,Green Bay,WI,54301,,,,,
Riley,Thomas6825,riley.thomas6825@example.com,(414) 555-6825,Chicago,IL,60611,Thomas Properties,Pat,two kids,new roof last year,sump pump check
Morgan,Jackson6826,morgan.jackson6826@example.com,(414) 555-6826,Evanston,IL,60201,,Chris,dog named Buddy,loves gardening,insurance deductible question
Avery,Johnson6827,avery.johnson6827@example.com,(414) 555-6827,Brookfield,WI,53005,,Alex,parents nearby,just remodeled kitchen,tree trim quote
Quinn,Jones6828,quinn.jones6828@example.com,(414) 555-6828,Kenosha,WI,53140,Jones Properties,Sam,,,
Jamie,Davis6829,jamie.davis6829@example.com,(414) 555-6829,Appleton,WI,54911,,,,,
Cameron,Hernandez6830,cameron.hernandez6830@example.com,(414) 555-6830,Milwaukee,WI,53202,,Pat,two kids,new roof last year,sump pump check
Drew,Wilson6831,drew.wilson6831@example.com,(414) 555-6831,Waukesha,WI,53186,Wilson Properties,Chris,dog named Buddy,loves gardening,insurance deductible question
Reese,Taylor6832,reese.taylor6832@example.com,(414) 555-6832,Racine,WI,53403,,Alex,parents nearby,just remodeled kitchen,tree trim quote
Skyler,Martin6833,skyler.martin6833@example.com,(414) 555-6833,Madison,WI,53703,,Sam,,,
Parker,Williams6834,parker.williams6834@example.com,(414) 555-6834,Green Bay,WI,54301,Williams Properties,,,,
Blake,Garcia6835,blake.garcia6835@example.com,(414) 555-6835,Chicago,IL,60611,,Pat,two kids,new roof last year,sump pump check
Hayden,Rodriguez6836,hayden.rodriguez6836@example.com,(414) 555-6836,Evanston,IL,60201,,Chris,dog named Buddy,loves gardening,insurance deductible question
Rowan,Lopez6837,rowan.lopez6837@example.com,(414) 555-6837,Brookfield,WI,53005,Lopez Properties,Alex,parents nearby,just remodeled kitchen,tree trim quote
Sawyer,Anderson6838,sawyer.anderson6838@example.com,(414) 555-6838,Kenosha,WI,53140,,Sam,,,
Finley,Moore6839,finley.moore6839@example.com,(414) 555-6839,Appleton,WI,54911,,,,,
Alex,Smith6840,alex.smith6840@example.com,(414) 555-6840,Milwaukee,WI,53202,Smith Properties,Pat,two kids,new roof last year,sump pump check
Jordan,Brown6841,jordan.brown6841@example.com,(414) 555-6841,Waukesha,WI,53186,,Chris,dog named Buddy,loves gardening,insurance deductible question
Sam,Miller6842,sam.miller6842@example.com,(414) 555-6842,Racine,WI,53403,,Alex,parents nearby,just remodeled kitchen,tree trim quote
Taylor,Martinez6843,taylor.martinez6843@example.com,(414) 555-6843,Madison,WI,53703,Martinez Properties,Sam,,,
Casey,Gonzalez6844,casey.gonzalez6844@example.com,(414) 555-6844,Green Bay,WI,54301,,,,,
Riley,Thomas6845,riley.thomas6845@example.com,(414) 555-6845,Chicago,IL,60611,,Pat,two kids,new roof last year,sump pump check
Morgan,Jackson6846,morgan.jackson6846@example.com,(414) 555-6846,Evanston,IL,60201,Jackson Properties,Chris,dog named Buddy,loves gardening,insurance deductible question
Avery,Johnson6847,avery.johnson6847@example.com,(414) 555-6847,Brookfield,WI,53005,,Alex,parents nearby,just remodeled kitchen,tree trim quote
Quinn,Jones6848,quinn.jones6848@example.com,(414) 555-6848,Kenosha,WI,53140,,Sam,,,
Jamie,Davis6849,jamie.davis6849@example.com,(414) 555-6849,Appleton,WI,54911,Davis Properties,,,,
Cameron,Hernandez6850,cameron.hernandez6850@example.com,(414) 555-6850,Milwaukee,WI,53202,,Pat,two kids,new roof last year,sump pump check
Drew,Wilson6851,drew.wilson6851@example.com,(414) 555-6851,Waukesha,WI,53186,,Chris,dog named Buddy,loves gardening,insurance deductible question
Reese,Taylor6852,reese.taylor6852@example.com,(414) 555-6852,Racine,WI,53403,Taylor Properties,Alex,parents nearby,just remodeled kitchen,tree trim quote
Skyler,Martin6853,skyler.martin6853@example.com,(414) 555-6853,Madison,WI,53703,,Sam,,,
Parker,Williams6854,parker.williams6854@example.com,(414) 555-6854,Green Bay,WI,54301,,,,,
Blake,Garcia6855,blake.garcia6855@example.com,(414) 555-6855,Chicago,IL,60611,Garcia Properties,Pat,two kids,new roof last year,sump pump check
Hayden,Rodriguez6856,hayden.rodriguez6856@example.com,(414) 555-6856,Evanston,IL,60201,,Chris,dog named Buddy,loves gardening,insurance deductible question
Rowan,Lopez6857,rowan.lopez6857@example.com,(414) 555-6857,Brookfield,WI,53005,,Alex,parents nearby,just remodeled kitchen,tree trim quote
Sawyer,Anderson6858,sawyer.anderson6858@example.com,(414) 555-6858,Kenosha,WI,53140,Anderson Properties,Sam,,,
Finley,Moore6859,finley.moore6859@example.com,(414) 555-6859,Appleton,WI,54911,,,,,
Alex,Smith6860,alex.smith6860@example.com,(414) 555-6860,Milwaukee,WI,53202,,Pat,two kids,new roof last year,sump pump check
Jordan,Brown6861,jordan.brown6861@example.com,(414) 555-6861,Waukesha,WI,53186,Brown Properties,Chris,dog named Buddy,loves gardening,insurance deductible question
Sam,Miller6862,sam.miller6862@example.com,(414) 555-6862,Racine,WI,53403,,Alex,parents nearby,just remodeled kitchen,tree trim quote
Taylor,Martinez6863,taylor.martinez6863@example.com,(414) 555-6863,Madison,WI,53703,,Sam,,,
Casey,Gonzalez6864,casey.gonzalez6864@example.com,(414) 555-6864,Green Bay,WI,54301,Gonzalez Properties,,,,
Riley,Thomas6865,riley.thomas6865@example.com,(414) 555-6865,Chicago,IL,60611,,Pat,two kids,new roof last year,sump pump check
Morgan,Jackson6866,morgan.jackson6866@example.com,(414) 555-6866,Evanston,IL,60201,,Chris,dog named Buddy,loves gardening,insurance deductible question
Avery,Johnson6867,avery.johnson6867@example.com,(414) 555-6867,Brookfield,WI,53005,Johnson Properties,Alex,parents nearby,just remodeled kitchen,tree trim quote
Quinn,Jones6868,quinn.jones6868@example.com,(414) 555-6868,Kenosha,WI,53140,,Sam,,,
Jamie,Davis6869,jamie.davis6869@example.com,(414) 555-6869,Appleton,WI,54911,,,,,
Cameron,Hernandez6870,cameron.hernandez6870@example.com,(414) 555-6870,Milwaukee,WI,53202,Hernandez Properties,Pat,two kids,new roof last year,sump pump check
Drew,Wilson6871,drew.wilson6871@example.com,(414) 555-6871,Waukesha,WI,53186,,Chris,dog named Buddy,loves gardening,insurance deductible question
Reese,Taylor6872,reese.taylor6872@example.com,(414) 555-6872,Racine,WI,53403,,Alex,parents nearby,just remodeled kitchen,tree trim quote
Skyler,Martin6873,skyler.martin6873@example.com,(414) 555-6873,Madison,WI,53703,Martin Properties,Sam,,,
Parker,Williams6874,parker.williams6874@example.com,(414) 555-6874,Green Bay,WI,54301,,,,,
Blake,Garcia6875,blake.garcia6875@example.com,(414) 555-6875,Chicago,IL,60611,,Pat,two kids,new roof last year,sump pump check
Hayden,Rodriguez6876,hayden.rodriguez6876@example.com,(414) 555-6876,Evanston,IL,60201,Rodriguez Properties,Chris,dog named Buddy,loves gardening,insurance deductible question
Rowan,Lopez6877,rowan.lopez6877@example.com,(414) 555-6877,Brookfield,WI,53005,,Alex,parents nearby,just remodeled kitchen,tree trim quote
Sawyer,Anderson6878,sawyer.anderson6878@example.com,(414) 555-6878,Kenosha,WI,53140,,Sam,,,
Finley,Moore6879,finley.moore6879@example.com,(414) 555-6879,Appleton,WI,54911,Moore Properties,,,,
Alex,Smith6880,alex.smith6880@example.com,(414) 555-6880,Milwaukee,WI,53202,,Pat,two kids,new roof last year,sump pump check
Jordan,Brown6881,jordan.brown6881@example.com,(414) 555-6881,Waukesha,WI,53186,,Chris,dog named Buddy,loves gardening,insurance deductible question
Sam,Miller6882,sam.miller6882@example.com,(414) 555-6882,Racine,WI,53403,Miller Properties,Alex,parents nearby,just remodeled kitchen,tree trim quote
Taylor,Martinez6883,taylor.martinez6883@example.com,(414) 555-6883,Madison,WI,53703,,Sam,,,
Casey,Gonzalez6884,casey.gonzalez6884@example.com,(414) 555-6884,Green Bay,WI,54301,,,,,
Riley,Thomas6885,riley.thomas6885@example.com,(414) 555-6885,Chicago,IL,60611,Thomas Properties,Pat,two kids,new roof last year,sump pump check
Morgan,Jackson6886,morgan.jackson6886@example.com,(414) 555-6886,Evanston,IL,60201,,Chris,dog named Buddy,loves gardening,insurance deductible question
Avery,Johnson6887,avery.johnson6887@example.com,(414) 555-6887,Brookfield,WI,53005,,Alex,parents nearby,just remodeled kitchen,tree trim quote
Quinn,Jones6888,quinn.jones6888@example.com,(414) 555-6888,Kenosha,WI,53140,Jones Properties,Sam,,,
Jamie,Davis6889,jamie.davis6889@example.com,(414) 555-6889,Appleton,WI,54911,,,,,
Cameron,Hernandez6890,cameron.hernandez6890@example.com,(414) 555-6890,Milwaukee,WI,53202,,Pat,two kids,new roof last year,sump pump check
Drew,Wilson6891,drew.wilson6891@example.com,(414) 555-6891,Waukesha,WI,53186,Wilson Properties,Chris,dog named Buddy,loves gardening,insurance deductible question
Reese,Taylor6892,reese.taylor6892@example.com,(414) 555-6892,Racine,WI,53403,,Alex,parents nearby,just remodeled kitchen,tree trim quote
Skyler,Martin6893,skyler.martin6893@example.com,(414) 555-6893,Madison,WI,53703,,Sam,,,
Parker,Williams6894,parker.williams6894@example.com,(414) 555-6894,Green Bay,WI,54301,Williams Properties,,,,
Blake,Garcia6895,blake.garcia6895@example.com,(414) 555-6895,Chicago,IL,60611,,Pat,two kids,new roof last year,sump pump check
Hayden,Rodriguez6896,hayden.rodriguez6896@example.com,(414) 555-6896,Evanston,IL,60201,,Chris,dog named Buddy,loves gardening,insurance deductible question
Rowan,Lopez6897,rowan.lopez6897@example.com,(414) 555-6897,Brookfield,WI,53005,Lopez Properties,Alex,parents nearby,just remodeled kitchen,tree trim quote
Sawyer,Anderson6898,sawyer.anderson6898@example.com,(414) 555-6898,Kenosha,WI,53140,,Sam,,,
Finley,Moore6899,finley.moore6899@example.com,(414) 555-6899,Appleton,WI,54911,,,,,
Alex,Smith6900,alex.smith6900@example.com,(414) 555-6900,Milwaukee,WI,53202,Smith Properties,Pat,two kids,new roof last year,sump pump check
Jordan,Brown6901,jordan.brown6901@example.com,(414) 555-6901,Waukesha,WI,53186,,Chris,dog named Buddy,loves gardening,insurance deductible question
Sam,Miller6902,sam.miller6902@example.com,(414) 555-6902,Racine,WI,53403,,Alex,parents nearby,just remodeled kitchen,tree trim quote
Taylor,Martinez6903,taylor.martinez6903@example.com,(414) 555-6903,Madison,WI,53703,Martinez Properties,Sam,,,
Casey,Gonzalez6904,casey.gonzalez6904@example.com,(414) 555-6904,Green Bay,WI,54301,,,,,
Riley,Thomas6905,riley.thomas6905@example.com,(414) 555-6905,Chicago,IL,60611,,Pat,two kids,new roof last year,sump pump check
Morgan,Jackson6906,morgan.jackson6906@example.com,(414) 555-6906,Evanston,IL,60201,Jackson Properties,Chris,dog named Buddy,loves gardening,insurance deductible question
Avery,Johnson6907,avery.johnson6907@example.com,(414) 555-6907,Brookfield,WI,53005,,Alex,parents nearby,just remodeled kitchen,tree trim quote
Quinn,Jones6908,quinn.jones6908@example.com,(414) 555-6908,Kenosha,WI,53140,,Sam,,,
Jamie,Davis6909,jamie.davis6909@example.com,(414) 555-6909,Appleton,WI,54911,Davis Properties,,,,
Cameron,Hernandez6910,cameron.hernandez6910@example.com,(414) 555-6910,Milwaukee,WI,53202,,Pat,two kids,new roof last year,sump pump check
Drew,Wilson6911,drew.wilson6911@example.com,(414) 555-6911,Waukesha,WI,53186,,Chris,dog named Buddy,loves gardening,insurance deductible question
Reese,Taylor6912,reese.taylor6912@example.com,(414) 555-6912,Racine,WI,53403,Taylor Properties,Alex,parents nearby,just remodeled kitchen,tree trim quote
Skyler,Martin6913,skyler.martin6913@example.com,(414) 555-6913,Madison,WI,53703,,Sam,,,
Parker,Williams6914,parker.williams6914@example.com,(414) 555-6914,Green Bay,WI,54301,,,,,
Blake,Garcia6915,blake.garcia6915@example.com,(414) 555-6915,Chicago,IL,60611,Garcia Properties,Pat,two kids,new roof last year,sump pump check
Hayden,Rodriguez6916,hayden.rodriguez6916@example.com,(414) 555-6916,Evanston,IL,60201,,Chris,dog named Buddy,loves gardening,insurance deductible question
Rowan,Lopez6917,rowan.lopez6917@example.com,(414) 555-6917,Brookfield,WI,53005,,Alex,parents nearby,just remodeled kitchen,tree trim quote
Sawyer,Anderson6918,sawyer.anderson6918@example.com,(414) 555-6918,Kenosha,WI,53140,Anderson Properties,Sam,,,
Finley,Moore6919,finley.moore6919@example.com,(414) 555-6919,Appleton,WI,54911,,,,,
Alex,Smith6920,alex.smith6920@example.com,(414) 555-6920,Milwaukee,WI,53202,,Pat,two kids,new roof last year,sump pump check
Jordan,Brown6921,jordan.brown6921@example.com,(414) 555-6921,Waukesha,WI,53186,Brown Properties,Chris,dog named Buddy,loves gardening,insurance deductible question
Sam,Miller6922,sam.miller6922@example.com,(414) 555-6922,Racine,WI,53403,,Alex,parents nearby,just remodeled kitchen,tree trim quote
Taylor,Martinez6923,taylor.martinez6923@example.com,(414) 555-6923,Madison,WI,53703,,Sam,,,
Casey,Gonzalez6924,casey.gonzalez6924@example.com,(414) 555-6924,Green Bay,WI,54301,Gonzalez Properties,,,,
Riley,Thomas6925,riley.thomas6925@example.com,(414) 555-6925,Chicago,IL,60611,,Pat,two kids,new roof last year,sump pump check
Morgan,Jackson6926,morgan.jackson6926@example.com,(414) 555-6926,Evanston,IL,60201,,Chris,dog named Buddy,loves gardening,insurance deductible question
Avery,Johnson6927,avery.johnson6927@example.com,(414) 555-6927,Brookfield,WI,53005,Johnson Properties,Alex,parents nearby,just remodeled kitchen,tree trim quote
Quinn,Jones6928,quinn.jones6928@example.com,(414) 555-6928,Kenosha,WI,53140,,Sam,,,
Jamie,Davis6929,jamie.davis6929@example.com,(414) 555-6929,Appleton,WI,54911,,,,,
Cameron,Hernandez6930,cameron.hernandez6930@example.com,(414) 555-6930,Milwaukee,WI,53202,Hernandez Properties,Pat,two kids,new roof last year,sump pump check
Drew,Wilson6931,drew.wilson6931@example.com,(414) 555-6931,Waukesha,WI,53186,,Chris,dog named Buddy,loves gardening,insurance deductible question
Reese,Taylor6932,reese.taylor6932@example.com,(414) 555-6932,Racine,WI,53403,,Alex,parents nearby,just remodeled kitchen,tree trim quote
Skyler,Martin6933,skyler.martin6933@example.com,(414) 555-6933,Madison,WI,53703,Martin Properties,Sam,,,
Parker,Williams6934,parker.williams6934@example.com,(414) 555-6934,Green Bay,WI,54301,,,,,
Blake,Garcia6935,blake.garcia6935@example.com,(414) 555-6935,Chicago,IL,60611,,Pat,two kids,new roof last year,sump pump check
Hayden,Rodriguez6936,hayden.rodriguez6936@example.com,(414) 555-6936,Evanston,IL,60201,Rodriguez Properties,Chris,dog named Buddy,loves gardening,insurance deductible question
Rowan,Lopez6937,rowan.lopez6937@example.com,(414) 555-6937,Brookfield,WI,53005,,Alex,parents nearby,just remodeled kitchen,tree trim quote
Sawyer,Anderson6938,sawyer.anderson6938@example.com,(414) 555-6938,Kenosha,WI,53140,,Sam,,,
Finley,Moore6939,finley.moore6939@example.com,(414) 555-6939,Appleton,WI,54911,Moore Properties,,,,
Alex,Smith6940,alex.smith6940@example.com,(414) 555-6940,Milwaukee,WI,53202,,Pat,two kids,new roof last year,sump pump check
Jordan,Brown6941,jordan.brown6941@example.com,(414) 555-6941,Waukesha,WI,53186,,Chris,dog named Buddy,loves gardening,insurance deductible question
Sam,Miller6942,sam.miller6942@example.com,(414) 555-6942,Racine,WI,53403,Miller Properties,Alex,parents nearby,just remodeled kitchen,tree trim quote
Taylor,Martinez6943,taylor.martinez6943@example.com,(414) 555-6943,Madison,WI,53703,,Sam,,,
Casey,Gonzalez6944,casey.gonzalez6944@example.com,(414) 555-6944,Green Bay,WI,54301,,,,,
Riley,Thomas6945,riley.thomas6945@example.com,(414) 555-6945,Chicago,IL,60611,Thomas Properties,Pat,two kids,new roof last year,sump pump check
Morgan,Jackson6946,morgan.jackson6946@example.com,(414) 555-6946,Evanston,IL,60201,,Chris,dog named Buddy,loves gardening,insurance deductible question
Avery,Johnson6947,avery.johnson6947@example.com,(414) 555-6947,Brookfield,WI,53005,,Alex,parents nearby,just remodeled kitchen,tree trim quote
Quinn,Jones6948,quinn.jones6948@example.com,(414) 555-6948,Kenosha,WI,53140,Jones Properties,Sam,,,
Jamie,Davis6949,jamie.davis6949@example.com,(414) 555-6949,Appleton,WI,54911,,,,,
Cameron,Hernandez6950,cameron.hernandez6950@example.com,(414) 555-6950,Milwaukee,WI,53202,,Pat,two kids,new roof last year,sump pump check
Drew,Wilson6951,drew.wilson6951@example.com,(414) 555-6951,Waukesha,WI,53186,Wilson Properties,Chris,dog named Buddy,loves gardening,insurance deductible question
Reese,Taylor6952,reese.taylor6952@example.com,(414) 555-6952,Racine,WI,53403,,Alex,parents nearby,just remodeled kitchen,tree trim quote
Skyler,Martin6953,skyler.martin6953@example.com,(414) 555-6953,Madison,WI,53703,,Sam,,,
Parker,Williams6954,parker.williams6954@example.com,(414) 555-6954,Green Bay,WI,54301,Williams Properties,,,,
Blake,Garcia6955,blake.garcia6955@example.com,(414) 555-6955,Chicago,IL,60611,,Pat,two kids,new roof last year,sump pump check
Hayden,Rodriguez6956,hayden.rodriguez6956@example.com,(414) 555-6956,Evanston,IL,60201,,Chris,dog named Buddy,loves gardening,insurance deductible question
Rowan,Lopez6957,rowan.lopez6957@example.com,(414) 555-6957,Brookfield,WI,53005,Lopez Properties,Alex,parents nearby,just remodeled kitchen,tree trim quote
Sawyer,Anderson6958,sawyer.anderson6958@example.com,(414) 555-6958,Kenosha,WI,53140,,Sam,,,
Finley,Moore6959,finley.moore6959@example.com,(414) 555-6959,Appleton,WI,54911,,,,,
Alex,Smith6960,alex.smith6960@example.com,(414) 555-6960,Milwaukee,WI,53202,Smith Properties,Pat,two kids,new roof last year,sump pump check
Jordan,Brown6961,jordan.brown6961@example.com,(414) 555-6961,Waukesha,WI,53186,,Chris,dog named Buddy,loves gardening,insurance deductible question
Sam,Miller6962,sam.miller6962@example.com,(414) 555-6962,Racine,WI,53403,,Alex,parents nearby,just remodeled kitchen,tree trim quote
Taylor,Martinez6963,taylor.martinez6963@example.com,(414) 555-6963,Madison,WI,53703,Martinez Properties,Sam,,,
Casey,Gonzalez6964,casey.gonzalez6964@example.com,(414) 555-6964,Green Bay,WI,54301,,,,,
Riley,Thomas6965,riley.thomas6965@example.com,(414) 555-6965,Chicago,IL,60611,,Pat,two kids,new roof last year,sump pump check
Morgan,Jackson6966,morgan.jackson6966@example.com,(414) 555-6966,Evanston,IL,60201,Jackson Properties,Chris,dog named Buddy,loves gardening,insurance deductible question
Avery,Johnson6967,avery.johnson6967@example.com,(414) 555-6967,Brookfield,WI,53005,,Alex,parents nearby,just remodeled kitchen,tree trim quote
Quinn,Jones6968,quinn.jones6968@example.com,(414) 555-6968,Kenosha,WI,53140,,Sam,,,
Jamie,Davis6969,jamie.davis6969@example.com,(414) 555-6969,Appleton,WI,54911,Davis Properties,,,,
Cameron,Hernandez6970,cameron.hernandez6970@example.com,(414) 555-6970,Milwaukee,WI,53202,,Pat,two kids,new roof last year,sump pump check
Drew,Wilson6971,drew.wilson6971@example.com,(414) 555-6971,Waukesha,WI,53186,,Chris,dog named Buddy,loves gardening,insurance deductible question
Reese,Taylor6972,reese.taylor6972@example.com,(414) 555-6972,Racine,WI,53403,Taylor Properties,Alex,parents nearby,just remodeled kitchen,tree trim quote
Skyler,Martin6973,skyler.martin6973@example.com,(414) 555-6973,Madison,WI,53703,,Sam,,,
Parker,Williams6974,parker.williams6974@example.com,(414) 555-6974,Green Bay,WI,54301,,,,,
Blake,Garcia6975,blake.garcia6975@example.com,(414) 555-6975,Chicago,IL,60611,Garcia Properties,Pat,two kids,new roof last year,sump pump check
Hayden,Rodriguez6976,hayden.rodriguez6976@example.com,(414) 555-6976,Evanston,IL,60201,,Chris,dog named Buddy,loves gardening,insurance deductible question
Rowan,Lopez6977,rowan.lopez6977@example.com,(414) 555-6977,Brookfield,WI,53005,,Alex,parents nearby,just remodeled kitchen,tree trim quote
Sawyer,Anderson6978,sawyer.anderson6978@example.com,(414) 555-6978,Kenosha,WI,53140,Anderson Properties,Sam,,,
Finley,Moore6979,finley.moore6979@example.com,(414) 555-6979,Appleton,WI,54911,,,,,
Alex,Smith6980,alex.smith6980@example.com,(414) 555-6980,Milwaukee,WI,53202,,Pat,two kids,new roof last year,sump pump check
Jordan,Brown6981,jordan.brown6981@example.com,(414) 555-6981,Waukesha,WI,53186,Brown Properties,Chris,dog named Buddy,loves gardening,insurance deductible question
Sam,Miller6982,sam.miller6982@example.com,(414) 555-6982,Racine,WI,53403,,Alex,parents nearby,just remodeled kitchen,tree trim quote
Taylor,Martinez6983,taylor.martinez6983@example.com,(414) 555-6983,Madison,WI,53703,,Sam,,,
Casey,Gonzalez6984,casey.gonzalez6984@example.com,(414) 555-6984,Green Bay,WI,54301,Gonzalez Properties,,,,
Riley,Thomas6985,riley.thomas6985@example.com,(414) 555-6985,Chicago,IL,60611,,Pat,two kids,new roof last year,sump pump check
Morgan,Jackson6986,morgan.jackson6986@example.com,(414) 555-6986,Evanston,IL,60201,,Chris,dog named Buddy,loves gardening,insurance deductible question
Avery,Johnson6987,avery.johnson6987@example.com,(414) 555-6987,Brookfield,WI,53005,Johnson Properties,Alex,parents nearby,just remodeled kitchen,tree trim quote
Quinn,Jones6988,quinn.jones6988@example.com,(414) 555-6988,Kenosha,WI,53140,,Sam,,,
Jamie,Davis6989,jamie.davis6989@example.com,(414) 555-6989,Appleton,WI,54911,,,,,
Cameron,Hernandez6990,cameron.hernandez6990@example.com,(414) 555-6990,Milwaukee,WI,53202,Hernandez Properties,Pat,two kids,new roof last year,sump pump check
Drew,Wilson6991,drew.wilson6991@example.com,(414) 555-6991,Waukesha,WI,53186,,Chris,dog named Buddy,loves gardening,insurance deductible question
Reese,Taylor6992,reese.taylor6992@example.com,(414) 555-6992,Racine,WI,53403,,Alex,parents nearby,just remodeled kitchen,tree trim quote
Skyler,Martin6993,skyler.martin6993@example.com,(414) 555-6993,Madison,WI,53703,Martin Properties,Sam,,,
Parker,Williams6994,parker.williams6994@example.com,(414) 555-6994,Green Bay,WI,54301,,,,,
Blake,Garcia6995,blake.garcia6995@example.com,(414) 555-6995,Chicago,IL,60611,,Pat,two kids,new roof last year,sump pump check
Hayden,Rodriguez6996,hayden.rodriguez6996@example.com,(414) 555-6996,Evanston,IL,60201,Rodriguez Properties,Chris,dog named Buddy,loves gardening,insurance deductible question
Rowan,Lopez6997,rowan.lopez6997@example.com,(414) 555-6997,Brookfield,WI,53005,,Alex,parents nearby,just remodeled kitchen,tree trim quote
Sawyer,Anderson6998,sawyer.anderson6998@example.com,(414) 555-6998,Kenosha,WI,53140,,Sam,,,
Finley,Moore6999,finley.moore6999@example.com,(414) 555-6999,Appleton,WI,54911,Moore Properties,,,,
Alex,Smith7000,alex.smith7000@example.com,(414) 555-7000,Milwaukee,WI,53202,,Pat,two kids,new roof last year,sump pump check
Jordan,Brown7001,jordan.brown7001@example.com,(414) 555-7001,Waukesha,WI,53186,,Chris,dog named Buddy,loves gardening,insurance deductible question
Sam,Miller7002,sam.miller7002@example.com,(414) 555-7002,Racine,WI,53403,Miller Properties,Alex,parents nearby,just remodeled kitchen,tree trim quote
Taylor,Martinez7003,taylor.martinez7003@example.com,(414) 555-7003,Madison,WI,53703,,Sam,,,
Casey,Gonzalez7004,casey.gonzalez7004@example.com,(414) 555-7004,Green Bay,WI,54301,,,,,
Riley,Thomas7005,riley.thomas7005@example.com,(414) 555-7005,Chicago,IL,60611,Thomas Properties,Pat,two kids,new roof last year,sump pump check
Morgan,Jackson7006,morgan.jackson7006@example.com,(414) 555-7006,Evanston,IL,60201,,Chris,dog named Buddy,loves gardening,insurance deductible question
Avery,Johnson7007,avery.johnson7007@example.com,(414) 555-7007,Brookfield,WI,53005,,Alex,parents nearby,just remodeled kitchen,tree trim quote
Quinn,Jones7008,quinn.jones7008@example.com,(414) 555-7008,Kenosha,WI,53140,Jones Properties,Sam,,,
Jamie,Davis7009,jamie.davis7009@example.com,(414) 555-7009,Appleton,WI,54911,,,,,
Cameron,Hernandez7010,cameron.hernandez7010@example.com,(414) 555-7010,Milwaukee,WI,53202,,Pat,two kids,new roof last year,sump pump check
Drew,Wilson7011,drew.wilson7011@example.com,(414) 555-7011,Waukesha,WI,53186,Wilson Properties,Chris,dog named Buddy,loves gardening,insurance deductible question
Reese,Taylor7012,reese.taylor7012@example.com,(414) 555-7012,Racine,WI,53403,,Alex,parents nearby,just remodeled kitchen,tree trim quote
Skyler,Martin7013,skyler.martin7013@example.com,(414) 555-7013,Madison,WI,53703,,Sam,,,
Parker,Williams7014,parker.williams7014@example.com,(414) 555-7014,Green Bay,WI,54301,Williams Properties,,,,
Blake,Garcia7015,blake.garcia7015@example.com,(414) 555-7015,Chicago,IL,60611,,Pat,two kids,new roof last year,sump pump check
Hayden,Rodriguez7016,hayden.rodriguez7016@example.com,(414) 555-7016,Evanston,IL,60201,,Chris,dog named Buddy,loves gardening,insurance deductible question
Rowan,Lopez7017,rowan.lopez7017@example.com,(414) 555-7017,Brookfield,WI,53005,Lopez Properties,Alex,parents nearby,just remodeled kitchen,tree trim quote
Sawyer,Anderson7018,sawyer.anderson7018@example.com,(414) 555-7018,Kenosha,WI,53140,,Sam,,,
Finley,Moore7019,finley.moore7019@example.com,(414) 555-7019,Appleton,WI,54911,,,,,
Alex,Smith7020,alex.smith7020@example.com,(414) 555-7020,Milwaukee,WI,53202,Smith Properties,Pat,two kids,new roof last year,sump pump check
Jordan,Brown7021,jordan.brown7021@example.com,(414) 555-7021,Waukesha,WI,53186,,Chris,dog named Buddy,loves gardening,insurance deductible question
Sam,Miller7022,sam.miller7022@example.com,(414) 555-7022,Racine,WI,53403,,Alex,parents nearby,just remodeled kitchen,tree trim quote
Taylor,Martinez7023,taylor.martinez7023@example.com,(414) 555-7023,Madison,WI,53703,Martinez Properties,Sam,,,
Casey,Gonzalez7024,casey.gonzalez7024@example.com,(414) 555-7024,Green Bay,WI,54301,,,,,
Riley,Thomas7025,riley.thomas7025@example.com,(414) 555-7025,Chicago,IL,60611,,Pat,two kids,new roof last year,sump pump check
Morgan,Jackson7026,morgan.jackson7026@example.com,(414) 555-7026,Evanston,IL,60201,Jackson Properties,Chris,dog named Buddy,loves gardening,insurance deductible question
Avery,Johnson7027,avery.johnson7027@example.com,(414) 555-7027,Brookfield,WI,53005,,Alex,parents nearby,just remodeled kitchen,tree trim quote
Quinn,Jones7028,quinn.jones7028@example.com,(414) 555-7028,Kenosha,WI,53140,,Sam,,,
Jamie,Davis7029,jamie.davis7029@example.com,(414) 555-7029,Appleton,WI,54911,Davis Properties,,,,
Cameron,Hernandez7030,cameron.hernandez7030@example.com,(414) 555-7030,Milwaukee,WI,53202,,Pat,two kids,new roof last year,sump pump check
Drew,Wilson7031,drew.wilson7031@example.com,(414) 555-7031,Waukesha,WI,53186,,Chris,dog named Buddy,loves gardening,insurance deductible question
Reese,Taylor7032,reese.taylor7032@example.com,(414) 555-7032,Racine,WI,53403,Taylor Properties,Alex,parents nearby,just remodeled kitchen,tree trim quote
Skyler,Martin7033,skyler.martin7033@example.com,(414) 555-7033,Madison,WI,53703,,Sam,,,
Parker,Williams7034,parker.williams7034@example.com,(414) 555-7034,Green Bay,WI,54301,,,,,
Blake,Garcia7035,blake.garcia7035@example.com,(414) 555-7035,Chicago,IL,60611,Garcia Properties,Pat,two kids,new roof last year,sump pump check
Hayden,Rodriguez7036,hayden.rodriguez7036@example.com,(414) 555-7036,Evanston,IL,60201,,Chris,dog named Buddy,loves gardening,insurance deductible question
Rowan,Lopez7037,rowan.lopez7037@example.com,(414) 555-7037,Brookfield,WI,53005,,Alex,parents nearby,just remodeled kitchen,tree trim quote
Sawyer,Anderson7038,sawyer.anderson7038@example.com,(414) 555-7038,Kenosha,WI,53140,Anderson Properties,Sam,,,
Finley,Moore7039,finley.moore7039@example.com,(414) 555-7039,Appleton,WI,54911,,,,,
Alex,Smith7040,alex.smith7040@example.com,(414) 555-7040,Milwaukee,WI,53202,,Pat,two kids,new roof last year,sump pump check
Jordan,Brown7041,jordan.brown7041@example.com,(414) 555-7041,Waukesha,WI,53186,Brown Properties,Chris,dog named Buddy,loves gardening,insurance deductible question
Sam,Miller7042,sam.miller7042@example.com,(414) 555-7042,Racine,WI,53403,,Alex,parents nearby,just remodeled kitchen,tree trim quote
Taylor,Martinez7043,taylor.martinez7043@example.com,(414) 555-7043,Madison,WI,53703,,Sam,,,
Casey,Gonzalez7044,casey.gonzalez7044@example.com,(414) 555-7044,Green Bay,WI,54301,Gonzalez Properties,,,,
Riley,Thomas7045,riley.thomas7045@example.com,(414) 555-7045,Chicago,IL,60611,,Pat,two kids,new roof last year,sump pump check
Morgan,Jackson7046,morgan.jackson7046@example.com,(414) 555-7046,Evanston,IL,60201,,Chris,dog named Buddy,loves gardening,insurance deductible question
Avery,Johnson7047,avery.johnson7047@example.com,(414) 555-7047,Brookfield,WI,53005,Johnson Properties,Alex,parents nearby,just remodeled kitchen,tree trim quote
Quinn,Jones7048,quinn.jones7048@example.com,(414) 555-7048,Kenosha,WI,53140,,Sam,,,
Jamie,Davis7049,jamie.davis7049@example.com,(414) 555-7049,Appleton,WI,54911,,,,,
Cameron,Hernandez7050,cameron.hernandez7050@example.com,(414) 555-7050,Milwaukee,WI,53202,Hernandez Properties,Pat,two kids,new roof last year,sump pump check
Drew,Wilson7051,drew.wilson7051@example.com,(414) 555-7051,Waukesha,WI,53186,,Chris,dog named Buddy,loves gardening,insurance deductible question
Reese,Taylor7052,reese.taylor7052@example.com,(414) 555-7052,Racine,WI,53403,,Alex,parents nearby,just remodeled kitchen,tree trim quote
Skyler,Martin7053,skyler.martin7053@example.com,(414) 555-7053,Madison,WI,53703,Martin Properties,Sam,,,
Parker,Williams7054,parker.williams7054@example.com,(414) 555-7054,Green Bay,WI,54301,,,,,
Blake,Garcia7055,blake.garcia7055@example.com,(414) 555-7055,Chicago,IL,60611,,Pat,two kids,new roof last year,sump pump check
Hayden,Rodriguez7056,hayden.rodriguez7056@example.com,(414) 555-7056,Evanston,IL,60201,Rodriguez Properties,Chris,dog named Buddy,loves gardening,insurance deductible question
Rowan,Lopez7057,rowan.lopez7057@example.com,(414) 555-7057,Brookfield,WI,53005,,Alex,parents nearby,just remodeled kitchen,tree trim quote
Sawyer,Anderson7058,sawyer.anderson7058@example.com,(414) 555-7058,Kenosha,WI,53140,,Sam,,,
Finley,Moore7059,finley.moore7059@example.com,(414) 555-7059,Appleton,WI,54911,Moore Properties,,,,
Alex,Smith7060,alex.smith7060@example.com,(414) 555-7060,Milwaukee,WI,53202,,Pat,two kids,new roof last year,sump pump check
Jordan,Brown7061,jordan.brown7061@example.com,(414) 555-7061,Waukesha,WI,53186,,Chris,dog named Buddy,loves gardening,insurance deductible question
Sam,Miller7062,sam.miller7062@example.com,(414) 555-7062,Racine,WI,53403,Miller Properties,Alex,parents nearby,just remodeled kitchen,tree trim quote
Taylor,Martinez7063,taylor.martinez7063@example.com,(414) 555-7063,Madison,WI,53703,,Sam,,,
Casey,Gonzalez7064,casey.gonzalez7064@example.com,(414) 555-7064,Green Bay,WI,54301,,,,,
Riley,Thomas7065,riley.thomas7065@example.com,(414) 555-7065,Chicago,IL,60611,Thomas Properties,Pat,two kids,new roof last year,sump pump check
Morgan,Jackson7066,morgan.jackson7066@example.com,(414) 555-7066,Evanston,IL,60201,,Chris,dog named Buddy,loves gardening,insurance deductible question
Avery,Johnson7067,avery.johnson7067@example.com,(414) 555-7067,Brookfield,WI,53005,,Alex,parents nearby,just remodeled kitchen,tree trim quote
Quinn,Jones7068,quinn.jones7068@example.com,(414) 555-7068,Kenosha,WI,53140,Jones Properties,Sam,,,
Jamie,Davis7069,jamie.davis7069@example.com,(414) 555-7069,Appleton,WI,54911,,,,,
Cameron,Hernandez7070,cameron.hernandez7070@example.com,(414) 555-7070,Milwaukee,WI,53202,,Pat,two kids,new roof last year,sump pump check
Drew,Wilson7071,drew.wilson7071@example.com,(414) 555-7071,Waukesha,WI,53186,Wilson Properties,Chris,dog named Buddy,loves gardening,insurance deductible question
Reese,Taylor7072,reese.taylor7072@example.com,(414) 555-7072,Racine,WI,53403,,Alex,parents nearby,just remodeled kitchen,tree trim quote
Skyler,Martin7073,skyler.martin7073@example.com,(414) 555-7073,Madison,WI,53703,,Sam,,,
Parker,Williams7074,parker.williams7074@example.com,(414) 555-7074,Green Bay,WI,54301,Williams Properties,,,,
Blake,Garcia7075,blake.garcia7075@example.com,(414) 555-7075,Chicago,IL,60611,,Pat,two kids,new roof last year,sump pump check
Hayden,Rodriguez7076,hayden.rodriguez7076@example.com,(414) 555-7076,Evanston,IL,60201,,Chris,dog named Buddy,loves gardening,insurance deductible question
Rowan,Lopez7077,rowan.lopez7077@example.com,(414) 555-7077,Brookfield,WI,53005,Lopez Properties,Alex,parents nearby,just remodeled kitchen,tree trim quote
Sawyer,Anderson7078,sawyer.anderson7078@example.com,(414) 555-7078,Kenosha,WI,53140,,Sam,,,
Finley,Moore7079,finley.moore7079@example.com,(414) 555-7079,Appleton,WI,54911,,,,,
Alex,Smith7080,alex.smith7080@example.com,(414) 555-7080,Milwaukee,WI,53202,Smith Properties,Pat,two kids,new roof last year,sump pump check
Jordan,Brown7081,jordan.brown7081@example.com,(414) 555-7081,Waukesha,WI,53186,,Chris,dog named Buddy,loves gardening,insurance deductible question
Sam,Miller7082,sam.miller7082@example.com,(414) 555-7082,Racine,WI,53403,,Alex,parents nearby,just remodeled kitchen,tree trim quote
Taylor,Martinez7083,taylor.martinez7083@example.com,(414) 555-7083,Madison,WI,53703,Martinez Properties,Sam,,,
Casey,Gonzalez7084,casey.gonzalez7084@example.com,(414) 555-7084,Green Bay,WI,54301,,,,,
Riley,Thomas7085,riley.thomas7085@example.com,(414) 555-7085,Chicago,IL,60611,,Pat,two kids,new roof last year,sump pump check
Morgan,Jackson7086,morgan.jackson7086@example.com,(414) 555-7086,Evanston,IL,60201,Jackson Properties,Chris,dog named Buddy,loves gardening,insurance deductible question
Avery,Johnson7087,avery.johnson7087@example.com,(414) 555-7087,Brookfield,WI,53005,,Alex,parents nearby,just remodeled kitchen,tree trim quote
Quinn,Jones7088,quinn.jones7088@example.com,(414) 555-7088,Kenosha,WI,53140,,Sam,,,
Jamie,Davis7089,jamie.davis7089@example.com,(414) 555-7089,Appleton,WI,54911,Davis Properties,,,,
Cameron,Hernandez7090,cameron.hernandez7090@example.com,(414) 555-7090,Milwaukee,WI,53202,,Pat,two kids,new roof last year,sump pump check
Drew,Wilson7091,drew.wilson7091@example.com,(414) 555-7091,Waukesha,WI,53186,,Chris,dog named Buddy,loves gardening,insurance deductible question
Reese,Taylor7092,reese.taylor7092@example.com,(414) 555-7092,Racine,WI,53403,Taylor Properties,Alex,parents nearby,just remodeled kitchen,tree trim quote
Skyler,Martin7093,skyler.martin7093@example.com,(414) 555-7093,Madison,WI,53703,,Sam,,,
Parker,Williams7094,parker.williams7094@example.com,(414) 555-7094,Green Bay,WI,54301,,,,,
Blake,Garcia7095,blake.garcia7095@example.com,(414) 555-7095,Chicago,IL,60611,Garcia Properties,Pat,two kids,new roof last year,sump pump check
Hayden,Rodriguez7096,hayden.rodriguez7096@example.com,(414) 555-7096,Evanston,IL,60201,,Chris,dog named Buddy,loves gardening,insurance deductible question
Rowan,Lopez7097,rowan.lopez7097@example.com,(414) 555-7097,Brookfield,WI,53005,,Alex,parents nearby,just remodeled kitchen,tree trim quote
Sawyer,Anderson7098,sawyer.anderson7098@example.com,(414) 555-7098,Kenosha,WI,53140,Anderson Properties,Sam,,,
Finley,Moore7099,finley.moore7099@example.com,(414) 555-7099,Appleton,WI,54911,,,,,
Alex,Smith7100,alex.smith7100@example.com,(414) 555-7100,Milwaukee,WI,53202,,Pat,two kids,new roof last year,sump pump check
Jordan,Brown7101,jordan.brown7101@example.com,(414) 555-7101,Waukesha,WI,53186,Brown Properties,Chris,dog named Buddy,loves gardening,insurance deductible question
Sam,Miller7102,sam.miller7102@example.com,(414) 555-7102,Racine,WI,53403,,Alex,parents nearby,just remodeled kitchen,tree trim quote
Taylor,Martinez7103,taylor.martinez7103@example.com,(414) 555-7103,Madison,WI,53703,,Sam,,,
Casey,Gonzalez7104,casey.gonzalez7104@example.com,(414) 555-7104,Green Bay,WI,54301,Gonzalez Properties,,,,
Riley,Thomas7105,riley.thomas7105@example.com,(414) 555-7105,Chicago,IL,60611,,Pat,two kids,new roof last year,sump pump check
Morgan,Jackson7106,morgan.jackson7106@example.com,(414) 555-7106,Evanston,IL,60201,,Chris,dog named Buddy,loves gardening,insurance deductible question
Avery,Johnson7107,avery.johnson7107@example.com,(414) 555-7107,Brookfield,WI,53005,Johnson Properties,Alex,parents nearby,just remodeled kitchen,tree trim quote
Quinn,Jones7108,quinn.jones7108@example.com,(414) 555-7108,Kenosha,WI,53140,,Sam,,,
Jamie,Davis7109,jamie.davis7109@example.com,(414) 555-7109,Appleton,WI,54911,,,,,
Cameron,Hernandez7110,cameron.hernandez7110@example.com,(414) 555-7110,Milwaukee,WI,53202,Hernandez Properties,Pat,two kids,new roof last year,sump pump check
Drew,Wilson7111,drew.wilson7111@example.com,(414) 555-7111,Waukesha,WI,53186,,Chris,dog named Buddy,loves gardening,insurance deductible question
Reese,Taylor7112,reese.taylor7112@example.com,(414) 555-7112,Racine,WI,53403,,Alex,parents nearby,just remodeled kitchen,tree trim quote
Skyler,Martin7113,skyler.martin7113@example.com,(414) 555-7113,Madison,WI,53703,Martin Properties,Sam,,,
Parker,Williams7114,parker.williams7114@example.com,(414) 555-7114,Green Bay,WI,54301,,,,,
Blake,Garcia7115,blake.garcia7115@example.com,(414) 555-7115,Chicago,IL,60611,,Pat,two kids,new roof last year,sump pump check
Hayden,Rodriguez7116,hayden.rodriguez7116@example.com,(414) 555-7116,Evanston,IL,60201,Rodriguez Properties,Chris,dog named Buddy,loves gardening,insurance deductible question
Rowan,Lopez7117,rowan.lopez7117@example.com,(414) 555-7117,Brookfield,WI,53005,,Alex,parents nearby,just remodeled kitchen,tree trim quote
Sawyer,Anderson7118,sawyer.anderson7118@example.com,(414) 555-7118,Kenosha,WI,53140,,Sam,,,
Finley,Moore7119,finley.moore7119@example.com,(414) 555-7119,Appleton,WI,54911,Moore Properties,,,,
Alex,Smith7120,alex.smith7120@example.com,(414) 555-7120,Milwaukee,WI,53202,,Pat,two kids,new roof last year,sump pump check
Jordan,Brown7121,jordan.brown7121@example.com,(414) 555-7121,Waukesha,WI,53186,,Chris,dog named Buddy,loves gardening,insurance deductible question
Sam,Miller7122,sam.miller7122@example.com,(414) 555-7122,Racine,WI,53403,Miller Properties,Alex,parents nearby,just remodeled kitchen,tree trim quote
Taylor,Martinez7123,taylor.martinez7123@example.com,(414) 555-7123,Madison,WI,53703,,Sam,,,
Casey,Gonzalez7124,casey.gonzalez7124@example.com,(414) 555-7124,Green Bay,WI,54301,,,,,
Riley,Thomas7125,riley.thomas7125@example.com,(414) 555-7125,Chicago,IL,60611,Thomas Properties,Pat,two kids,new roof last year,sump pump check
Morgan,Jackson7126,morgan.jackson7126@example.com,(414) 555-7126,Evanston,IL,60201,,Chris,dog named Buddy,loves gardening,insurance deductible question
Avery,Johnson7127,avery.johnson7127@example.com,(414) 555-7127,Brookfield,WI,53005,,Alex,parents nearby,just remodeled kitchen,tree trim quote
Quinn,Jones7128,quinn.jones7128@example.com,(414) 555-7128,Kenosha,WI,53140,Jones Properties,Sam,,,
Jamie,Davis7129,jamie.davis7129@example.com,(414) 555-7129,Appleton,WI,54911,,,,,
Cameron,Hernandez7130,cameron.hernandez7130@example.com,(414) 555-7130,Milwaukee,WI,53202,,Pat,two kids,new roof last year,sump pump check
Drew,Wilson7131,drew.wilson7131@example.com,(414) 555-7131,Waukesha,WI,53186,Wilson Properties,Chris,dog named Buddy,loves gardening,insurance deductible question
Reese,Taylor7132,reese.taylor7132@example.com,(414) 555-7132,Racine,WI,53403,,Alex,parents nearby,just remodeled kitchen,tree trim quote
Skyler,Martin7133,skyler.martin7133@example.com,(414) 555-7133,Madison,WI,53703,,Sam,,,
Parker,Williams7134,parker.williams7134@example.com,(414) 555-7134,Green Bay,WI,54301,Williams Properties,,,,
Blake,Garcia7135,blake.garcia7135@example.com,(414) 555-7135,Chicago,IL,60611,,Pat,two kids,new roof last year,sump pump check
Hayden,Rodriguez7136,hayden.rodriguez7136@example.com,(414) 555-7136,Evanston,IL,60201,,Chris,dog named Buddy,loves gardening,insurance deductible question
Rowan,Lopez7137,rowan.lopez7137@example.com,(414) 555-7137,Brookfield,WI,53005,Lopez Properties,Alex,parents nearby,just remodeled kitchen,tree trim quote
Sawyer,Anderson7138,sawyer.anderson7138@example.com,(414) 555-7138,Kenosha,WI,53140,,Sam,,,
Finley,Moore7139,finley.moore7139@example.com,(414) 555-7139,Appleton,WI,54911,,,,,
Alex,Smith7140,alex.smith7140@example.com,(414) 555-7140,Milwaukee,WI,53202,Smith Properties,Pat,two kids,new roof last year,sump pump check
Jordan,Brown7141,jordan.brown7141@example.com,(414) 555-7141,Waukesha,WI,53186,,Chris,dog named Buddy,loves gardening,insurance deductible question
Sam,Miller7142,sam.miller7142@example.com,(414) 555-7142,Racine,WI,53403,,Alex,parents nearby,just remodeled kitchen,tree trim quote
Taylor,Martinez7143,taylor.martinez7143@example.com,(414) 555-7143,Madison,WI,53703,Martinez Properties,Sam,,,
Casey,Gonzalez7144,casey.gonzalez7144@example.com,(414) 555-7144,Green Bay,WI,54301,,,,,
Riley,Thomas7145,riley.thomas7145@example.com,(414) 555-7145,Chicago,IL,60611,,Pat,two kids,new roof last year,sump pump check
Morgan,Jackson7146,morgan.jackson7146@example.com,(414) 555-7146,Evanston,IL,60201,Jackson Properties,Chris,dog named Buddy,loves gardening,insurance deductible question
Avery,Johnson7147,avery.johnson7147@example.com,(414) 555-7147,Brookfield,WI,53005,,Alex,parents nearby,just remodeled kitchen,tree trim quote
Quinn,Jones7148,quinn.jones7148@example.com,(414) 555-7148,Kenosha,WI,53140,,Sam,,,
Jamie,Davis7149,jamie.davis7149@example.com,(414) 555-7149,Appleton,WI,54911,Davis Properties,,,,
Cameron,Hernandez7150,cameron.hernandez7150@example.com,(414) 555-7150,Milwaukee,WI,53202,,Pat,two kids,new roof last year,sump pump check
Drew,Wilson7151,drew.wilson7151@example.com,(414) 555-7151,Waukesha,WI,53186,,Chris,dog named Buddy,loves gardening,insurance deductible question
Reese,Taylor7152,reese.taylor7152@example.com,(414) 555-7152,Racine,WI,53403,Taylor Properties,Alex,parents nearby,just remodeled kitchen,tree trim quote
Skyler,Martin7153,skyler.martin7153@example.com,(414) 555-7153,Madison,WI,53703,,Sam,,,
Parker,Williams7154,parker.williams7154@example.com,(414) 555-7154,Green Bay,WI,54301,,,,,
Blake,Garcia7155,blake.garcia7155@example.com,(414) 555-7155,Chicago,IL,60611,Garcia Properties,Pat,two kids,new roof last year,sump pump check
Hayden,Rodriguez7156,hayden.rodriguez7156@example.com,(414) 555-7156,Evanston,IL,60201,,Chris,dog named Buddy,loves gardening,insurance deductible question
Rowan,Lopez7157,rowan.lopez7157@example.com,(414) 555-7157,Brookfield,WI,53005,,Alex,parents nearby,just remodeled kitchen,tree trim quote
Sawyer,Anderson7158,sawyer.anderson7158@example.com,(414) 555-7158,Kenosha,WI,53140,Anderson Properties,Sam,,,
Finley,Moore7159,finley.moore7159@example.com,(414) 555-7159,Appleton,WI,54911,,,,,
Alex,Smith7160,alex.smith7160@example.com,(414) 555-7160,Milwaukee,WI,53202,,Pat,two kids,new roof last year,sump pump check
Jordan,Brown7161,jordan.brown7161@example.com,(414) 555-7161,Waukesha,WI,53186,Brown Properties,Chris,dog named Buddy,loves gardening,insurance deductible question
Sam,Miller7162,sam.miller7162@example.com,(414) 555-7162,Racine,WI,53403,,Alex,parents nearby,just remodeled kitchen,tree trim quote
Taylor,Martinez7163,taylor.martinez7163@example.com,(414) 555-7163,Madison,WI,53703,,Sam,,,
Casey,Gonzalez7164,casey.gonzalez7164@example.com,(414) 555-7164,Green Bay,WI,54301,Gonzalez Properties,,,,
Riley,Thomas7165,riley.thomas7165@example.com,(414) 555-7165,Chicago,IL,60611,,Pat,two kids,new roof last year,sump pump check
Morgan,Jackson7166,morgan.jackson7166@example.com,(414) 555-7166,Evanston,IL,60201,,Chris,dog named Buddy,loves gardening,insurance deductible question
Avery,Johnson7167,avery.johnson7167@example.com,(414) 555-7167,Brookfield,WI,53005,Johnson Properties,Alex,parents nearby,just remodeled kitchen,tree trim quote
Quinn,Jones7168,quinn.jones7168@example.com,(414) 555-7168,Kenosha,WI,53140,,Sam,,,
Jamie,Davis7169,jamie.davis7169@example.com,(414) 555-7169,Appleton,WI,54911,,,,,
Cameron,Hernandez7170,cameron.hernandez7170@example.com,(414) 555-7170,Milwaukee,WI,53202,Hernandez Properties,Pat,two kids,new roof last year,sump pump check
Drew,Wilson7171,drew.wilson7171@example.com,(414) 555-7171,Waukesha,WI,53186,,Chris,dog named Buddy,loves gardening,insurance deductible question
Reese,Taylor7172,reese.taylor7172@example.com,(414) 555-7172,Racine,WI,53403,,Alex,parents nearby,just remodeled kitchen,tree trim quote
Skyler,Martin7173,skyler.martin7173@example.com,(414) 555-7173,Madison,WI,53703,Martin Properties,Sam,,,
Parker,Williams7174,parker.williams7174@example.com,(414) 555-7174,Green Bay,WI,54301,,,,,
Blake,Garcia7175,blake.garcia7175@example.com,(414) 555-7175,Chicago,IL,60611,,Pat,two kids,new roof last year,sump pump check
Hayden,Rodriguez7176,hayden.rodriguez7176@example.com,(414) 555-7176,Evanston,IL,60201,Rodriguez Properties,Chris,dog named Buddy,loves gardening,insurance deductible question
Rowan,Lopez7177,rowan.lopez7177@example.com,(414) 555-7177,Brookfield,WI,53005,,Alex,parents nearby,just remodeled kitchen,tree trim quote
Sawyer,Anderson7178,sawyer.anderson7178@example.com,(414) 555-7178,Kenosha,WI,53140,,Sam,,,
Finley,Moore7179,finley.moore7179@example.com,(414) 555-7179,Appleton,WI,54911,Moore Properties,,,,
Alex,Smith7180,alex.smith7180@example.com,(414) 555-7180,Milwaukee,WI,53202,,Pat,two kids,new roof last year,sump pump check
Jordan,Brown7181,jordan.brown7181@example.com,(414) 555-7181,Waukesha,WI,53186,,Chris,dog named Buddy,loves gardening,insurance deductible question
Sam,Miller7182,sam.miller7182@example.com,(414) 555-7182,Racine,WI,53403,Miller Properties,Alex,parents nearby,just remodeled kitchen,tree trim quote
Taylor,Martinez7183,taylor.martinez7183@example.com,(414) 555-7183,Madison,WI,53703,,Sam,,,
Casey,Gonzalez7184,casey.gonzalez7184@example.com,(414) 555-7184,Green Bay,WI,54301,,,,,
Riley,Thomas7185,riley.thomas7185@example.com,(414) 555-7185,Chicago,IL,60611,Thomas Properties,Pat,two kids,new roof last year,sump pump check
Morgan,Jackson7186,morgan.jackson7186@example.com,(414) 555-7186,Evanston,IL,60201,,Chris,dog named Buddy,loves gardening,insurance deductible question
Avery,Johnson7187,avery.johnson7187@example.com,(414) 555-7187,Brookfield,WI,53005,,Alex,parents nearby,just remodeled kitchen,tree trim quote
Quinn,Jones7188,quinn.jones7188@example.com,(414) 555-7188,Kenosha,WI,53140,Jones Properties,Sam,,,
Jamie,Davis7189,jamie.davis7189@example.com,(414) 555-7189,Appleton,WI,54911,,,,,
Cameron,Hernandez7190,cameron.hernandez7190@example.com,(414) 555-7190,Milwaukee,WI,53202,,Pat,two kids,new roof last year,sump pump check
Drew,Wilson7191,drew.wilson7191@example.com,(414) 555-7191,Waukesha,WI,53186,Wilson Properties,Chris,dog named Buddy,loves gardening,insurance deductible question
Reese,Taylor7192,reese.taylor7192@example.com,(414) 555-7192,Racine,WI,53403,,Alex,parents nearby,just remodeled kitchen,tree trim quote
Skyler,Martin7193,skyler.martin7193@example.com,(414) 555-7193,Madison,WI,53703,,Sam,,,
Parker,Williams7194,parker.williams7194@example.com,(414) 555-7194,Green Bay,WI,54301,Williams Properties,,,,
Blake,Garcia7195,blake.garcia7195@example.com,(414) 555-7195,Chicago,IL,60611,,Pat,two kids,new roof last year,sump pump check
Hayden,Rodriguez7196,hayden.rodriguez7196@example.com,(414) 555-7196,Evanston,IL,60201,,Chris,dog named Buddy,loves gardening,insurance deductible question
Rowan,Lopez7197,rowan.lopez7197@example.com,(414) 555-7197,Brookfield,WI,53005,Lopez Properties,Alex,parents nearby,just remodeled kitchen,tree trim quote
Sawyer,Anderson7198,sawyer.anderson7198@example.com,(414) 555-7198,Kenosha,WI,53140,,Sam,,,
Finley,Moore7199,finley.moore7199@example.com,(414) 555-7199,Appleton,WI,54911,,,,,
Alex,Smith7200,alex.smith7200@example.com,(414) 555-7200,Milwaukee,WI,53202,Smith Properties,Pat,two kids,new roof last year,sump pump check
Jordan,Brown7201,jordan.brown7201@example.com,(414) 555-7201,Waukesha,WI,53186,,Chris,dog named Buddy,loves gardening,insurance deductible question
Sam,Miller7202,sam.miller7202@example.com,(414) 555-7202,Racine,WI,53403,,Alex,parents nearby,just remodeled kitchen,tree trim quote
Taylor,Martinez7203,taylor.martinez7203@example.com,(414) 555-7203,Madison,WI,53703,Martinez Properties,Sam,,,
Casey,Gonzalez7204,casey.gonzalez7204@example.com,(414) 555-7204,Green Bay,WI,54301,,,,,
Riley,Thomas7205,riley.thomas7205@example.com,(414) 555-7205,Chicago,IL,60611,,Pat,two kids,new roof last year,sump pump check
Morgan,Jackson7206,morgan.jackson7206@example.com,(414) 555-7206,Evanston,IL,60201,Jackson Properties,Chris,dog named Buddy,loves gardening,insurance deductible question
Avery,Johnson7207,avery.johnson7207@example.com,(414) 555-7207,Brookfield,WI,53005,,Alex,parents nearby,just remodeled kitchen,tree trim quote
Quinn,Jones7208,quinn.jones7208@example.com,(414) 555-7208,Kenosha,WI,53140,,Sam,,,
Jamie,Davis7209,jamie.davis7209@example.com,(414) 555-7209,Appleton,WI,54911,Davis Properties,,,,
Cameron,Hernandez7210,cameron.hernandez7210@example.com,(414) 555-7210,Milwaukee,WI,53202,,Pat,two kids,new roof last year,sump pump check
Drew,Wilson7211,drew.wilson7211@example.com,(414) 555-7211,Waukesha,WI,53186,,Chris,dog named Buddy,loves gardening,insurance deductible question
Reese,Taylor7212,reese.taylor7212@example.com,(414) 555-7212,Racine,WI,53403,Taylor Properties,Alex,parents nearby,just remodeled kitchen,tree trim quote
Skyler,Martin7213,skyler.martin7213@example.com,(414) 555-7213,Madison,WI,53703,,Sam,,,
Parker,Williams7214,parker.williams7214@example.com,(414) 555-7214,Green Bay,WI,54301,,,,,
Blake,Garcia7215,blake.garcia7215@example.com,(414) 555-7215,Chicago,IL,60611,Garcia Properties,Pat,two kids,new roof last year,sump pump check
Hayden,Rodriguez7216,hayden.rodriguez7216@example.com,(414) 555-7216,Evanston,IL,60201,,Chris,dog named Buddy,loves gardening,insurance deductible question
Rowan,Lopez7217,rowan.lopez7217@example.com,(414) 555-7217,Brookfield,WI,53005,,Alex,parents nearby,just remodeled kitchen,tree trim quote
Sawyer,Anderson7218,sawyer.anderson7218@example.com,(414) 555-7218,Kenosha,WI,53140,Anderson Properties,Sam,,,
Finley,Moore7219,finley.moore7219@example.com,(414) 555-7219,Appleton,WI,54911,,,,,
Alex,Smith7220,alex.smith7220@example.com,(414) 555-7220,Milwaukee,WI,53202,,Pat,two kids,new roof last year,sump pump check
Jordan,Brown7221,jordan.brown7221@example.com,(414) 555-7221,Waukesha,WI,53186,Brown Properties,Chris,dog named Buddy,loves gardening,insurance deductible question
Sam,Miller7222,sam.miller7222@example.com,(414) 555-7222,Racine,WI,53403,,Alex,parents nearby,just remodeled kitchen,tree trim quote
Taylor,Martinez7223,taylor.martinez7223@example.com,(414) 555-7223,Madison,WI,53703,,Sam,,,
Casey,Gonzalez7224,casey.gonzalez7224@example.com,(414) 555-7224,Green Bay,WI,54301,Gonzalez Properties,,,,
Riley,Thomas7225,riley.thomas7225@example.com,(414) 555-7225,Chicago,IL,60611,,Pat,two kids,new roof last year,sump pump check
Morgan,Jackson7226,morgan.jackson7226@example.com,(414) 555-7226,Evanston,IL,60201,,Chris,dog named Buddy,loves gardening,insurance deductible question
Avery,Johnson7227,avery.johnson7227@example.com,(414) 555-7227,Brookfield,WI,53005,Johnson Properties,Alex,parents nearby,just remodeled kitchen,tree trim quote
Quinn,Jones7228,quinn.jones7228@example.com,(414) 555-7228,Kenosha,WI,53140,,Sam,,,
Jamie,Davis7229,jamie.davis7229@example.com,(414) 555-7229,Appleton,WI,54911,,,,,
Cameron,Hernandez7230,cameron.hernandez7230@example.com,(414) 555-7230,Milwaukee,WI,53202,Hernandez Properties,Pat,two kids,new roof last year,sump pump check
Drew,Wilson7231,drew.wilson7231@example.com,(414) 555-7231,Waukesha,WI,53186,,Chris,dog named Buddy,loves gardening,insurance deductible question
Reese,Taylor7232,reese.taylor7232@example.com,(414) 555-7232,Racine,WI,53403,,Alex,parents nearby,just remodeled kitchen,tree trim quote
Skyler,Martin7233,skyler.martin7233@example.com,(414) 555-7233,Madison,WI,53703,Martin Properties,Sam,,,
Parker,Williams7234,parker.williams7234@example.com,(414) 555-7234,Green Bay,WI,54301,,,,,
Blake,Garcia7235,blake.garcia7235@example.com,(414) 555-7235,Chicago,IL,60611,,Pat,two kids,new roof last year,sump pump check
Hayden,Rodriguez7236,hayden.rodriguez7236@example.com,(414) 555-7236,Evanston,IL,60201,Rodriguez Properties,Chris,dog named Buddy,loves gardening,insurance deductible question
Rowan,Lopez7237,rowan.lopez7237@example.com,(414) 555-7237,Brookfield,WI,53005,,Alex,parents nearby,just remodeled kitchen,tree trim quote
Sawyer,Anderson7238,sawyer.anderson7238@example.com,(414) 555-7238,Kenosha,WI,53140,,Sam,,,
Finley,Moore7239,finley.moore7239@example.com,(414) 555-7239,Appleton,WI,54911,Moore Properties,,,,
Alex,Smith7240,alex.smith7240@example.com,(414) 555-7240,Milwaukee,WI,53202,,Pat,two kids,new roof last year,sump pump check
Jordan,Brown7241,jordan.brown7241@example.com,(414) 555-7241,Waukesha,WI,53186,,Chris,dog named Buddy,loves gardening,insurance deductible question
Sam,Miller7242,sam.miller7242@example.com,(414) 555-7242,Racine,WI,53403,Miller Properties,Alex,parents nearby,just remodeled kitchen,tree trim quote
Taylor,Martinez7243,taylor.martinez7243@example.com,(414) 555-7243,Madison,WI,53703,,Sam,,,
Casey,Gonzalez7244,casey.gonzalez7244@example.com,(414) 555-7244,Green Bay,WI,54301,,,,,
Riley,Thomas7245,riley.thomas7245@example.com,(414) 555-7245,Chicago,IL,60611,Thomas Properties,Pat,two kids,new roof last year,sump pump check
Morgan,Jackson7246,morgan.jackson7246@example.com,(414) 555-7246,Evanston,IL,60201,,Chris,dog named Buddy,loves gardening,insurance deductible question
Avery,Johnson7247,avery.johnson7247@example.com,(414) 555-7247,Brookfield,WI,53005,,Alex,parents nearby,just remodeled kitchen,tree trim quote
Quinn,Jones7248,quinn.jones7248@example.com,(414) 555-7248,Kenosha,WI,53140,Jones Properties,Sam,,,
Jamie,Davis7249,jamie.davis7249@example.com,(414) 555-7249,Appleton,WI,54911,,,,,
Cameron,Hernandez7250,cameron.hernandez7250@example.com,(414) 555-7250,Milwaukee,WI,53202,,Pat,two kids,new roof last year,sump pump check
Drew,Wilson7251,drew.wilson7251@example.com,(414) 555-7251,Waukesha,WI,53186,Wilson Properties,Chris,dog named Buddy,loves gardening,insurance deductible question
Reese,Taylor7252,reese.taylor7252@example.com,(414) 555-7252,Racine,WI,53403,,Alex,parents nearby,just remodeled kitchen,tree trim quote
Skyler,Martin7253,skyler.martin7253@example.com,(414) 555-7253,Madison,WI,53703,,Sam,,,
Parker,Williams7254,parker.williams7254@example.com,(414) 555-7254,Green Bay,WI,54301,Williams Properties,,,,
Blake,Garcia7255,blake.garcia7255@example.com,(414) 555-7255,Chicago,IL,60611,,Pat,two kids,new roof last year,sump pump check
Hayden,Rodriguez7256,hayden.rodriguez7256@example.com,(414) 555-7256,Evanston,IL,60201,,Chris,dog named Buddy,loves gardening,insurance deductible question
Rowan,Lopez7257,rowan.lopez7257@example.com,(414) 555-7257,Brookfield,WI,53005,Lopez Properties,Alex,parents nearby,just remodeled kitchen,tree trim quote
Sawyer,Anderson7258,sawyer.anderson7258@example.com,(414) 555-7258,Kenosha,WI,53140,,Sam,,,
Finley,Moore7259,finley.moore7259@example.com,(414) 555-7259,Appleton,WI,54911,,,,,
Alex,Smith7260,alex.smith7260@example.com,(414) 555-7260,Milwaukee,WI,53202,Smith Properties,Pat,two kids,new roof last year,sump pump check
Jordan,Brown7261,jordan.brown7261@example.com,(414) 555-7261,Waukesha,WI,53186,,Chris,dog named Buddy,loves gardening,insurance deductible question
Sam,Miller7262,sam.miller7262@example.com,(414) 555-7262,Racine,WI,53403,,Alex,parents nearby,just remodeled kitchen,tree trim quote
Taylor,Martinez7263,taylor.martinez7263@example.com,(414) 555-7263,Madison,WI,53703,Martinez Properties,Sam,,,
Casey,Gonzalez7264,casey.gonzalez7264@example.com,(414) 555-7264,Green Bay,WI,54301,,,,,
Riley,Thomas7265,riley.thomas7265@example.com,(414) 555-7265,Chicago,IL,60611,,Pat,two kids,new roof last year,sump pump check
Morgan,Jackson7266,morgan.jackson7266@example.com,(414) 555-7266,Evanston,IL,60201,Jackson Properties,Chris,dog named Buddy,loves gardening,insurance deductible question
Avery,Johnson7267,avery.johnson7267@example.com,(414) 555-7267,Brookfield,WI,53005,,Alex,parents nearby,just remodeled kitchen,tree trim quote
Quinn,Jones7268,quinn.jones7268@example.com,(414) 555-7268,Kenosha,WI,53140,,Sam,,,
Jamie,Davis7269,jamie.davis7269@example.com,(414) 555-7269,Appleton,WI,54911,Davis Properties,,,,
Cameron,Hernandez7270,cameron.hernandez7270@example.com,(414) 555-7270,Milwaukee,WI,53202,,Pat,two kids,new roof last year,sump pump check
Drew,Wilson7271,drew.wilson7271@example.com,(414) 555-7271,Waukesha,WI,53186,,Chris,dog named Buddy,loves gardening,insurance deductible question
Reese,Taylor7272,reese.taylor7272@example.com,(414) 555-7272,Racine,WI,53403,Taylor Properties,Alex,parents nearby,just remodeled kitchen,tree trim quote
Skyler,Martin7273,skyler.martin7273@example.com,(414) 555-7273,Madison,WI,53703,,Sam,,,
Parker,Williams7274,parker.williams7274@example.com,(414) 555-7274,Green Bay,WI,54301,,,,,
Blake,Garcia7275,blake.garcia7275@example.com,(414) 555-7275,Chicago,IL,60611,Garcia Properties,Pat,two kids,new roof last year,sump pump check
Hayden,Rodriguez7276,hayden.rodriguez7276@example.com,(414) 555-7276,Evanston,IL,60201,,Chris,dog named Buddy,loves gardening,insurance deductible question
Rowan,Lopez7277,rowan.lopez7277@example.com,(414) 555-7277,Brookfield,WI,53005,,Alex,parents nearby,just remodeled kitchen,tree trim quote
Sawyer,Anderson7278,sawyer.anderson7278@example.com,(414) 555-7278,Kenosha,WI,53140,Anderson Properties,Sam,,,
Finley,Moore7279,finley.moore7279@example.com,(414) 555-7279,Appleton,WI,54911,,,,,
Alex,Smith7280,alex.smith7280@example.com,(414) 555-7280,Milwaukee,WI,53202,,Pat,two kids,new roof last year,sump pump check
Jordan,Brown7281,jordan.brown7281@example.com,(414) 555-7281,Waukesha,WI,53186,Brown Properties,Chris,dog named Buddy,loves gardening,insurance deductible question
Sam,Miller7282,sam.miller7282@example.com,(414) 555-7282,Racine,WI,53403,,Alex,parents nearby,just remodeled kitchen,tree trim quote
Taylor,Martinez7283,taylor.martinez7283@example.com,(414) 555-7283,Madison,WI,53703,,Sam,,,
Casey,Gonzalez7284,casey.gonzalez7284@example.com,(414) 555-7284,Green Bay,WI,54301,Gonzalez Properties,,,,
Riley,Thomas7285,riley.thomas7285@example.com,(414) 555-7285,Chicago,IL,60611,,Pat,two kids,new roof last year,sump pump check
Morgan,Jackson7286,morgan.jackson7286@example.com,(414) 555-7286,Evanston,IL,60201,,Chris,dog named Buddy,loves gardening,insurance deductible question
Avery,Johnson7287,avery.johnson7287@example.com,(414) 555-7287,Brookfield,WI,53005,Johnson Properties,Alex,parents nearby,just remodeled kitchen,tree trim quote
Quinn,Jones7288,quinn.jones7288@example.com,(414) 555-7288,Kenosha,WI,53140,,Sam,,,
Jamie,Davis7289,jamie.davis7289@example.com,(414) 555-7289,Appleton,WI,54911,,,,,
Cameron,Hernandez7290,cameron.hernandez7290@example.com,(414) 555-7290,Milwaukee,WI,53202,Hernandez Properties,Pat,two kids,new roof last year,sump pump check
Drew,Wilson7291,drew.wilson7291@example.com,(414) 555-7291,Waukesha,WI,53186,,Chris,dog named Buddy,loves gardening,insurance deductible question
Reese,Taylor7292,reese.taylor7292@example.com,(414) 555-7292,Racine,WI,53403,,Alex,parents nearby,just remodeled kitchen,tree trim quote
Skyler,Martin7293,skyler.martin7293@example.com,(414) 555-7293,Madison,WI,53703,Martin Properties,Sam,,,
Parker,Williams7294,parker.williams7294@example.com,(414) 555-7294,Green Bay,WI,54301,,,,,
Blake,Garcia7295,blake.garcia7295@example.com,(414) 555-7295,Chicago,IL,60611,,Pat,two kids,new roof last year,sump pump check
Hayden,Rodriguez7296,hayden.rodriguez7296@example.com,(414) 555-7296,Evanston,IL,60201,Rodriguez Properties,Chris,dog named Buddy,loves gardening,insurance deductible question
Rowan,Lopez7297,rowan.lopez7297@example.com,(414) 555-7297,Brookfield,WI,53005,,Alex,parents nearby,just remodeled kitchen,tree trim quote
Sawyer,Anderson7298,sawyer.anderson7298@example.com,(414) 555-7298,Kenosha,WI,53140,,Sam,,,
Finley,Moore7299,finley.moore7299@example.com,(414) 555-7299,Appleton,WI,54911,Moore Properties,,,,
Alex,Smith7300,alex.smith7300@example.com,(414) 555-7300,Milwaukee,WI,53202,,Pat,two kids,new roof last year,sump pump check
Jordan,Brown7301,jordan.brown7301@example.com,(414) 555-7301,Waukesha,WI,53186,,Chris,dog named Buddy,loves gardening,insurance deductible question
Sam,Miller7302,sam.miller7302@example.com,(414) 555-7302,Racine,WI,53403,Miller Properties,Alex,parents nearby,just remodeled kitchen,tree trim quote
Taylor,Martinez7303,taylor.martinez7303@example.com,(414) 555-7303,Madison,WI,53703,,Sam,,,
Casey,Gonzalez7304,casey.gonzalez7304@example.com,(414) 555-7304,Green Bay,WI,54301,,,,,
Riley,Thomas7305,riley.thomas7305@example.com,(414) 555-7305,Chicago,IL,60611,Thomas Properties,Pat,two kids,new roof last year,sump pump check
Morgan,Jackson7306,morgan.jackson7306@example.com,(414) 555-7306,Evanston,IL,60201,,Chris,dog named Buddy,loves gardening,insurance deductible question
Avery,Johnson7307,avery.johnson7307@example.com,(414) 555-7307,Brookfield,WI,53005,,Alex,parents nearby,just remodeled kitchen,tree trim quote
Quinn,Jones7308,quinn.jones7308@example.com,(414) 555-7308,Kenosha,WI,53140,Jones Properties,Sam,,,
Jamie,Davis7309,jamie.davis7309@example.com,(414) 555-7309,Appleton,WI,54911,,,,,
Cameron,Hernandez7310,cameron.hernandez7310@example.com,(414) 555-7310,Milwaukee,WI,53202,,Pat,two kids,new roof last year,sump pump check
Drew,Wilson7311,drew.wilson7311@example.com,(414) 555-7311,Waukesha,WI,53186,Wilson Properties,Chris,dog named Buddy,loves gardening,insurance deductible question
Reese,Taylor7312,reese.taylor7312@example.com,(414) 555-7312,Racine,WI,53403,,Alex,parents nearby,just remodeled kitchen,tree trim quote
Skyler,Martin7313,skyler.martin7313@example.com,(414) 555-7313,Madison,WI,53703,,Sam,,,
Parker,Williams7314,parker.williams7314@example.com,(414) 555-7314,Green Bay,WI,54301,Williams Properties,,,,
Blake,Garcia7315,blake.garcia7315@example.com,(414) 555-7315,Chicago,IL,60611,,Pat,two kids,new roof last year,sump pump check
Hayden,Rodriguez7316,hayden.rodriguez7316@example.com,(414) 555-7316,Evanston,IL,60201,,Chris,dog named Buddy,loves gardening,insurance deductible question
Rowan,Lopez7317,rowan.lopez7317@example.com,(414) 555-7317,Brookfield,WI,53005,Lopez Properties,Alex,parents nearby,just remodeled kitchen,tree trim quote
Sawyer,Anderson7318,sawyer.anderson7318@example.com,(414) 555-7318,Kenosha,WI,53140,,Sam,,,
Finley,Moore7319,finley.moore7319@example.com,(414) 555-7319,Appleton,WI,54911,,,,,
Alex,Smith7320,alex.smith7320@example.com,(414) 555-7320,Milwaukee,WI,53202,Smith Properties,Pat,two kids,new roof last year,sump pump check
Jordan,Brown7321,jordan.brown7321@example.com,(414) 555-7321,Waukesha,WI,53186,,Chris,dog named Buddy,loves gardening,insurance deductible question
Sam,Miller7322,sam.miller7322@example.com,(414) 555-7322,Racine,WI,53403,,Alex,parents nearby,just remodeled kitchen,tree trim quote
Taylor,Martinez7323,taylor.martinez7323@example.com,(414) 555-7323,Madison,WI,53703,Martinez Properties,Sam,,,
Casey,Gonzalez7324,casey.gonzalez7324@example.com,(414) 555-7324,Green Bay,WI,54301,,,,,
Riley,Thomas7325,riley.thomas7325@example.com,(414) 555-7325,Chicago,IL,60611,,Pat,two kids,new roof last year,sump pump check
Morgan,Jackson7326,morgan.jackson7326@example.com,(414) 555-7326,Evanston,IL,60201,Jackson Properties,Chris,dog named Buddy,loves gardening,insurance deductible question
Avery,Johnson7327,avery.johnson7327@example.com,(414) 555-7327,Brookfield,WI,53005,,Alex,parents nearby,just remodeled kitchen,tree trim quote
Quinn,Jones7328,quinn.jones7328@example.com,(414) 555-7328,Kenosha,WI,53140,,Sam,,,
Jamie,Davis7329,jamie.davis7329@example.com,(414) 555-7329,Appleton,WI,54911,Davis Properties,,,,
Cameron,Hernandez7330,cameron.hernandez7330@example.com,(414) 555-7330,Milwaukee,WI,53202,,Pat,two kids,new roof last year,sump pump check
Drew,Wilson7331,drew.wilson7331@example.com,(414) 555-7331,Waukesha,WI,53186,,Chris,dog named Buddy,loves gardening,insurance deductible question
Reese,Taylor7332,reese.taylor7332@example.com,(414) 555-7332,Racine,WI,53403,Taylor Properties,Alex,parents nearby,just remodeled kitchen,tree trim quote
Skyler,Martin7333,skyler.martin7333@example.com,(414) 555-7333,Madison,WI,53703,,Sam,,,
Parker,Williams7334,parker.williams7334@example.com,(414) 555-7334,Green Bay,WI,54301,,,,,
Blake,Garcia7335,blake.garcia7335@example.com,(414) 555-7335,Chicago,IL,60611,Garcia Properties,Pat,two kids,new roof last year,sump pump check
Hayden,Rodriguez7336,hayden.rodriguez7336@example.com,(414) 555-7336,Evanston,IL,60201,,Chris,dog named Buddy,loves gardening,insurance deductible question
Rowan,Lopez7337,rowan.lopez7337@example.com,(414) 555-7337,Brookfield,WI,53005,,Alex,parents nearby,just remodeled kitchen,tree trim quote
Sawyer,Anderson7338,sawyer.anderson7338@example.com,(414) 555-7338,Kenosha,WI,53140,Anderson Properties,Sam,,,
Finley,Moore7339,finley.moore7339@example.com,(414) 555-7339,Appleton,WI,54911,,,,,
Alex,Smith7340,alex.smith7340@example.com,(414) 555-7340,Milwaukee,WI,53202,,Pat,two kids,new roof last year,sump pump check
Jordan,Brown7341,jordan.brown7341@example.com,(414) 555-7341,Waukesha,WI,53186,Brown Properties,Chris,dog named Buddy,loves gardening,insurance deductible question
Sam,Miller7342,sam.miller7342@example.com,(414) 555-7342,Racine,WI,53403,,Alex,parents nearby,just remodeled kitchen,tree trim quote
Taylor,Martinez7343,taylor.martinez7343@example.com,(414) 555-7343,Madison,WI,53703,,Sam,,,
Casey,Gonzalez7344,casey.gonzalez7344@example.com,(414) 555-7344,Green Bay,WI,54301,Gonzalez Properties,,,,
Riley,Thomas7345,riley.thomas7345@example.com,(414) 555-7345,Chicago,IL,60611,,Pat,two kids,new roof last year,sump pump check
Morgan,Jackson7346,morgan.jackson7346@example.com,(414) 555-7346,Evanston,IL,60201,,Chris,dog named Buddy,loves gardening,insurance deductible question
Avery,Johnson7347,avery.johnson7347@example.com,(414) 555-7347,Brookfield,WI,53005,Johnson Properties,Alex,parents nearby,just remodeled kitchen,tree trim quote
Quinn,Jones7348,quinn.jones7348@example.com,(414) 555-7348,Kenosha,WI,53140,,Sam,,,
Jamie,Davis7349,jamie.davis7349@example.com,(414) 555-7349,Appleton,WI,54911,,,,,
Cameron,Hernandez7350,cameron.hernandez7350@example.com,(414) 555-7350,Milwaukee,WI,53202,Hernandez Properties,Pat,two kids,new roof last year,sump pump check
Drew,Wilson7351,drew.wilson7351@example.com,(414) 555-7351,Waukesha,WI,53186,,Chris,dog named Buddy,loves gardening,insurance deductible question
Reese,Taylor7352,reese.taylor7352@example.com,(414) 555-7352,Racine,WI,53403,,Alex,parents nearby,just remodeled kitchen,tree trim quote
Skyler,Martin7353,skyler.martin7353@example.com,(414) 555-7353,Madison,WI,53703,Martin Properties,Sam,,,
Parker,Williams7354,parker.williams7354@example.com,(414) 555-7354,Green Bay,WI,54301,,,,,
Blake,Garcia7355,blake.garcia7355@example.com,(414) 555-7355,Chicago,IL,60611,,Pat,two kids,new roof last year,sump pump check
Hayden,Rodriguez7356,hayden.rodriguez7356@example.com,(414) 555-7356,Evanston,IL,60201,Rodriguez Properties,Chris,dog named Buddy,loves gardening,insurance deductible question
Rowan,Lopez7357,rowan.lopez7357@example.com,(414) 555-7357,Brookfield,WI,53005,,Alex,parents nearby,just remodeled kitchen,tree trim quote
Sawyer,Anderson7358,sawyer.anderson7358@example.com,(414) 555-7358,Kenosha,WI,53140,,Sam,,,
Finley,Moore7359,finley.moore7359@example.com,(414) 555-7359,Appleton,WI,54911,Moore Properties,,,,
Alex,Smith7360,alex.smith7360@example.com,(414) 555-7360,Milwaukee,WI,53202,,Pat,two kids,new roof last year,sump pump check
Jordan,Brown7361,jordan.brown7361@example.com,(414) 555-7361,Waukesha,WI,53186,,Chris,dog named Buddy,loves gardening,insurance deductible question
Sam,Miller7362,sam.miller7362@example.com,(414) 555-7362,Racine,WI,53403,Miller Properties,Alex,parents nearby,just remodeled kitchen,tree trim quote
Taylor,Martinez7363,taylor.martinez7363@example.com,(414) 555-7363,Madison,WI,53703,,Sam,,,
Casey,Gonzalez7364,casey.gonzalez7364@example.com,(414) 555-7364,Green Bay,WI,54301,,,,,
Riley,Thomas7365,riley.thomas7365@example.com,(414) 555-7365,Chicago,IL,60611,Thomas Properties,Pat,two kids,new roof last year,sump pump check
Morgan,Jackson7366,morgan.jackson7366@example.com,(414) 555-7366,Evanston,IL,60201,,Chris,dog named Buddy,loves gardening,insurance deductible question
Avery,Johnson7367,avery.johnson7367@example.com,(414) 555-7367,Brookfield,WI,53005,,Alex,parents nearby,just remodeled kitchen,tree trim quote
Quinn,Jones7368,quinn.jones7368@example.com,(414) 555-7368,Kenosha,WI,53140,Jones Properties,Sam,,,
Jamie,Davis7369,jamie.davis7369@example.com,(414) 555-7369,Appleton,WI,54911,,,,,
Cameron,Hernandez7370,cameron.hernandez7370@example.com,(414) 555-7370,Milwaukee,WI,53202,,Pat,two kids,new roof last year,sump pump check
Drew,Wilson7371,drew.wilson7371@example.com,(414) 555-7371,Waukesha,WI,53186,Wilson Properties,Chris,dog named Buddy,loves gardening,insurance deductible question
Reese,Taylor7372,reese.taylor7372@example.com,(414) 555-7372,Racine,WI,53403,,Alex,parents nearby,just remodeled kitchen,tree trim quote
Skyler,Martin7373,skyler.martin7373@example.com,(414) 555-7373,Madison,WI,53703,,Sam,,,
Parker,Williams7374,parker.williams7374@example.com,(414) 555-7374,Green Bay,WI,54301,Williams Properties,,,,
Blake,Garcia7375,blake.garcia7375@example.com,(414) 555-7375,Chicago,IL,60611,,Pat,two kids,new roof last year,sump pump check
Hayden,Rodriguez7376,hayden.rodriguez7376@example.com,(414) 555-7376,Evanston,IL,60201,,Chris,dog named Buddy,loves gardening,insurance deductible question
Rowan,Lopez7377,rowan.lopez7377@example.com,(414) 555-7377,Brookfield,WI,53005,Lopez Properties,Alex,parents nearby,just remodeled kitchen,tree trim quote
Sawyer,Anderson7378,sawyer.anderson7378@example.com,(414) 555-7378,Kenosha,WI,53140,,Sam,,,
Finley,Moore7379,finley.moore7379@example.com,(414) 555-7379,Appleton,WI,54911,,,,,
Alex,Smith7380,alex.smith7380@example.com,(414) 555-7380,Milwaukee,WI,53202,Smith Properties,Pat,two kids,new roof last year,sump pump check
Jordan,Brown7381,jordan.brown7381@example.com,(414) 555-7381,Waukesha,WI,53186,,Chris,dog named Buddy,loves gardening,insurance deductible question
Sam,Miller7382,sam.miller7382@example.com,(414) 555-7382,Racine,WI,53403,,Alex,parents nearby,just remodeled kitchen,tree trim quote
Taylor,Martinez7383,taylor.martinez7383@example.com,(414) 555-7383,Madison,WI,53703,Martinez Properties,Sam,,,
Casey,Gonzalez7384,casey.gonzalez7384@example.com,(414) 555-7384,Green Bay,WI,54301,,,,,
Riley,Thomas7385,riley.thomas7385@example.com,(414) 555-7385,Chicago,IL,60611,,Pat,two kids,new roof last year,sump pump check
Morgan,Jackson7386,morgan.jackson7386@example.com,(414) 555-7386,Evanston,IL,60201,Jackson Properties,Chris,dog named Buddy,loves gardening,insurance deductible question
Avery,Johnson7387,avery.johnson7387@example.com,(414) 555-7387,Brookfield,WI,53005,,Alex,parents nearby,just remodeled kitchen,tree trim quote
Quinn,Jones7388,quinn.jones7388@example.com,(414) 555-7388,Kenosha,WI,53140,,Sam,,,
Jamie,Davis7389,jamie.davis7389@example.com,(414) 555-7389,Appleton,WI,54911,Davis Properties,,,,
Cameron,Hernandez7390,cameron.hernandez7390@example.com,(414) 555-7390,Milwaukee,WI,53202,,Pat,two kids,new roof last year,sump pump check
Drew,Wilson7391,drew.wilson7391@example.com,(414) 555-7391,Waukesha,WI,53186,,Chris,dog named Buddy,loves gardening,insurance deductible question
Reese,Taylor7392,reese.taylor7392@example.com,(414) 555-7392,Racine,WI,53403,Taylor Properties,Alex,parents nearby,just remodeled kitchen,tree trim quote
Skyler,Martin7393,skyler.martin7393@example.com,(414) 555-7393,Madison,WI,53703,,Sam,,,
Parker,Williams7394,parker.williams7394@example.com,(414) 555-7394,Green Bay,WI,54301,,,,,
Blake,Garcia7395,blake.garcia7395@example.com,(414) 555-7395,Chicago,IL,60611,Garcia Properties,Pat,two kids,new roof last year,sump pump check
Hayden,Rodriguez7396,hayden.rodriguez7396@example.com,(414) 555-7396,Evanston,IL,60201,,Chris,dog named Buddy,loves gardening,insurance deductible question
Rowan,Lopez7397,rowan.lopez7397@example.com,(414) 555-7397,Brookfield,WI,53005,,Alex,parents nearby,just remodeled kitchen,tree trim quote
Sawyer,Anderson7398,sawyer.anderson7398@example.com,(414) 555-7398,Kenosha,WI,53140,Anderson Properties,Sam,,,
Finley,Moore7399,finley.moore7399@example.com,(414) 555-7399,Appleton,WI,54911,,,,,
Alex,Smith7400,alex.smith7400@example.com,(414) 555-7400,Milwaukee,WI,53202,,Pat,two kids,new roof last year,sump pump check
Jordan,Brown7401,jordan.brown7401@example.com,(414) 555-7401,Waukesha,WI,53186,Brown Properties,Chris,dog named Buddy,loves gardening,insurance deductible question
Sam,Miller7402,sam.miller7402@example.com,(414) 555-7402,Racine,WI,53403,,Alex,parents nearby,just remodeled kitchen,tree trim quote
Taylor,Martinez7403,taylor.martinez7403@example.com,(414) 555-7403,Madison,WI,53703,,Sam,,,
Casey,Gonzalez7404,casey.gonzalez7404@example.com,(414) 555-7404,Green Bay,WI,54301,Gonzalez Properties,,,,
Riley,Thomas7405,riley.thomas7405@example.com,(414) 555-7405,Chicago,IL,60611,,Pat,two kids,new roof last year,sump pump check
Morgan,Jackson7406,morgan.jackson7406@example.com,(414) 555-7406,Evanston,IL,60201,,Chris,dog named Buddy,loves gardening,insurance deductible question
Avery,Johnson7407,avery.johnson7407@example.com,(414) 555-7407,Brookfield,WI,53005,Johnson Properties,Alex,parents nearby,just remodeled kitchen,tree trim quote
Quinn,Jones7408,quinn.jones7408@example.com,(414) 555-7408,Kenosha,WI,53140,,Sam,,,
Jamie,Davis7409,jamie.davis7409@example.com,(414) 555-7409,Appleton,WI,54911,,,,,
Cameron,Hernandez7410,cameron.hernandez7410@example.com,(414) 555-7410,Milwaukee,WI,53202,Hernandez Properties,Pat,two kids,new roof last year,sump pump check
Drew,Wilson7411,drew.wilson7411@example.com,(414) 555-7411,Waukesha,WI,53186,,Chris,dog named Buddy,loves gardening,insurance deductible question
Reese,Taylor7412,reese.taylor7412@example.com,(414) 555-7412,Racine,WI,53403,,Alex,parents nearby,just remodeled kitchen,tree trim quote
Skyler,Martin7413,skyler.martin7413@example.com,(414) 555-7413,Madison,WI,53703,Martin Properties,Sam,,,
Parker,Williams7414,parker.williams7414@example.com,(414) 555-7414,Green Bay,WI,54301,,,,,
Blake,Garcia7415,blake.garcia7415@example.com,(414) 555-7415,Chicago,IL,60611,,Pat,two kids,new roof last year,sump pump check
Hayden,Rodriguez7416,hayden.rodriguez7416@example.com,(414) 555-7416,Evanston,IL,60201,Rodriguez Properties,Chris,dog named Buddy,loves gardening,insurance deductible question
Rowan,Lopez7417,rowan.lopez7417@example.com,(414) 555-7417,Brookfield,WI,53005,,Alex,parents nearby,just remodeled kitchen,tree trim quote
Sawyer,Anderson7418,sawyer.anderson7418@example.com,(414) 555-7418,Kenosha,WI,53140,,Sam,,,
Finley,Moore7419,finley.moore7419@example.com,(414) 555-7419,Appleton,WI,54911,Moore Properties,,,,
Alex,Smith7420,alex.smith7420@example.com,(414) 555-7420,Milwaukee,WI,53202,,Pat,two kids,new roof last year,sump pump check
Jordan,Brown7421,jordan.brown7421@example.com,(414) 555-7421,Waukesha,WI,53186,,Chris,dog named Buddy,loves gardening,insurance deductible question
Sam,Miller7422,sam.miller7422@example.com,(414) 555-7422,Racine,WI,53403,Miller Properties,Alex,parents nearby,just remodeled kitchen,tree trim quote
Taylor,Martinez7423,taylor.martinez7423@example.com,(414) 555-7423,Madison,WI,53703,,Sam,,,
Casey,Gonzalez7424,casey.gonzalez7424@example.com,(414) 555-7424,Green Bay,WI,54301,,,,,
Riley,Thomas7425,riley.thomas7425@example.com,(414) 555-7425,Chicago,IL,60611,Thomas Properties,Pat,two kids,new roof last year,sump pump check
Morgan,Jackson7426,morgan.jackson7426@example.com,(414) 555-7426,Evanston,IL,60201,,Chris,dog named Buddy,loves gardening,insurance deductible question
Avery,Johnson7427,avery.johnson7427@example.com,(414) 555-7427,Brookfield,WI,53005,,Alex,parents nearby,just remodeled kitchen,tree trim quote
Quinn,Jones7428,quinn.jones7428@example.com,(414) 555-7428,Kenosha,WI,53140,Jones Properties,Sam,,,
Jamie,Davis7429,jamie.davis7429@example.com,(414) 555-7429,Appleton,WI,54911,,,,,
Cameron,Hernandez7430,cameron.hernandez7430@example.com,(414) 555-7430,Milwaukee,WI,53202,,Pat,two kids,new roof last year,sump pump check
Drew,Wilson7431,drew.wilson7431@example.com,(414) 555-7431,Waukesha,WI,53186,Wilson Properties,Chris,dog named Buddy,loves gardening,insurance deductible question
Reese,Taylor7432,reese.taylor7432@example.com,(414) 555-7432,Racine,WI,53403,,Alex,parents nearby,just remodeled kitchen,tree trim quote
Skyler,Martin7433,skyler.martin7433@example.com,(414) 555-7433,Madison,WI,53703,,Sam,,,
Parker,Williams7434,parker.williams7434@example.com,(414) 555-7434,Green Bay,WI,54301,Williams Properties,,,,
Blake,Garcia7435,blake.garcia7435@example.com,(414) 555-7435,Chicago,IL,60611,,Pat,two kids,new roof last year,sump pump check
Hayden,Rodriguez7436,hayden.rodriguez7436@example.com,(414) 555-7436,Evanston,IL,60201,,Chris,dog named Buddy,loves gardening,insurance deductible question
Rowan,Lopez7437,rowan.lopez7437@example.com,(414) 555-7437,Brookfield,WI,53005,Lopez Properties,Alex,parents nearby,just remodeled kitchen,tree trim quote
Sawyer,Anderson7438,sawyer.anderson7438@example.com,(414) 555-7438,Kenosha,WI,53140,,Sam,,,
Finley,Moore7439,finley.moore7439@example.com,(414) 555-7439,Appleton,WI,54911,,,,,
Alex,Smith7440,alex.smith7440@example.com,(414) 555-7440,Milwaukee,WI,53202,Smith Properties,Pat,two kids,new roof last year,sump pump check
Jordan,Brown7441,jordan.brown7441@example.com,(414) 555-7441,Waukesha,WI,53186,,Chris,dog named Buddy,loves gardening,insurance deductible question
Sam,Miller7442,sam.miller7442@example.com,(414) 555-7442,Racine,WI,53403,,Alex,parents nearby,just remodeled kitchen,tree trim quote
Taylor,Martinez7443,taylor.martinez7443@example.com,(414) 555-7443,Madison,WI,53703,Martinez Properties,Sam,,,
Casey,Gonzalez7444,casey.gonzalez7444@example.com,(414) 555-7444,Green Bay,WI,54301,,,,,
Riley,Thomas7445,riley.thomas7445@example.com,(414) 555-7445,Chicago,IL,60611,,Pat,two kids,new roof last year,sump pump check
Morgan,Jackson7446,morgan.jackson7446@example.com,(414) 555-7446,Evanston,IL,60201,Jackson Properties,Chris,dog named Buddy,loves gardening,insurance deductible question
Avery,Johnson7447,avery.johnson7447@example.com,(414) 555-7447,Brookfield,WI,53005,,Alex,parents nearby,just remodeled kitchen,tree trim quote
Quinn,Jones7448,quinn.jones7448@example.com,(414) 555-7448,Kenosha,WI,53140,,Sam,,,
Jamie,Davis7449,jamie.davis7449@example.com,(414) 555-7449,Appleton,WI,54911,Davis Properties,,,,
Cameron,Hernandez7450,cameron.hernandez7450@example.com,(414) 555-7450,Milwaukee,WI,53202,,Pat,two kids,new roof last year,sump pump check
Drew,Wilson7451,drew.wilson7451@example.com,(414) 555-7451,Waukesha,WI,53186,,Chris,dog named Buddy,loves gardening,insurance deductible question
Reese,Taylor7452,reese.taylor7452@example.com,(414) 555-7452,Racine,WI,53403,Taylor Properties,Alex,parents nearby,just remodeled kitchen,tree trim quote
Skyler,Martin7453,skyler.martin7453@example.com,(414) 555-7453,Madison,WI,53703,,Sam,,,
Parker,Williams7454,parker.williams7454@example.com,(414) 555-7454,Green Bay,WI,54301,,,,,
Blake,Garcia7455,blake.garcia7455@example.com,(414) 555-7455,Chicago,IL,60611,Garcia Properties,Pat,two kids,new roof last year,sump pump check
Hayden,Rodriguez7456,hayden.rodriguez7456@example.com,(414) 555-7456,Evanston,IL,60201,,Chris,dog named Buddy,loves gardening,insurance deductible question
Rowan,Lopez7457,rowan.lopez7457@example.com,(414) 555-7457,Brookfield,WI,53005,,Alex,parents nearby,just remodeled kitchen,tree trim quote
Sawyer,Anderson7458,sawyer.anderson7458@example.com,(414) 555-7458,Kenosha,WI,53140,Anderson Properties,Sam,,,
Finley,Moore7459,finley.moore7459@example.com,(414) 555-7459,Appleton,WI,54911,,,,,
Alex,Smith7460,alex.smith7460@example.com,(414) 555-7460,Milwaukee,WI,53202,,Pat,two kids,new roof last year,sump pump check
Jordan,Brown7461,jordan.brown7461@example.com,(414) 555-7461,Waukesha,WI,53186,Brown Properties,Chris,dog named Buddy,loves gardening,insurance deductible question
Sam,Miller7462,sam.miller7462@example.com,(414) 555-7462,Racine,WI,53403,,Alex,parents nearby,just remodeled kitchen,tree trim quote
Taylor,Martinez7463,taylor.martinez7463@example.com,(414) 555-7463,Madison,WI,53703,,Sam,,,
Casey,Gonzalez7464,casey.gonzalez7464@example.com,(414) 555-7464,Green Bay,WI,54301,Gonzalez Properties,,,,
Riley,Thomas7465,riley.thomas7465@example.com,(414) 555-7465,Chicago,IL,60611,,Pat,two kids,new roof last year,sump pump check
Morgan,Jackson7466,morgan.jackson7466@example.com,(414) 555-7466,Evanston,IL,60201,,Chris,dog named Buddy,loves gardening,insurance deductible question
Avery,Johnson7467,avery.johnson7467@example.com,(414) 555-7467,Brookfield,WI,53005,Johnson Properties,Alex,parents nearby,just remodeled kitchen,tree trim quote
Quinn,Jones7468,quinn.jones7468@example.com,(414) 555-7468,Kenosha,WI,53140,,Sam,,,
Jamie,Davis7469,jamie.davis7469@example.com,(414) 555-7469,Appleton,WI,54911,,,,,
Cameron,Hernandez7470,cameron.hernandez7470@example.com,(414) 555-7470,Milwaukee,WI,53202,Hernandez Properties,Pat,two kids,new roof last year,sump pump check
Drew,Wilson7471,drew.wilson7471@example.com,(414) 555-7471,Waukesha,WI,53186,,Chris,dog named Buddy,loves gardening,insurance deductible question
Reese,Taylor7472,reese.taylor7472@example.com,(414) 555-7472,Racine,WI,53403,,Alex,parents nearby,just remodeled kitchen,tree trim quote
Skyler,Martin7473,skyler.martin7473@example.com,(414) 555-7473,Madison,WI,53703,Martin Properties,Sam,,,
Parker,Williams7474,parker.williams7474@example.com,(414) 555-7474,Green Bay,WI,54301,,,,,
Blake,Garcia7475,blake.garcia7475@example.com,(414) 555-7475,Chicago,IL,60611,,Pat,two kids,new roof last year,sump pump check
Hayden,Rodriguez7476,hayden.rodriguez7476@example.com,(414) 555-7476,Evanston,IL,60201,Rodriguez Properties,Chris,dog named Buddy,loves gardening,insurance deductible question
Rowan,Lopez7477,rowan.lopez7477@example.com,(414) 555-7477,Brookfield,WI,53005,,Alex,parents nearby,just remodeled kitchen,tree trim quote
Sawyer,Anderson7478,sawyer.anderson7478@example.com,(414) 555-7478,Kenosha,WI,53140,,Sam,,,
Finley,Moore7479,finley.moore7479@example.com,(414) 555-7479,Appleton,WI,54911,Moore Properties,,,,
Alex,Smith7480,alex.smith7480@example.com,(414) 555-7480,Milwaukee,WI,53202,,Pat,two kids,new roof last year,sump pump check
Jordan,Brown7481,jordan.brown7481@example.com,(414) 555-7481,Waukesha,WI,53186,,Chris,dog named Buddy,loves gardening,insurance deductible question
Sam,Miller7482,sam.miller7482@example.com,(414) 555-7482,Racine,WI,53403,Miller Properties,Alex,parents nearby,just remodeled kitchen,tree trim quote
Taylor,Martinez7483,taylor.martinez7483@example.com,(414) 555-7483,Madison,WI,53703,,Sam,,,
Casey,Gonzalez7484,casey.gonzalez7484@example.com,(414) 555-7484,Green Bay,WI,54301,,,,,
Riley,Thomas7485,riley.thomas7485@example.com,(414) 555-7485,Chicago,IL,60611,Thomas Properties,Pat,two kids,new roof last year,sump pump check
Morgan,Jackson7486,morgan.jackson7486@example.com,(414) 555-7486,Evanston,IL,60201,,Chris,dog named Buddy,loves gardening,insurance deductible question
Avery,Johnson7487,avery.johnson7487@example.com,(414) 555-7487,Brookfield,WI,53005,,Alex,parents nearby,just remodeled kitchen,tree trim quote
Quinn,Jones7488,quinn.jones7488@example.com,(414) 555-7488,Kenosha,WI,53140,Jones Properties,Sam,,,
Jamie,Davis7489,jamie.davis7489@example.com,(414) 555-7489,Appleton,WI,54911,,,,,
Cameron,Hernandez7490,cameron.hernandez7490@example.com,(414) 555-7490,Milwaukee,WI,53202,,Pat,two kids,new roof last year,sump pump check
Drew,Wilson7491,drew.wilson7491@example.com,(414) 555-7491,Waukesha,WI,53186,Wilson Properties,Chris,dog named Buddy,loves gardening,insurance deductible question
Reese,Taylor7492,reese.taylor7492@example.com,(414) 555-7492,Racine,WI,53403,,Alex,parents nearby,just remodeled kitchen,tree trim quote
Skyler,Martin7493,skyler.martin7493@example.com,(414) 555-7493,Madison,WI,53703,,Sam,,,
Parker,Williams7494,parker.williams7494@example.com,(414) 555-7494,Green Bay,WI,54301,Williams Properties,,,,
Blake,Garcia7495,blake.garcia7495@example.com,(414) 555-7495,Chicago,IL,60611,,Pat,two kids,new roof last year,sump pump check
Hayden,Rodriguez7496,hayden.rodriguez7496@example.com,(414) 555-7496,Evanston,IL,60201,,Chris,dog named Buddy,loves gardening,insurance deductible question
Rowan,Lopez7497,rowan.lopez7497@example.com,(414) 555-7497,Brookfield,WI,53005,Lopez Properties,Alex,parents nearby,just remodeled kitchen,tree trim quote
Sawyer,Anderson7498,sawyer.anderson7498@example.com,(414) 555-7498,Kenosha,WI,53140,,Sam,,,
Finley,Moore7499,finley.moore7499@example.com,(414) 555-7499,Appleton,WI,54911,,,,,
Alex,Smith7500,alex.smith7500@example.com,(414) 555-7500,Milwaukee,WI,53202,Smith Properties,Pat,two kids,new roof last year,sump pump check
Jordan,Brown7501,jordan.brown7501@example.com,(414) 555-7501,Waukesha,WI,53186,,Chris,dog named Buddy,loves gardening,insurance deductible question
Sam,Miller7502,sam.miller7502@example.com,(414) 555-7502,Racine,WI,53403,,Alex,parents nearby,just remodeled kitchen,tree trim quote
Taylor,Martinez7503,taylor.martinez7503@example.com,(414) 555-7503,Madison,WI,53703,Martinez Properties,Sam,,,
Casey,Gonzalez7504,casey.gonzalez7504@example.com,(414) 555-7504,Green Bay,WI,54301,,,,,
Riley,Thomas7505,riley.thomas7505@example.com,(414) 555-7505,Chicago,IL,60611,,Pat,two kids,new roof last year,sump pump check
Morgan,Jackson7506,morgan.jackson7506@example.com,(414) 555-7506,Evanston,IL,60201,Jackson Properties,Chris,dog named Buddy,loves gardening,insurance deductible question
Avery,Johnson7507,avery.johnson7507@example.com,(414) 555-7507,Brookfield,WI,53005,,Alex,parents nearby,just remodeled kitchen,tree trim quote
Quinn,Jones7508,quinn.jones7508@example.com,(414) 555-7508,Kenosha,WI,53140,,Sam,,,
Jamie,Davis7509,jamie.davis7509@example.com,(414) 555-7509,Appleton,WI,54911,Davis Properties,,,,
Cameron,Hernandez7510,cameron.hernandez7510@example.com,(414) 555-7510,Milwaukee,WI,53202,,Pat,two kids,new roof last year,sump pump check
Drew,Wilson7511,drew.wilson7511@example.com,(414) 555-7511,Waukesha,WI,53186,,Chris,dog named Buddy,loves gardening,insurance deductible question
Reese,Taylor7512,reese.taylor7512@example.com,(414) 555-7512,Racine,WI,53403,Taylor Properties,Alex,parents nearby,just remodeled kitchen,tree trim quote
Skyler,Martin7513,skyler.martin7513@example.com,(414) 555-7513,Madison,WI,53703,,Sam,,,
Parker,Williams7514,parker.williams7514@example.com,(414) 555-7514,Green Bay,WI,54301,,,,,
Blake,Garcia7515,blake.garcia7515@example.com,(414) 555-7515,Chicago,IL,60611,Garcia Properties,Pat,two kids,new roof last year,sump pump check
Hayden,Rodriguez7516,hayden.rodriguez7516@example.com,(414) 555-7516,Evanston,IL,60201,,Chris,dog named Buddy,loves gardening,insurance deductible question
Rowan,Lopez7517,rowan.lopez7517@example.com,(414) 555-7517,Brookfield,WI,53005,,Alex,parents nearby,just remodeled kitchen,tree trim quote
Sawyer,Anderson7518,sawyer.anderson7518@example.com,(414) 555-7518,Kenosha,WI,53140,Anderson Properties,Sam,,,
Finley,Moore7519,finley.moore7519@example.com,(414) 555-7519,Appleton,WI,54911,,,,,
Alex,Smith7520,alex.smith7520@example.com,(414) 555-7520,Milwaukee,WI,53202,,Pat,two kids,new roof last year,sump pump check
Jordan,Brown7521,jordan.brown7521@example.com,(414) 555-7521,Waukesha,WI,53186,Brown Properties,Chris,dog named Buddy,loves gardening,insurance deductible question
Sam,Miller7522,sam.miller7522@example.com,(414) 555-7522,Racine,WI,53403,,Alex,parents nearby,just remodeled kitchen,tree trim quote
Taylor,Martinez7523,taylor.martinez7523@example.com,(414) 555-7523,Madison,WI,53703,,Sam,,,
Casey,Gonzalez7524,casey.gonzalez7524@example.com,(414) 555-7524,Green Bay,WI,54301,Gonzalez Properties,,,,
Riley,Thomas7525,riley.thomas7525@example.com,(414) 555-7525,Chicago,IL,60611,,Pat,two kids,new roof last year,sump pump check
Morgan,Jackson7526,morgan.jackson7526@example.com,(414) 555-7526,Evanston,IL,60201,,Chris,dog named Buddy,loves gardening,insurance deductible question
Avery,Johnson7527,avery.johnson7527@example.com,(414) 555-7527,Brookfield,WI,53005,Johnson Properties,Alex,parents nearby,just remodeled kitchen,tree trim quote
Quinn,Jones7528,quinn.jones7528@example.com,(414) 555-7528,Kenosha,WI,53140,,Sam,,,
Jamie,Davis7529,jamie.davis7529@example.com,(414) 555-7529,Appleton,WI,54911,,,,,
Cameron,Hernandez7530,cameron.hernandez7530@example.com,(414) 555-7530,Milwaukee,WI,53202,Hernandez Properties,Pat,two kids,new roof last year,sump pump check
Drew,Wilson7531,drew.wilson7531@example.com,(414) 555-7531,Waukesha,WI,53186,,Chris,dog named Buddy,loves gardening,insurance deductible question
Reese,Taylor7532,reese.taylor7532@example.com,(414) 555-7532,Racine,WI,53403,,Alex,parents nearby,just remodeled kitchen,tree trim quote
Skyler,Martin7533,skyler.martin7533@example.com,(414) 555-7533,Madison,WI,53703,Martin Properties,Sam,,,
Parker,Williams7534,parker.williams7534@example.com,(414) 555-7534,Green Bay,WI,54301,,,,,
Blake,Garcia7535,blake.garcia7535@example.com,(414) 555-7535,Chicago,IL,60611,,Pat,two kids,new roof last year,sump pump check
Hayden,Rodriguez7536,hayden.rodriguez7536@example.com,(414) 555-7536,Evanston,IL,60201,Rodriguez Properties,Chris,dog named Buddy,loves gardening,insurance deductible question
Rowan,Lopez7537,rowan.lopez7537@example.com,(414) 555-7537,Brookfield,WI,53005,,Alex,parents nearby,just remodeled kitchen,tree trim quote
Sawyer,Anderson7538,sawyer.anderson7538@example.com,(414) 555-7538,Kenosha,WI,53140,,Sam,,,
Finley,Moore7539,finley.moore7539@example.com,(414) 555-7539,Appleton,WI,54911,Moore Properties,,,,
Alex,Smith7540,alex.smith7540@example.com,(414) 555-7540,Milwaukee,WI,53202,,Pat,two kids,new roof last year,sump pump check
Jordan,Brown7541,jordan.brown7541@example.com,(414) 555-7541,Waukesha,WI,53186,,Chris,dog named Buddy,loves gardening,insurance deductible question
Sam,Miller7542,sam.miller7542@example.com,(414) 555-7542,Racine,WI,53403,Miller Properties,Alex,parents nearby,just remodeled kitchen,tree trim quote
Taylor,Martinez7543,taylor.martinez7543@example.com,(414) 555-7543,Madison,WI,53703,,Sam,,,
Casey,Gonzalez7544,casey.gonzalez7544@example.com,(414) 555-7544,Green Bay,WI,54301,,,,,
Riley,Thomas7545,riley.thomas7545@example.com,(414) 555-7545,Chicago,IL,60611,Thomas Properties,Pat,two kids,new roof last year,sump pump check
Morgan,Jackson7546,morgan.jackson7546@example.com,(414) 555-7546,Evanston,IL,60201,,Chris,dog named Buddy,loves gardening,insurance deductible question
Avery,Johnson7547,avery.johnson7547@example.com,(414) 555-7547,Brookfield,WI,53005,,Alex,parents nearby,just remodeled kitchen,tree trim quote
Quinn,Jones7548,quinn.jones7548@example.com,(414) 555-7548,Kenosha,WI,53140,Jones Properties,Sam,,,
Jamie,Davis7549,jamie.davis7549@example.com,(414) 555-7549,Appleton,WI,54911,,,,,
Cameron,Hernandez7550,cameron.hernandez7550@example.com,(414) 555-7550,Milwaukee,WI,53202,,Pat,two kids,new roof last year,sump pump check
Drew,Wilson7551,drew.wilson7551@example.com,(414) 555-7551,Waukesha,WI,53186,Wilson Properties,Chris,dog named Buddy,loves gardening,insurance deductible question
Reese,Taylor7552,reese.taylor7552@example.com,(414) 555-7552,Racine,WI,53403,,Alex,parents nearby,just remodeled kitchen,tree trim quote
Skyler,Martin7553,skyler.martin7553@example.com,(414) 555-7553,Madison,WI,53703,,Sam,,,
Parker,Williams7554,parker.williams7554@example.com,(414) 555-7554,Green Bay,WI,54301,Williams Properties,,,,
Blake,Garcia7555,blake.garcia7555@example.com,(414) 555-7555,Chicago,IL,60611,,Pat,two kids,new roof last year,sump pump check
Hayden,Rodriguez7556,hayden.rodriguez7556@example.com,(414) 555-7556,Evanston,IL,60201,,Chris,dog named Buddy,loves gardening,insurance deductible question
Rowan,Lopez7557,rowan.lopez7557@example.com,(414) 555-7557,Brookfield,WI,53005,Lopez Properties,Alex,parents nearby,just remodeled kitchen,tree trim quote
Sawyer,Anderson7558,sawyer.anderson7558@example.com,(414) 555-7558,Kenosha,WI,53140,,Sam,,,
Finley,Moore7559,finley.moore7559@example.com,(414) 555-7559,Appleton,WI,54911,,,,,
Alex,Smith7560,alex.smith7560@example.com,(414) 555-7560,Milwaukee,WI,53202,Smith Properties,Pat,two kids,new roof last year,sump pump check
Jordan,Brown7561,jordan.brown7561@example.com,(414) 555-7561,Waukesha,WI,53186,,Chris,dog named Buddy,loves gardening,insurance deductible question
Sam,Miller7562,sam.miller7562@example.com,(414) 555-7562,Racine,WI,53403,,Alex,parents nearby,just remodeled kitchen,tree trim quote
Taylor,Martinez7563,taylor.martinez7563@example.com,(414) 555-7563,Madison,WI,53703,Martinez Properties,Sam,,,
Casey,Gonzalez7564,casey.gonzalez7564@example.com,(414) 555-7564,Green Bay,WI,54301,,,,,
Riley,Thomas7565,riley.thomas7565@example.com,(414) 555-7565,Chicago,IL,60611,,Pat,two kids,new roof last year,sump pump check
Morgan,Jackson7566,morgan.jackson7566@example.com,(414) 555-7566,Evanston,IL,60201,Jackson Properties,Chris,dog named Buddy,loves gardening,insurance deductible question
Avery,Johnson7567,avery.johnson7567@example.com,(414) 555-7567,Brookfield,WI,53005,,Alex,parents nearby,just remodeled kitchen,tree trim quote
Quinn,Jones7568,quinn.jones7568@example.com,(414) 555-7568,Kenosha,WI,53140,,Sam,,,
Jamie,Davis7569,jamie.davis7569@example.com,(414) 555-7569,Appleton,WI,54911,Davis Properties,,,,
Cameron,Hernandez7570,cameron.hernandez7570@example.com,(414) 555-7570,Milwaukee,WI,53202,,Pat,two kids,new roof last year,sump pump check
Drew,Wilson7571,drew.wilson7571@example.com,(414) 555-7571,Waukesha,WI,53186,,Chris,dog named Buddy,loves gardening,insurance deductible question
Reese,Taylor7572,reese.taylor7572@example.com,(414) 555-7572,Racine,WI,53403,Taylor Properties,Alex,parents nearby,just remodeled kitchen,tree trim quote
Skyler,Martin7573,skyler.martin7573@example.com,(414) 555-7573,Madison,WI,53703,,Sam,,,
Parker,Williams7574,parker.williams7574@example.com,(414) 555-7574,Green Bay,WI,54301,,,,,
Blake,Garcia7575,blake.garcia7575@example.com,(414) 555-7575,Chicago,IL,60611,Garcia Properties,Pat,two kids,new roof last year,sump pump check
Hayden,Rodriguez7576,hayden.rodriguez7576@example.com,(414) 555-7576,Evanston,IL,60201,,Chris,dog named Buddy,loves gardening,insurance deductible question
Rowan,Lopez7577,rowan.lopez7577@example.com,(414) 555-7577,Brookfield,WI,53005,,Alex,parents nearby,just remodeled kitchen,tree trim quote
Sawyer,Anderson7578,sawyer.anderson7578@example.com,(414) 555-7578,Kenosha,WI,53140,Anderson Properties,Sam,,,
Finley,Moore7579,finley.moore7579@example.com,(414) 555-7579,Appleton,WI,54911,,,,,
Alex,Smith7580,alex.smith7580@example.com,(414) 555-7580,Milwaukee,WI,53202,,Pat,two kids,new roof last year,sump pump check
Jordan,Brown7581,jordan.brown7581@example.com,(414) 555-7581,Waukesha,WI,53186,Brown Properties,Chris,dog named Buddy,loves gardening,insurance deductible question
Sam,Miller7582,sam.miller7582@example.com,(414) 555-7582,Racine,WI,53403,,Alex,parents nearby,just remodeled kitchen,tree trim quote
Taylor,Martinez7583,taylor.martinez7583@example.com,(414) 555-7583,Madison,WI,53703,,Sam,,,
Casey,Gonzalez7584,casey.gonzalez7584@example.com,(414) 555-7584,Green Bay,WI,54301,Gonzalez Properties,,,,
Riley,Thomas7585,riley.thomas7585@example.com,(414) 555-7585,Chicago,IL,60611,,Pat,two kids,new roof last year,sump pump check
Morgan,Jackson7586,morgan.jackson7586@example.com,(414) 555-7586,Evanston,IL,60201,,Chris,dog named Buddy,loves gardening,insurance deductible question
Avery,Johnson7587,avery.johnson7587@example.com,(414) 555-7587,Brookfield,WI,53005,Johnson Properties,Alex,parents nearby,just remodeled kitchen,tree trim quote
Quinn,Jones7588,quinn.jones7588@example.com,(414) 555-7588,Kenosha,WI,53140,,Sam,,,
Jamie,Davis7589,jamie.davis7589@example.com,(414) 555-7589,Appleton,WI,54911,,,,,
Cameron,Hernandez7590,cameron.hernandez7590@example.com,(414) 555-7590,Milwaukee,WI,53202,Hernandez Properties,Pat,two kids,new roof last year,sump pump check
Drew,Wilson7591,drew.wilson7591@example.com,(414) 555-7591,Waukesha,WI,53186,,Chris,dog named Buddy,loves gardening,insurance deductible question
Reese,Taylor7592,reese.taylor7592@example.com,(414) 555-7592,Racine,WI,53403,,Alex,parents nearby,just remodeled kitchen,tree trim quote
Skyler,Martin7593,skyler.martin7593@example.com,(414) 555-7593,Madison,WI,53703,Martin Properties,Sam,,,
Parker,Williams7594,parker.williams7594@example.com,(414) 555-7594,Green Bay,WI,54301,,,,,
Blake,Garcia7595,blake.garcia7595@example.com,(414) 555-7595,Chicago,IL,60611,,Pat,two kids,new roof last year,sump pump check
Hayden,Rodriguez7596,hayden.rodriguez7596@example.com,(414) 555-7596,Evanston,IL,60201,Rodriguez Properties,Chris,dog named Buddy,loves gardening,insurance deductible question
Rowan,Lopez7597,rowan.lopez7597@example.com,(414) 555-7597,Brookfield,WI,53005,,Alex,parents nearby,just remodeled kitchen,tree trim quote
Sawyer,Anderson7598,sawyer.anderson7598@example.com,(414) 555-7598,Kenosha,WI,53140,,Sam,,,
Finley,Moore7599,finley.moore7599@example.com,(414) 555-7599,Appleton,WI,54911,Moore Properties,,,,
Alex,Smith7600,alex.smith7600@example.com,(414) 555-7600,Milwaukee,WI,53202,,Pat,two kids,new roof last year,sump pump check
Jordan,Brown7601,jordan.brown7601@example.com,(414) 555-7601,Waukesha,WI,53186,,Chris,dog named Buddy,loves gardening,insurance deductible question
Sam,Miller7602,sam.miller7602@example.com,(414) 555-7602,Racine,WI,53403,Miller Properties,Alex,parents nearby,just remodeled kitchen,tree trim quote
Taylor,Martinez7603,taylor.martinez7603@example.com,(414) 555-7603,Madison,WI,53703,,Sam,,,
Casey,Gonzalez7604,casey.gonzalez7604@example.com,(414) 555-7604,Green Bay,WI,54301,,,,,
Riley,Thomas7605,riley.thomas7605@example.com,(414) 555-7605,Chicago,IL,60611,Thomas Properties,Pat,two kids,new roof last year,sump pump check
Morgan,Jackson7606,morgan.jackson7606@example.com,(414) 555-7606,Evanston,IL,60201,,Chris,dog named Buddy,loves gardening,insurance deductible question
Avery,Johnson7607,avery.johnson7607@example.com,(414) 555-7607,Brookfield,WI,53005,,Alex,parents nearby,just remodeled kitchen,tree trim quote
Quinn,Jones7608,quinn.jones7608@example.com,(414) 555-7608,Kenosha,WI,53140,Jones Properties,Sam,,,
Jamie,Davis7609,jamie.davis7609@example.com,(414) 555-7609,Appleton,WI,54911,,,,,
Cameron,Hernandez7610,cameron.hernandez7610@example.com,(414) 555-7610,Milwaukee,WI,53202,,Pat,two kids,new roof last year,sump pump check
Drew,Wilson7611,drew.wilson7611@example.com,(414) 555-7611,Waukesha,WI,53186,Wilson Properties,Chris,dog named Buddy,loves gardening,insurance deductible question
Reese,Taylor7612,reese.taylor7612@example.com,(414) 555-7612,Racine,WI,53403,,Alex,parents nearby,just remodeled kitchen,tree trim quote
Skyler,Martin7613,skyler.martin7613@example.com,(414) 555-7613,Madison,WI,53703,,Sam,,,
Parker,Williams7614,parker.williams7614@example.com,(414) 555-7614,Green Bay,WI,54301,Williams Properties,,,,
Blake,Garcia7615,blake.garcia7615@example.com,(414) 555-7615,Chicago,IL,60611,,Pat,two kids,new roof last year,sump pump check
Hayden,Rodriguez7616,hayden.rodriguez7616@example.com,(414) 555-7616,Evanston,IL,60201,,Chris,dog named Buddy,loves gardening,insurance deductible question
Rowan,Lopez7617,rowan.lopez7617@example.com,(414) 555-7617,Brookfield,WI,53005,Lopez Properties,Alex,parents nearby,just remodeled kitchen,tree trim quote
Sawyer,Anderson7618,sawyer.anderson7618@example.com,(414) 555-7618,Kenosha,WI,53140,,Sam,,,
Finley,Moore7619,finley.moore7619@example.com,(414) 555-7619,Appleton,WI,54911,,,,,
Alex,Smith7620,alex.smith7620@example.com,(414) 555-7620,Milwaukee,WI,53202,Smith Properties,Pat,two kids,new roof last year,sump pump check
Jordan,Brown7621,jordan.brown7621@example.com,(414) 555-7621,Waukesha,WI,53186,,Chris,dog named Buddy,loves gardening,insurance deductible question
Sam,Miller7622,sam.miller7622@example.com,(414) 555-7622,Racine,WI,53403,,Alex,parents nearby,just remodeled kitchen,tree trim quote
Taylor,Martinez7623,taylor.martinez7623@example.com,(414) 555-7623,Madison,WI,53703,Martinez Properties,Sam,,,
Casey,Gonzalez7624,casey.gonzalez7624@example.com,(414) 555-7624,Green Bay,WI,54301,,,,,
Riley,Thomas7625,riley.thomas7625@example.com,(414) 555-7625,Chicago,IL,60611,,Pat,two kids,new roof last year,sump pump check
Morgan,Jackson7626,morgan.jackson7626@example.com,(414) 555-7626,Evanston,IL,60201,Jackson Properties,Chris,dog named Buddy,loves gardening,insurance deductible question
Avery,Johnson7627,avery.johnson7627@example.com,(414) 555-7627,Brookfield,WI,53005,,Alex,parents nearby,just remodeled kitchen,tree trim quote
Quinn,Jones7628,quinn.jones7628@example.com,(414) 555-7628,Kenosha,WI,53140,,Sam,,,
Jamie,Davis7629,jamie.davis7629@example.com,(414) 555-7629,Appleton,WI,54911,Davis Properties,,,,
Cameron,Hernandez7630,cameron.hernandez7630@example.com,(414) 555-7630,Milwaukee,WI,53202,,Pat,two kids,new roof last year,sump pump check
Drew,Wilson7631,drew.wilson7631@example.com,(414) 555-7631,Waukesha,WI,53186,,Chris,dog named Buddy,loves gardening,insurance deductible question
Reese,Taylor7632,reese.taylor7632@example.com,(414) 555-7632,Racine,WI,53403,Taylor Properties,Alex,parents nearby,just remodeled kitchen,tree trim quote
Skyler,Martin7633,skyler.martin7633@example.com,(414) 555-7633,Madison,WI,53703,,Sam,,,
Parker,Williams7634,parker.williams7634@example.com,(414) 555-7634,Green Bay,WI,54301,,,,,
Blake,Garcia7635,blake.garcia7635@example.com,(414) 555-7635,Chicago,IL,60611,Garcia Properties,Pat,two kids,new roof last year,sump pump check
Hayden,Rodriguez7636,hayden.rodriguez7636@example.com,(414) 555-7636,Evanston,IL,60201,,Chris,dog named Buddy,loves gardening,insurance deductible question
Rowan,Lopez7637,rowan.lopez7637@example.com,(414) 555-7637,Brookfield,WI,53005,,Alex,parents nearby,just remodeled kitchen,tree trim quote
Sawyer,Anderson7638,sawyer.anderson7638@example.com,(414) 555-7638,Kenosha,WI,53140,Anderson Properties,Sam,,,
Finley,Moore7639,finley.moore7639@example.com,(414) 555-7639,Appleton,WI,54911,,,,,
Alex,Smith7640,alex.smith7640@example.com,(414) 555-7640,Milwaukee,WI,53202,,Pat,two kids,new roof last year,sump pump check
Jordan,Brown7641,jordan.brown7641@example.com,(414) 555-7641,Waukesha,WI,53186,Brown Properties,Chris,dog named Buddy,loves gardening,insurance deductible question
Sam,Miller7642,sam.miller7642@example.com,(414) 555-7642,Racine,WI,53403,,Alex,parents nearby,just remodeled kitchen,tree trim quote
Taylor,Martinez7643,taylor.martinez7643@example.com,(414) 555-7643,Madison,WI,53703,,Sam,,,
Casey,Gonzalez7644,casey.gonzalez7644@example.com,(414) 555-7644,Green Bay,WI,54301,Gonzalez Properties,,,,
Riley,Thomas7645,riley.thomas7645@example.com,(414) 555-7645,Chicago,IL,60611,,Pat,two kids,new roof last year,sump pump check
Morgan,Jackson7646,morgan.jackson7646@example.com,(414) 555-7646,Evanston,IL,60201,,Chris,dog named Buddy,loves gardening,insurance deductible question
Avery,Johnson7647,avery.johnson7647@example.com,(414) 555-7647,Brookfield,WI,53005,Johnson Properties,Alex,parents nearby,just remodeled kitchen,tree trim quote
Quinn,Jones7648,quinn.jones7648@example.com,(414) 555-7648,Kenosha,WI,53140,,Sam,,,
Jamie,Davis7649,jamie.davis7649@example.com,(414) 555-7649,Appleton,WI,54911,,,,,
Cameron,Hernandez7650,cameron.hernandez7650@example.com,(414) 555-7650,Milwaukee,WI,53202,Hernandez Properties,Pat,two kids,new roof last year,sump pump check
Drew,Wilson7651,drew.wilson7651@example.com,(414) 555-7651,Waukesha,WI,53186,,Chris,dog named Buddy,loves gardening,insurance deductible question
Reese,Taylor7652,reese.taylor7652@example.com,(414) 555-7652,Racine,WI,53403,,Alex,parents nearby,just remodeled kitchen,tree trim quote
Skyler,Martin7653,skyler.martin7653@example.com,(414) 555-7653,Madison,WI,53703,Martin Properties,Sam,,,
Parker,Williams7654,parker.williams7654@example.com,(414) 555-7654,Green Bay,WI,54301,,,,,
Blake,Garcia7655,blake.garcia7655@example.com,(414) 555-7655,Chicago,IL,60611,,Pat,two kids,new roof last year,sump pump check
Hayden,Rodriguez7656,hayden.rodriguez7656@example.com,(414) 555-7656,Evanston,IL,60201,Rodriguez Properties,Chris,dog named Buddy,loves gardening,insurance deductible question
Rowan,Lopez7657,rowan.lopez7657@example.com,(414) 555-7657,Brookfield,WI,53005,,Alex,parents nearby,just remodeled kitchen,tree trim quote
Sawyer,Anderson7658,sawyer.anderson7658@example.com,(414) 555-7658,Kenosha,WI,53140,,Sam,,,
Finley,Moore7659,finley.moore7659@example.com,(414) 555-7659,Appleton,WI,54911,Moore Properties,,,,
Alex,Smith7660,alex.smith7660@example.com,(414) 555-7660,Milwaukee,WI,53202,,Pat,two kids,new roof last year,sump pump check
Jordan,Brown7661,jordan.brown7661@example.com,(414) 555-7661,Waukesha,WI,53186,,Chris,dog named Buddy,loves gardening,insurance deductible question
Sam,Miller7662,sam.miller7662@example.com,(414) 555-7662,Racine,WI,53403,Miller Properties,Alex,parents nearby,just remodeled kitchen,tree trim quote
Taylor,Martinez7663,taylor.martinez7663@example.com,(414) 555-7663,Madison,WI,53703,,Sam,,,
Casey,Gonzalez7664,casey.gonzalez7664@example.com,(414) 555-7664,Green Bay,WI,54301,,,,,
Riley,Thomas7665,riley.thomas7665@example.com,(414) 555-7665,Chicago,IL,60611,Thomas Properties,Pat,two kids,new roof last year,sump pump check
Morgan,Jackson7666,morgan.jackson7666@example.com,(414) 555-7666,Evanston,IL,60201,,Chris,dog named Buddy,loves gardening,insurance deductible question
Avery,Johnson7667,avery.johnson7667@example.com,(414) 555-7667,Brookfield,WI,53005,,Alex,parents nearby,just remodeled kitchen,tree trim quote
Quinn,Jones7668,quinn.jones7668@example.com,(414) 555-7668,Kenosha,WI,53140,Jones Properties,Sam,,,
Jamie,Davis7669,jamie.davis7669@example.com,(414) 555-7669,Appleton,WI,54911,,,,,
Cameron,Hernandez7670,cameron.hernandez7670@example.com,(414) 555-7670,Milwaukee,WI,53202,,Pat,two kids,new roof last year,sump pump check
Drew,Wilson7671,drew.wilson7671@example.com,(414) 555-7671,Waukesha,WI,53186,Wilson Properties,Chris,dog named Buddy,loves gardening,insurance deductible question
Reese,Taylor7672,reese.taylor7672@example.com,(414) 555-7672,Racine,WI,53403,,Alex,parents nearby,just remodeled kitchen,tree trim quote
Skyler,Martin7673,skyler.martin7673@example.com,(414) 555-7673,Madison,WI,53703,,Sam,,,
Parker,Williams7674,parker.williams7674@example.com,(414) 555-7674,Green Bay,WI,54301,Williams Properties,,,,
Blake,Garcia7675,blake.garcia7675@example.com,(414) 555-7675,Chicago,IL,60611,,Pat,two kids,new roof last year,sump pump check
Hayden,Rodriguez7676,hayden.rodriguez7676@example.com,(414) 555-7676,Evanston,IL,60201,,Chris,dog named Buddy,loves gardening,insurance deductible question
Rowan,Lopez7677,rowan.lopez7677@example.com,(414) 555-7677,Brookfield,WI,53005,Lopez Properties,Alex,parents nearby,just remodeled kitchen,tree trim quote
Sawyer,Anderson7678,sawyer.anderson7678@example.com,(414) 555-7678,Kenosha,WI,53140,,Sam,,,
Finley,Moore7679,finley.moore7679@example.com,(414) 555-7679,Appleton,WI,54911,,,,,
Alex,Smith7680,alex.smith7680@example.com,(414) 555-7680,Milwaukee,WI,53202,Smith Properties,Pat,two kids,new roof last year,sump pump check
Jordan,Brown7681,jordan.brown7681@example.com,(414) 555-7681,Waukesha,WI,53186,,Chris,dog named Buddy,loves gardening,insurance deductible question
Sam,Miller7682,sam.miller7682@example.com,(414) 555-7682,Racine,WI,53403,,Alex,parents nearby,just remodeled kitchen,tree trim quote
Taylor,Martinez7683,taylor.martinez7683@example.com,(414) 555-7683,Madison,WI,53703,Martinez Properties,Sam,,,
Casey,Gonzalez7684,casey.gonzalez7684@example.com,(414) 555-7684,Green Bay,WI,54301,,,,,
Riley,Thomas7685,riley.thomas7685@example.com,(414) 555-7685,Chicago,IL,60611,,Pat,two kids,new roof last year,sump pump check
Morgan,Jackson7686,morgan.jackson7686@example.com,(414) 555-7686,Evanston,IL,60201,Jackson Properties,Chris,dog named Buddy,loves gardening,insurance deductible question
Avery,Johnson7687,avery.johnson7687@example.com,(414) 555-7687,Brookfield,WI,53005,,Alex,parents nearby,just remodeled kitchen,tree trim quote
Quinn,Jones7688,quinn.jones7688@example.com,(414) 555-7688,Kenosha,WI,53140,,Sam,,,
Jamie,Davis7689,jamie.davis7689@example.com,(414) 555-7689,Appleton,WI,54911,Davis Properties,,,,
Cameron,Hernandez7690,cameron.hernandez7690@example.com,(414) 555-7690,Milwaukee,WI,53202,,Pat,two kids,new roof last year,sump pump check
Drew,Wilson7691,drew.wilson7691@example.com,(414) 555-7691,Waukesha,WI,53186,,Chris,dog named Buddy,loves gardening,insurance deductible question
Reese,Taylor7692,reese.taylor7692@example.com,(414) 555-7692,Racine,WI,53403,Taylor Properties,Alex,parents nearby,just remodeled kitchen,tree trim quote
Skyler,Martin7693,skyler.martin7693@example.com,(414) 555-7693,Madison,WI,53703,,Sam,,,
Parker,Williams7694,parker.williams7694@example.com,(414) 555-7694,Green Bay,WI,54301,,,,,
Blake,Garcia7695,blake.garcia7695@example.com,(414) 555-7695,Chicago,IL,60611,Garcia Properties,Pat,two kids,new roof last year,sump pump check
Hayden,Rodriguez7696,hayden.rodriguez7696@example.com,(414) 555-7696,Evanston,IL,60201,,Chris,dog named Buddy,loves gardening,insurance deductible question
Rowan,Lopez7697,rowan.lopez7697@example.com,(414) 555-7697,Brookfield,WI,53005,,Alex,parents nearby,just remodeled kitchen,tree trim quote
Sawyer,Anderson7698,sawyer.anderson7698@example.com,(414) 555-7698,Kenosha,WI,53140,Anderson Properties,Sam,,,
Finley,Moore7699,finley.moore7699@example.com,(414) 555-7699,Appleton,WI,54911,,,,,
Alex,Smith7700,alex.smith7700@example.com,(414) 555-7700,Milwaukee,WI,53202,,Pat,two kids,new roof last year,sump pump check
Jordan,Brown7701,jordan.brown7701@example.com,(414) 555-7701,Waukesha,WI,53186,Brown Properties,Chris,dog named Buddy,loves gardening,insurance deductible question
Sam,Miller7702,sam.miller7702@example.com,(414) 555-7702,Racine,WI,53403,,Alex,parents nearby,just remodeled kitchen,tree trim quote
Taylor,Martinez7703,taylor.martinez7703@example.com,(414) 555-7703,Madison,WI,53703,,Sam,,,
Casey,Gonzalez7704,casey.gonzalez7704@example.com,(414) 555-7704,Green Bay,WI,54301,Gonzalez Properties,,,,
Riley,Thomas7705,riley.thomas7705@example.com,(414) 555-7705,Chicago,IL,60611,,Pat,two kids,new roof last year,sump pump check
Morgan,Jackson7706,morgan.jackson7706@example.com,(414) 555-7706,Evanston,IL,60201,,Chris,dog named Buddy,loves gardening,insurance deductible question
Avery,Johnson7707,avery.johnson7707@example.com,(414) 555-7707,Brookfield,WI,53005,Johnson Properties,Alex,parents nearby,just remodeled kitchen,tree trim quote
Quinn,Jones7708,quinn.jones7708@example.com,(414) 555-7708,Kenosha,WI,53140,,Sam,,,
Jamie,Davis7709,jamie.davis7709@example.com,(414) 555-7709,Appleton,WI,54911,,,,,
Cameron,Hernandez7710,cameron.hernandez7710@example.com,(414) 555-7710,Milwaukee,WI,53202,Hernandez Properties,Pat,two kids,new roof last year,sump pump check
Drew,Wilson7711,drew.wilson7711@example.com,(414) 555-7711,Waukesha,WI,53186,,Chris,dog named Buddy,loves gardening,insurance deductible question
Reese,Taylor7712,reese.taylor7712@example.com,(414) 555-7712,Racine,WI,53403,,Alex,parents nearby,just remodeled kitchen,tree trim quote
Skyler,Martin7713,skyler.martin7713@example.com,(414) 555-7713,Madison,WI,53703,Martin Properties,Sam,,,
Parker,Williams7714,parker.williams7714@example.com,(414) 555-7714,Green Bay,WI,54301,,,,,
Blake,Garcia7715,blake.garcia7715@example.com,(414) 555-7715,Chicago,IL,60611,,Pat,two kids,new roof last year,sump pump check
Hayden,Rodriguez7716,hayden.rodriguez7716@example.com,(414) 555-7716,Evanston,IL,60201,Rodriguez Properties,Chris,dog named Buddy,loves gardening,insurance deductible question
Rowan,Lopez7717,rowan.lopez7717@example.com,(414) 555-7717,Brookfield,WI,53005,,Alex,parents nearby,just remodeled kitchen,tree trim quote
Sawyer,Anderson7718,sawyer.anderson7718@example.com,(414) 555-7718,Kenosha,WI,53140,,Sam,,,
Finley,Moore7719,finley.moore7719@example.com,(414) 555-7719,Appleton,WI,54911,Moore Properties,,,,
Alex,Smith7720,alex.smith7720@example.com,(414) 555-7720,Milwaukee,WI,53202,,Pat,two kids,new roof last year,sump pump check
Jordan,Brown7721,jordan.brown7721@example.com,(414) 555-7721,Waukesha,WI,53186,,Chris,dog named Buddy,loves gardening,insurance deductible question
Sam,Miller7722,sam.miller7722@example.com,(414) 555-7722,Racine,WI,53403,Miller Properties,Alex,parents nearby,just remodeled kitchen,tree trim quote
Taylor,Martinez7723,taylor.martinez7723@example.com,(414) 555-7723,Madison,WI,53703,,Sam,,,
Casey,Gonzalez7724,casey.gonzalez7724@example.com,(414) 555-7724,Green Bay,WI,54301,,,,,
Riley,Thomas7725,riley.thomas7725@example.com,(414) 555-7725,Chicago,IL,60611,Thomas Properties,Pat,two kids,new roof last year,sump pump check
Morgan,Jackson7726,morgan.jackson7726@example.com,(414) 555-7726,Evanston,IL,60201,,Chris,dog named Buddy,loves gardening,insurance deductible question
Avery,Johnson7727,avery.johnson7727@example.com,(414) 555-7727,Brookfield,WI,53005,,Alex,parents nearby,just remodeled kitchen,tree trim quote
Quinn,Jones7728,quinn.jones7728@example.com,(414) 555-7728,Kenosha,WI,53140,Jones Properties,Sam,,,
Jamie,Davis7729,jamie.davis7729@example.com,(414) 555-7729,Appleton,WI,54911,,,,,
Cameron,Hernandez7730,cameron.hernandez7730@example.com,(414) 555-7730,Milwaukee,WI,53202,,Pat,two kids,new roof last year,sump pump check
Drew,Wilson7731,drew.wilson7731@example.com,(414) 555-7731,Waukesha,WI,53186,Wilson Properties,Chris,dog named Buddy,loves gardening,insurance deductible question
Reese,Taylor7732,reese.taylor7732@example.com,(414) 555-7732,Racine,WI,53403,,Alex,parents nearby,just remodeled kitchen,tree trim quote
Skyler,Martin7733,skyler.martin7733@example.com,(414) 555-7733,Madison,WI,53703,,Sam,,,
Parker,Williams7734,parker.williams7734@example.com,(414) 555-7734,Green Bay,WI,54301,Williams Properties,,,,
Blake,Garcia7735,blake.garcia7735@example.com,(414) 555-7735,Chicago,IL,60611,,Pat,two kids,new roof last year,sump pump check
Hayden,Rodriguez7736,hayden.rodriguez7736@example.com,(414) 555-7736,Evanston,IL,60201,,Chris,dog named Buddy,loves gardening,insurance deductible question
Rowan,Lopez7737,rowan.lopez7737@example.com,(414) 555-7737,Brookfield,WI,53005,Lopez Properties,Alex,parents nearby,just remodeled kitchen,tree trim quote
Sawyer,Anderson7738,sawyer.anderson7738@example.com,(414) 555-7738,Kenosha,WI,53140,,Sam,,,
Finley,Moore7739,finley.moore7739@example.com,(414) 555-7739,Appleton,WI,54911,,,,,
Alex,Smith7740,alex.smith7740@example.com,(414) 555-7740,Milwaukee,WI,53202,Smith Properties,Pat,two kids,new roof last year,sump pump check
Jordan,Brown7741,jordan.brown7741@example.com,(414) 555-7741,Waukesha,WI,53186,,Chris,dog named Buddy,loves gardening,insurance deductible question
Sam,Miller7742,sam.miller7742@example.com,(414) 555-7742,Racine,WI,53403,,Alex,parents nearby,just remodeled kitchen,tree trim quote
Taylor,Martinez7743,taylor.martinez7743@example.com,(414) 555-7743,Madison,WI,53703,Martinez Properties,Sam,,,
Casey,Gonzalez7744,casey.gonzalez7744@example.com,(414) 555-7744,Green Bay,WI,54301,,,,,
Riley,Thomas7745,riley.thomas7745@example.com,(414) 555-7745,Chicago,IL,60611,,Pat,two kids,new roof last year,sump pump check
Morgan,Jackson7746,morgan.jackson7746@example.com,(414) 555-7746,Evanston,IL,60201,Jackson Properties,Chris,dog named Buddy,loves gardening,insurance deductible question
Avery,Johnson7747,avery.johnson7747@example.com,(414) 555-7747,Brookfield,WI,53005,,Alex,parents nearby,just remodeled kitchen,tree trim quote
Quinn,Jones7748,quinn.jones7748@example.com,(414) 555-7748,Kenosha,WI,53140,,Sam,,,
Jamie,Davis7749,jamie.davis7749@example.com,(414) 555-7749,Appleton,WI,54911,Davis Properties,,,,
Cameron,Hernandez7750,cameron.hernandez7750@example.com,(414) 555-7750,Milwaukee,WI,53202,,Pat,two kids,new roof last year,sump pump check
Drew,Wilson7751,drew.wilson7751@example.com,(414) 555-7751,Waukesha,WI,53186,,Chris,dog named Buddy,loves gardening,insurance deductible question
Reese,Taylor7752,reese.taylor7752@example.com,(414) 555-7752,Racine,WI,53403,Taylor Properties,Alex,parents nearby,just remodeled kitchen,tree trim quote
Skyler,Martin7753,skyler.martin7753@example.com,(414) 555-7753,Madison,WI,53703,,Sam,,,
Parker,Williams7754,parker.williams7754@example.com,(414) 555-7754,Green Bay,WI,54301,,,,,
Blake,Garcia7755,blake.garcia7755@example.com,(414) 555-7755,Chicago,IL,60611,Garcia Properties,Pat,two kids,new roof last year,sump pump check
Hayden,Rodriguez7756,hayden.rodriguez7756@example.com,(414) 555-7756,Evanston,IL,60201,,Chris,dog named Buddy,loves gardening,insurance deductible question
Rowan,Lopez7757,rowan.lopez7757@example.com,(414) 555-7757,Brookfield,WI,53005,,Alex,parents nearby,just remodeled kitchen,tree trim quote
Sawyer,Anderson7758,sawyer.anderson7758@example.com,(414) 555-7758,Kenosha,WI,53140,Anderson Properties,Sam,,,
Finley,Moore7759,finley.moore7759@example.com,(414) 555-7759,Appleton,WI,54911,,,,,
Alex,Smith7760,alex.smith7760@example.com,(414) 555-7760,Milwaukee,WI,53202,,Pat,two kids,new roof last year,sump pump check
Jordan,Brown7761,jordan.brown7761@example.com,(414) 555-7761,Waukesha,WI,53186,Brown Properties,Chris,dog named Buddy,loves gardening,insurance deductible question
Sam,Miller7762,sam.miller7762@example.com,(414) 555-7762,Racine,WI,53403,,Alex,parents nearby,just remodeled kitchen,tree trim quote
Taylor,Martinez7763,taylor.martinez7763@example.com,(414) 555-7763,Madison,WI,53703,,Sam,,,
Casey,Gonzalez7764,casey.gonzalez7764@example.com,(414) 555-7764,Green Bay,WI,54301,Gonzalez Properties,,,,
Riley,Thomas7765,riley.thomas7765@example.com,(414) 555-7765,Chicago,IL,60611,,Pat,two kids,new roof last year,sump pump check
Morgan,Jackson7766,morgan.jackson7766@example.com,(414) 555-7766,Evanston,IL,60201,,Chris,dog named Buddy,loves gardening,insurance deductible question
Avery,Johnson7767,avery.johnson7767@example.com,(414) 555-7767,Brookfield,WI,53005,Johnson Properties,Alex,parents nearby,just remodeled kitchen,tree trim quote
Quinn,Jones7768,quinn.jones7768@example.com,(414) 555-7768,Kenosha,WI,53140,,Sam,,,
Jamie,Davis7769,jamie.davis7769@example.com,(414) 555-7769,Appleton,WI,54911,,,,,
Cameron,Hernandez7770,cameron.hernandez7770@example.com,(414) 555-7770,Milwaukee,WI,53202,Hernandez Properties,Pat,two kids,new roof last year,sump pump check
Drew,Wilson7771,drew.wilson7771@example.com,(414) 555-7771,Waukesha,WI,53186,,Chris,dog named Buddy,loves gardening,insurance deductible question
Reese,Taylor7772,reese.taylor7772@example.com,(414) 555-7772,Racine,WI,53403,,Alex,parents nearby,just remodeled kitchen,tree trim quote
Skyler,Martin7773,skyler.martin7773@example.com,(414) 555-7773,Madison,WI,53703,Martin Properties,Sam,,,
Parker,Williams7774,parker.williams7774@example.com,(414) 555-7774,Green Bay,WI,54301,,,,,
Blake,Garcia7775,blake.garcia7775@example.com,(414) 555-7775,Chicago,IL,60611,,Pat,two kids,new roof last year,sump pump check
Hayden,Rodriguez7776,hayden.rodriguez7776@example.com,(414) 555-7776,Evanston,IL,60201,Rodriguez Properties,Chris,dog named Buddy,loves gardening,insurance deductible question
Rowan,Lopez7777,rowan.lopez7777@example.com,(414) 555-7777,Brookfield,WI,53005,,Alex,parents nearby,just remodeled kitchen,tree trim quote
Sawyer,Anderson7778,sawyer.anderson7778@example.com,(414) 555-7778,Kenosha,WI,53140,,Sam,,,
Finley,Moore7779,finley.moore7779@example.com,(414) 555-7779,Appleton,WI,54911,Moore Properties,,,,
Alex,Smith7780,alex.smith7780@example.com,(414) 555-7780,Milwaukee,WI,53202,,Pat,two kids,new roof last year,sump pump check
Jordan,Brown7781,jordan.brown7781@example.com,(414) 555-7781,Waukesha,WI,53186,,Chris,dog named Buddy,loves gardening,insurance deductible question
Sam,Miller7782,sam.miller7782@example.com,(414) 555-7782,Racine,WI,53403,Miller Properties,Alex,parents nearby,just remodeled kitchen,tree trim quote
Taylor,Martinez7783,taylor.martinez7783@example.com,(414) 555-7783,Madison,WI,53703,,Sam,,,
Casey,Gonzalez7784,casey.gonzalez7784@example.com,(414) 555-7784,Green Bay,WI,54301,,,,,
Riley,Thomas7785,riley.thomas7785@example.com,(414) 555-7785,Chicago,IL,60611,Thomas Properties,Pat,two kids,new roof last year,sump pump check
Morgan,Jackson7786,morgan.jackson7786@example.com,(414) 555-7786,Evanston,IL,60201,,Chris,dog named Buddy,loves gardening,insurance deductible question
Avery,Johnson7787,avery.johnson7787@example.com,(414) 555-7787,Brookfield,WI,53005,,Alex,parents nearby,just remodeled kitchen,tree trim quote
Quinn,Jones7788,quinn.jones7788@example.com,(414) 555-7788,Kenosha,WI,53140,Jones Properties,Sam,,,
Jamie,Davis7789,jamie.davis7789@example.com,(414) 555-7789,Appleton,WI,54911,,,,,
Cameron,Hernandez7790,cameron.hernandez7790@example.com,(414) 555-7790,Milwaukee,WI,53202,,Pat,two kids,new roof last year,sump pump check
Drew,Wilson7791,drew.wilson7791@example.com,(414) 555-7791,Waukesha,WI,53186,Wilson Properties,Chris,dog named Buddy,loves gardening,insurance deductible question
Reese,Taylor7792,reese.taylor7792@example.com,(414) 555-7792,Racine,WI,53403,,Alex,parents nearby,just remodeled kitchen,tree trim quote
Skyler,Martin7793,skyler.martin7793@example.com,(414) 555-7793,Madison,WI,53703,,Sam,,,
Parker,Williams7794,parker.williams7794@example.com,(414) 555-7794,Green Bay,WI,54301,Williams Properties,,,,
Blake,Garcia7795,blake.garcia7795@example.com,(414) 555-7795,Chicago,IL,60611,,Pat,two kids,new roof last year,sump pump check
Hayden,Rodriguez7796,hayden.rodriguez7796@example.com,(414) 555-7796,Evanston,IL,60201,,Chris,dog named Buddy,loves gardening,insurance deductible question
Rowan,Lopez7797,rowan.lopez7797@example.com,(414) 555-7797,Brookfield,WI,53005,Lopez Properties,Alex,parents nearby,just remodeled kitchen,tree trim quote
Sawyer,Anderson7798,sawyer.anderson7798@example.com,(414) 555-7798,Kenosha,WI,53140,,Sam,,,
Finley,Moore7799,finley.moore7799@example.com,(414) 555-7799,Appleton,WI,54911,,,,,
Alex,Smith7800,alex.smith7800@example.com,(414) 555-7800,Milwaukee,WI,53202,Smith Properties,Pat,two kids,new roof last year,sump pump check
Jordan,Brown7801,jordan.brown7801@example.com,(414) 555-7801,Waukesha,WI,53186,,Chris,dog named Buddy,loves gardening,insurance deductible question
Sam,Miller7802,sam.miller7802@example.com,(414) 555-7802,Racine,WI,53403,,Alex,parents nearby,just remodeled kitchen,tree trim quote
Taylor,Martinez7803,taylor.martinez7803@example.com,(414) 555-7803,Madison,WI,53703,Martinez Properties,Sam,,,
Casey,Gonzalez7804,casey.gonzalez7804@example.com,(414) 555-7804,Green Bay,WI,54301,,,,,
Riley,Thomas7805,riley.thomas7805@example.com,(414) 555-7805,Chicago,IL,60611,,Pat,two kids,new roof last year,sump pump check
Morgan,Jackson7806,morgan.jackson7806@example.com,(414) 555-7806,Evanston,IL,60201,Jackson Properties,Chris,dog named Buddy,loves gardening,insurance deductible question
Avery,Johnson7807,avery.johnson7807@example.com,(414) 555-7807,Brookfield,WI,53005,,Alex,parents nearby,just remodeled kitchen,tree trim quote
Quinn,Jones7808,quinn.jones7808@example.com,(414) 555-7808,Kenosha,WI,53140,,Sam,,,
Jamie,Davis7809,jamie.davis7809@example.com,(414) 555-7809,Appleton,WI,54911,Davis Properties,,,,
Cameron,Hernandez7810,cameron.hernandez7810@example.com,(414) 555-7810,Milwaukee,WI,53202,,Pat,two kids,new roof last year,sump pump check
Drew,Wilson7811,drew.wilson7811@example.com,(414) 555-7811,Waukesha,WI,53186,,Chris,dog named Buddy,loves gardening,insurance deductible question
Reese,Taylor7812,reese.taylor7812@example.com,(414) 555-7812,Racine,WI,53403,Taylor Properties,Alex,parents nearby,just remodeled kitchen,tree trim quote
Skyler,Martin7813,skyler.martin7813@example.com,(414) 555-7813,Madison,WI,53703,,Sam,,,
Parker,Williams7814,parker.williams7814@example.com,(414) 555-7814,Green Bay,WI,54301,,,,,
Blake,Garcia7815,blake.garcia7815@example.com,(414) 555-7815,Chicago,IL,60611,Garcia Properties,Pat,two kids,new roof last year,sump pump check
Hayden,Rodriguez7816,hayden.rodriguez7816@example.com,(414) 555-7816,Evanston,IL,60201,,Chris,dog named Buddy,loves gardening,insurance deductible question
Rowan,Lopez7817,rowan.lopez7817@example.com,(414) 555-7817,Brookfield,WI,53005,,Alex,parents nearby,just remodeled kitchen,tree trim quote
Sawyer,Anderson7818,sawyer.anderson7818@example.com,(414) 555-7818,Kenosha,WI,53140,Anderson Properties,Sam,,,
Finley,Moore7819,finley.moore7819@example.com,(414) 555-7819,Appleton,WI,54911,,,,,
Alex,Smith7820,alex.smith7820@example.com,(414) 555-7820,Milwaukee,WI,53202,,Pat,two kids,new roof last year,sump pump check
Jordan,Brown7821,jordan.brown7821@example.com,(414) 555-7821,Waukesha,WI,53186,Brown Properties,Chris,dog named Buddy,loves gardening,insurance deductible question
Sam,Miller7822,sam.miller7822@example.com,(414) 555-7822,Racine,WI,53403,,Alex,parents nearby,just remodeled kitchen,tree trim quote
Taylor,Martinez7823,taylor.martinez7823@example.com,(414) 555-7823,Madison,WI,53703,,Sam,,,
Casey,Gonzalez7824,casey.gonzalez7824@example.com,(414) 555-7824,Green Bay,WI,54301,Gonzalez Properties,,,,
Riley,Thomas7825,riley.thomas7825@example.com,(414) 555-7825,Chicago,IL,60611,,Pat,two kids,new roof last year,sump pump check
Morgan,Jackson7826,morgan.jackson7826@example.com,(414) 555-7826,Evanston,IL,60201,,Chris,dog named Buddy,loves gardening,insurance deductible question
Avery,Johnson7827,avery.johnson7827@example.com,(414) 555-7827,Brookfield,WI,53005,Johnson Properties,Alex,parents nearby,just remodeled kitchen,tree trim quote
Quinn,Jones7828,quinn.jones7828@example.com,(414) 555-7828,Kenosha,WI,53140,,Sam,,,
Jamie,Davis7829,jamie.davis7829@example.com,(414) 555-7829,Appleton,WI,54911,,,,,
Cameron,Hernandez7830,cameron.hernandez7830@example.com,(414) 555-7830,Milwaukee,WI,53202,Hernandez Properties,Pat,two kids,new roof last year,sump pump check
Drew,Wilson7831,drew.wilson7831@example.com,(414) 555-7831,Waukesha,WI,53186,,Chris,dog named Buddy,loves gardening,insurance deductible question
Reese,Taylor7832,reese.taylor7832@example.com,(414) 555-7832,Racine,WI,53403,,Alex,parents nearby,just remodeled kitchen,tree trim quote
Skyler,Martin7833,skyler.martin7833@example.com,(414) 555-7833,Madison,WI,53703,Martin Properties,Sam,,,
Parker,Williams7834,parker.williams7834@example.com,(414) 555-7834,Green Bay,WI,54301,,,,,
Blake,Garcia7835,blake.garcia7835@example.com,(414) 555-7835,Chicago,IL,60611,,Pat,two kids,new roof last year,sump pump check
Hayden,Rodriguez7836,hayden.rodriguez7836@example.com,(414) 555-7836,Evanston,IL,60201,Rodriguez Properties,Chris,dog named Buddy,loves gardening,insurance deductible question
Rowan,Lopez7837,rowan.lopez7837@example.com,(414) 555-7837,Brookfield,WI,53005,,Alex,parents nearby,just remodeled kitchen,tree trim quote
Sawyer,Anderson7838,sawyer.anderson7838@example.com,(414) 555-7838,Kenosha,WI,53140,,Sam,,,
Finley,Moore7839,finley.moore7839@example.com,(414) 555-7839,Appleton,WI,54911,Moore Properties,,,,
Alex,Smith7840,alex.smith7840@example.com,(414) 555-7840,Milwaukee,WI,53202,,Pat,two kids,new roof last year,sump pump check
Jordan,Brown7841,jordan.brown7841@example.com,(414) 555-7841,Waukesha,WI,53186,,Chris,dog named Buddy,loves gardening,insurance deductible question
Sam,Miller7842,sam.miller7842@example.com,(414) 555-7842,Racine,WI,53403,Miller Properties,Alex,parents nearby,just remodeled kitchen,tree trim quote
Taylor,Martinez7843,taylor.martinez7843@example.com,(414) 555-7843,Madison,WI,53703,,Sam,,,
Casey,Gonzalez7844,casey.gonzalez7844@example.com,(414) 555-7844,Green Bay,WI,54301,,,,,
Riley,Thomas7845,riley.thomas7845@example.com,(414) 555-7845,Chicago,IL,60611,Thomas Properties,Pat,two kids,new roof last year,sump pump check
Morgan,Jackson7846,morgan.jackson7846@example.com,(414) 555-7846,Evanston,IL,60201,,Chris,dog named Buddy,loves gardening,insurance deductible question
Avery,Johnson7847,avery.johnson7847@example.com,(414) 555-7847,Brookfield,WI,53005,,Alex,parents nearby,just remodeled kitchen,tree trim quote
Quinn,Jones7848,quinn.jones7848@example.com,(414) 555-7848,Kenosha,WI,53140,Jones Properties,Sam,,,
Jamie,Davis7849,jamie.davis7849@example.com,(414) 555-7849,Appleton,WI,54911,,,,,
Cameron,Hernandez7850,cameron.hernandez7850@example.com,(414) 555-7850,Milwaukee,WI,53202,,Pat,two kids,new roof last year,sump pump check
Drew,Wilson7851,drew.wilson7851@example.com,(414) 555-7851,Waukesha,WI,53186,Wilson Properties,Chris,dog named Buddy,loves gardening,insurance deductible question
Reese,Taylor7852,reese.taylor7852@example.com,(414) 555-7852,Racine,WI,53403,,Alex,parents nearby,just remodeled kitchen,tree trim quote
Skyler,Martin7853,skyler.martin7853@example.com,(414) 555-7853,Madison,WI,53703,,Sam,,,
Parker,Williams7854,parker.williams7854@example.com,(414) 555-7854,Green Bay,WI,54301,Williams Properties,,,,
Blake,Garcia7855,blake.garcia7855@example.com,(414) 555-7855,Chicago,IL,60611,,Pat,two kids,new roof last year,sump pump check
Hayden,Rodriguez7856,hayden.rodriguez7856@example.com,(414) 555-7856,Evanston,IL,60201,,Chris,dog named Buddy,loves gardening,insurance deductible question
Rowan,Lopez7857,rowan.lopez7857@example.com,(414) 555-7857,Brookfield,WI,53005,Lopez Properties,Alex,parents nearby,just remodeled kitchen,tree trim quote
Sawyer,Anderson7858,sawyer.anderson7858@example.com,(414) 555-7858,Kenosha,WI,53140,,Sam,,,
Finley,Moore7859,finley.moore7859@example.com,(414) 555-7859,Appleton,WI,54911,,,,,
Alex,Smith7860,alex.smith7860@example.com,(414) 555-7860,Milwaukee,WI,53202,Smith Properties,Pat,two kids,new roof last year,sump pump check
Jordan,Brown7861,jordan.brown7861@example.com,(414) 555-7861,Waukesha,WI,53186,,Chris,dog named Buddy,loves gardening,insurance deductible question
Sam,Miller7862,sam.miller7862@example.com,(414) 555-7862,Racine,WI,53403,,Alex,parents nearby,just remodeled kitchen,tree trim quote
Taylor,Martinez7863,taylor.martinez7863@example.com,(414) 555-7863,Madison,WI,53703,Martinez Properties,Sam,,,
Casey,Gonzalez7864,casey.gonzalez7864@example.com,(414) 555-7864,Green Bay,WI,54301,,,,,
Riley,Thomas7865,riley.thomas7865@example.com,(414) 555-7865,Chicago,IL,60611,,Pat,two kids,new roof last year,sump pump check
Morgan,Jackson7866,morgan.jackson7866@example.com,(414) 555-7866,Evanston,IL,60201,Jackson Properties,Chris,dog named Buddy,loves gardening,insurance deductible question
Avery,Johnson7867,avery.johnson7867@example.com,(414) 555-7867,Brookfield,WI,53005,,Alex,parents nearby,just remodeled kitchen,tree trim quote
Quinn,Jones7868,quinn.jones7868@example.com,(414) 555-7868,Kenosha,WI,53140,,Sam,,,
Jamie,Davis7869,jamie.davis7869@example.com,(414) 555-7869,Appleton,WI,54911,Davis Properties,,,,
Cameron,Hernandez7870,cameron.hernandez7870@example.com,(414) 555-7870,Milwaukee,WI,53202,,Pat,two kids,new roof last year,sump pump check
Drew,Wilson7871,drew.wilson7871@example.com,(414) 555-7871,Waukesha,WI,53186,,Chris,dog named Buddy,loves gardening,insurance deductible question
Reese,Taylor7872,reese.taylor7872@example.com,(414) 555-7872,Racine,WI,53403,Taylor Properties,Alex,parents nearby,just remodeled kitchen,tree trim quote
Skyler,Martin7873,skyler.martin7873@example.com,(414) 555-7873,Madison,WI,53703,,Sam,,,
Parker,Williams7874,parker.williams7874@example.com,(414) 555-7874,Green Bay,WI,54301,,,,,
Blake,Garcia7875,blake.garcia7875@example.com,(414) 555-7875,Chicago,IL,60611,Garcia Properties,Pat,two kids,new roof last year,sump pump check
Hayden,Rodriguez7876,hayden.rodriguez7876@example.com,(414) 555-7876,Evanston,IL,60201,,Chris,dog named Buddy,loves gardening,insurance deductible question
Rowan,Lopez7877,rowan.lopez7877@example.com,(414) 555-7877,Brookfield,WI,53005,,Alex,parents nearby,just remodeled kitchen,tree trim quote
Sawyer,Anderson7878,sawyer.anderson7878@example.com,(414) 555-7878,Kenosha,WI,53140,Anderson Properties,Sam,,,
Finley,Moore7879,finley.moore7879@example.com,(414) 555-7879,Appleton,WI,54911,,,,,
Alex,Smith7880,alex.smith7880@example.com,(414) 555-7880,Milwaukee,WI,53202,,Pat,two kids,new roof last year,sump pump check
Jordan,Brown7881,jordan.brown7881@example.com,(414) 555-7881,Waukesha,WI,53186,Brown Properties,Chris,dog named Buddy,loves gardening,insurance deductible question
Sam,Miller7882,sam.miller7882@example.com,(414) 555-7882,Racine,WI,53403,,Alex,parents nearby,just remodeled kitchen,tree trim quote
Taylor,Martinez7883,taylor.martinez7883@example.com,(414) 555-7883,Madison,WI,53703,,Sam,,,
Casey,Gonzalez7884,casey.gonzalez7884@example.com,(414) 555-7884,Green Bay,WI,54301,Gonzalez Properties,,,,
Riley,Thomas7885,riley.thomas7885@example.com,(414) 555-7885,Chicago,IL,60611,,Pat,two kids,new roof last year,sump pump check
Morgan,Jackson7886,morgan.jackson7886@example.com,(414) 555-7886,Evanston,IL,60201,,Chris,dog named Buddy,loves gardening,insurance deductible question
Avery,Johnson7887,avery.johnson7887@example.com,(414) 555-7887,Brookfield,WI,53005,Johnson Properties,Alex,parents nearby,just remodeled kitchen,tree trim quote
Quinn,Jones7888,quinn.jones7888@example.com,(414) 555-7888,Kenosha,WI,53140,,Sam,,,
Jamie,Davis7889,jamie.davis7889@example.com,(414) 555-7889,Appleton,WI,54911,,,,,
Cameron,Hernandez7890,cameron.hernandez7890@example.com,(414) 555-7890,Milwaukee,WI,53202,Hernandez Properties,Pat,two kids,new roof last year,sump pump check
Drew,Wilson7891,drew.wilson7891@example.com,(414) 555-7891,Waukesha,WI,53186,,Chris,dog named Buddy,loves gardening,insurance deductible question
Reese,Taylor7892,reese.taylor7892@example.com,(414) 555-7892,Racine,WI,53403,,Alex,parents nearby,just remodeled kitchen,tree trim quote
Skyler,Martin7893,skyler.martin7893@example.com,(414) 555-7893,Madison,WI,53703,Martin Properties,Sam,,,
Parker,Williams7894,parker.williams7894@example.com,(414) 555-7894,Green Bay,WI,54301,,,,,
Blake,Garcia7895,blake.garcia7895@example.com,(414) 555-7895,Chicago,IL,60611,,Pat,two kids,new roof last year,sump pump check
Hayden,Rodriguez7896,hayden.rodriguez7896@example.com,(414) 555-7896,Evanston,IL,60201,Rodriguez Properties,Chris,dog named Buddy,loves gardening,insurance deductible question
Rowan,Lopez7897,rowan.lopez7897@example.com,(414) 555-7897,Brookfield,WI,53005,,Alex,parents nearby,just remodeled kitchen,tree trim quote
Sawyer,Anderson7898,sawyer.anderson7898@example.com,(414) 555-7898,Kenosha,WI,53140,,Sam,,,
Finley,Moore7899,finley.moore7899@example.com,(414) 555-7899,Appleton,WI,54911,Moore Properties,,,,
Alex,Smith7900,alex.smith7900@example.com,(414) 555-7900,Milwaukee,WI,53202,,Pat,two kids,new roof last year,sump pump check
Jordan,Brown7901,jordan.brown7901@example.com,(414) 555-7901,Waukesha,WI,53186,,Chris,dog named Buddy,loves gardening,insurance deductible question
Sam,Miller7902,sam.miller7902@example.com,(414) 555-7902,Racine,WI,53403,Miller Properties,Alex,parents nearby,just remodeled kitchen,tree trim quote
Taylor,Martinez7903,taylor.martinez7903@example.com,(414) 555-7903,Madison,WI,53703,,Sam,,,
Casey,Gonzalez7904,casey.gonzalez7904@example.com,(414) 555-7904,Green Bay,WI,54301,,,,,
Riley,Thomas7905,riley.thomas7905@example.com,(414) 555-7905,Chicago,IL,60611,Thomas Properties,Pat,two kids,new roof last year,sump pump check
Morgan,Jackson7906,morgan.jackson7906@example.com,(414) 555-7906,Evanston,IL,60201,,Chris,dog named Buddy,loves gardening,insurance deductible question
Avery,Johnson7907,avery.johnson7907@example.com,(414) 555-7907,Brookfield,WI,53005,,Alex,parents nearby,just remodeled kitchen,tree trim quote
Quinn,Jones7908,quinn.jones7908@example.com,(414) 555-7908,Kenosha,WI,53140,Jones Properties,Sam,,,
Jamie,Davis7909,jamie.davis7909@example.com,(414) 555-7909,Appleton,WI,54911,,,,,
Cameron,Hernandez7910,cameron.hernandez7910@example.com,(414) 555-7910,Milwaukee,WI,53202,,Pat,two kids,new roof last year,sump pump check
Drew,Wilson7911,drew.wilson7911@example.com,(414) 555-7911,Waukesha,WI,53186,Wilson Properties,Chris,dog named Buddy,loves gardening,insurance deductible question
Reese,Taylor7912,reese.taylor7912@example.com,(414) 555-7912,Racine,WI,53403,,Alex,parents nearby,just remodeled kitchen,tree trim quote
Skyler,Martin7913,skyler.martin7913@example.com,(414) 555-7913,Madison,WI,53703,,Sam,,,
Parker,Williams7914,parker.williams7914@example.com,(414) 555-7914,Green Bay,WI,54301,Williams Properties,,,,
Blake,Garcia7915,blake.garcia7915@example.com,(414) 555-7915,Chicago,IL,60611,,Pat,two kids,new roof last year,sump pump check
Hayden,Rodriguez7916,hayden.rodriguez7916@example.com,(414) 555-7916,Evanston,IL,60201,,Chris,dog named Buddy,loves gardening,insurance deductible question
Rowan,Lopez7917,rowan.lopez7917@example.com,(414) 555-7917,Brookfield,WI,53005,Lopez Properties,Alex,parents nearby,just remodeled kitchen,tree trim quote
Sawyer,Anderson7918,sawyer.anderson7918@example.com,(414) 555-7918,Kenosha,WI,53140,,Sam,,,
Finley,Moore7919,finley.moore7919@example.com,(414) 555-7919,Appleton,WI,54911,,,,,
Alex,Smith7920,alex.smith7920@example.com,(414) 555-7920,Milwaukee,WI,53202,Smith Properties,Pat,two kids,new roof last year,sump pump check
Jordan,Brown7921,jordan.brown7921@example.com,(414) 555-7921,Waukesha,WI,53186,,Chris,dog named Buddy,loves gardening,insurance deductible question
Sam,Miller7922,sam.miller7922@example.com,(414) 555-7922,Racine,WI,53403,,Alex,parents nearby,just remodeled kitchen,tree trim quote
Taylor,Martinez7923,taylor.martinez7923@example.com,(414) 555-7923,Madison,WI,53703,Martinez Properties,Sam,,,
Casey,Gonzalez7924,casey.gonzalez7924@example.com,(414) 555-7924,Green Bay,WI,54301,,,,,
Riley,Thomas7925,riley.thomas7925@example.com,(414) 555-7925,Chicago,IL,60611,,Pat,two kids,new roof last year,sump pump check
Morgan,Jackson7926,morgan.jackson7926@example.com,(414) 555-7926,Evanston,IL,60201,Jackson Properties,Chris,dog named Buddy,loves gardening,insurance deductible question
Avery,Johnson7927,avery.johnson7927@example.com,(414) 555-7927,Brookfield,WI,53005,,Alex,parents nearby,just remodeled kitchen,tree trim quote
Quinn,Jones7928,quinn.jones7928@example.com,(414) 555-7928,Kenosha,WI,53140,,Sam,,,
Jamie,Davis7929,jamie.davis7929@example.com,(414) 555-7929,Appleton,WI,54911,Davis Properties,,,,
Cameron,Hernandez7930,cameron.hernandez7930@example.com,(414) 555-7930,Milwaukee,WI,53202,,Pat,two kids,new roof last year,sump pump check
Drew,Wilson7931,drew.wilson7931@example.com,(414) 555-7931,Waukesha,WI,53186,,Chris,dog named Buddy,loves gardening,insurance deductible question
Reese,Taylor7932,reese.taylor7932@example.com,(414) 555-7932,Racine,WI,53403,Taylor Properties,Alex,parents nearby,just remodeled kitchen,tree trim quote
Skyler,Martin7933,skyler.martin7933@example.com,(414) 555-7933,Madison,WI,53703,,Sam,,,
Parker,Williams7934,parker.williams7934@example.com,(414) 555-7934,Green Bay,WI,54301,,,,,
Blake,Garcia7935,blake.garcia7935@example.com,(414) 555-7935,Chicago,IL,60611,Garcia Properties,Pat,two kids,new roof last year,sump pump check
Hayden,Rodriguez7936,hayden.rodriguez7936@example.com,(414) 555-7936,Evanston,IL,60201,,Chris,dog named Buddy,loves gardening,insurance deductible question
Rowan,Lopez7937,rowan.lopez7937@example.com,(414) 555-7937,Brookfield,WI,53005,,Alex,parents nearby,just remodeled kitchen,tree trim quote
Sawyer,Anderson7938,sawyer.anderson7938@example.com,(414) 555-7938,Kenosha,WI,53140,Anderson Properties,Sam,,,
Finley,Moore7939,finley.moore7939@example.com,(414) 555-7939,Appleton,WI,54911,,,,,
Alex,Smith7940,alex.smith7940@example.com,(414) 555-7940,Milwaukee,WI,53202,,Pat,two kids,new roof last year,sump pump check
Jordan,Brown7941,jordan.brown7941@example.com,(414) 555-7941,Waukesha,WI,53186,Brown Properties,Chris,dog named Buddy,loves gardening,insurance deductible question
Sam,Miller7942,sam.miller7942@example.com,(414) 555-7942,Racine,WI,53403,,Alex,parents nearby,just remodeled kitchen,tree trim quote
Taylor,Martinez7943,taylor.martinez7943@example.com,(414) 555-7943,Madison,WI,53703,,Sam,,,
Casey,Gonzalez7944,casey.gonzalez7944@example.com,(414) 555-7944,Green Bay,WI,54301,Gonzalez Properties,,,,
Riley,Thomas7945,riley.thomas7945@example.com,(414) 555-7945,Chicago,IL,60611,,Pat,two kids,new roof last year,sump pump check
Morgan,Jackson7946,morgan.jackson7946@example.com,(414) 555-7946,Evanston,IL,60201,,Chris,dog named Buddy,loves gardening,insurance deductible question
Avery,Johnson7947,avery.johnson7947@example.com,(414) 555-7947,Brookfield,WI,53005,Johnson Properties,Alex,parents nearby,just remodeled kitchen,tree trim quote
Quinn,Jones7948,quinn.jones7948@example.com,(414) 555-7948,Kenosha,WI,53140,,Sam,,,
Jamie,Davis7949,jamie.davis7949@example.com,(414) 555-7949,Appleton,WI,54911,,,,,
Cameron,Hernandez7950,cameron.hernandez7950@example.com,(414) 555-7950,Milwaukee,WI,53202,Hernandez Properties,Pat,two kids,new roof last year,sump pump check
Drew,Wilson7951,drew.wilson7951@example.com,(414) 555-7951,Waukesha,WI,53186,,Chris,dog named Buddy,loves gardening,insurance deductible question
Reese,Taylor7952,reese.taylor7952@example.com,(414) 555-7952,Racine,WI,53403,,Alex,parents nearby,just remodeled kitchen,tree trim quote
Skyler,Martin7953,skyler.martin7953@example.com,(414) 555-7953,Madison,WI,53703,Martin Properties,Sam,,,
Parker,Williams7954,parker.williams7954@example.com,(414) 555-7954,Green Bay,WI,54301,,,,,
Blake,Garcia7955,blake.garcia7955@example.com,(414) 555-7955,Chicago,IL,60611,,Pat,two kids,new roof last year,sump pump check
Hayden,Rodriguez7956,hayden.rodriguez7956@example.com,(414) 555-7956,Evanston,IL,60201,Rodriguez Properties,Chris,dog named Buddy,loves gardening,insurance deductible question
Rowan,Lopez7957,rowan.lopez7957@example.com,(414) 555-7957,Brookfield,WI,53005,,Alex,parents nearby,just remodeled kitchen,tree trim quote
Sawyer,Anderson7958,sawyer.anderson7958@example.com,(414) 555-7958,Kenosha,WI,53140,,Sam,,,
Finley,Moore7959,finley.moore7959@example.com,(414) 555-7959,Appleton,WI,54911,Moore Properties,,,,
Alex,Smith7960,alex.smith7960@example.com,(414) 555-7960,Milwaukee,WI,53202,,Pat,two kids,new roof last year,sump pump check
Jordan,Brown7961,jordan.brown7961@example.com,(414) 555-7961,Waukesha,WI,53186,,Chris,dog named Buddy,loves gardening,insurance deductible question
Sam,Miller7962,sam.miller7962@example.com,(414) 555-7962,Racine,WI,53403,Miller Properties,Alex,parents nearby,just remodeled kitchen,tree trim quote
Taylor,Martinez7963,taylor.martinez7963@example.com,(414) 555-7963,Madison,WI,53703,,Sam,,,
Casey,Gonzalez7964,casey.gonzalez7964@example.com,(414) 555-7964,Green Bay,WI,54301,,,,,
Riley,Thomas7965,riley.thomas7965@example.com,(414) 555-7965,Chicago,IL,60611,Thomas Properties,Pat,two kids,new roof last year,sump pump check
Morgan,Jackson7966,morgan.jackson7966@example.com,(414) 555-7966,Evanston,IL,60201,,Chris,dog named Buddy,loves gardening,insurance deductible question
Avery,Johnson7967,avery.johnson7967@example.com,(414) 555-7967,Brookfield,WI,53005,,Alex,parents nearby,just remodeled kitchen,tree trim quote
Quinn,Jones7968,quinn.jones7968@example.com,(414) 555-7968,Kenosha,WI,53140,Jones Properties,Sam,,,
Jamie,Davis7969,jamie.davis7969@example.com,(414) 555-7969,Appleton,WI,54911,,,,,
Cameron,Hernandez7970,cameron.hernandez7970@example.com,(414) 555-7970,Milwaukee,WI,53202,,Pat,two kids,new roof last year,sump pump check
Drew,Wilson7971,drew.wilson7971@example.com,(414) 555-7971,Waukesha,WI,53186,Wilson Properties,Chris,dog named Buddy,loves gardening,insurance deductible question
Reese,Taylor7972,reese.taylor7972@example.com,(414) 555-7972,Racine,WI,53403,,Alex,parents nearby,just remodeled kitchen,tree trim quote
Skyler,Martin7973,skyler.martin7973@example.com,(414) 555-7973,Madison,WI,53703,,Sam,,,
Parker,Williams7974,parker.williams7974@example.com,(414) 555-7974,Green Bay,WI,54301,Williams Properties,,,,
Blake,Garcia7975,blake.garcia7975@example.com,(414) 555-7975,Chicago,IL,60611,,Pat,two kids,new roof last year,sump pump check
Hayden,Rodriguez7976,hayden.rodriguez7976@example.com,(414) 555-7976,Evanston,IL,60201,,Chris,dog named Buddy,loves gardening,insurance deductible question
Rowan,Lopez7977,rowan.lopez7977@example.com,(414) 555-7977,Brookfield,WI,53005,Lopez Properties,Alex,parents nearby,just remodeled kitchen,tree trim quote
Sawyer,Anderson7978,sawyer.anderson7978@example.com,(414) 555-7978,Kenosha,WI,53140,,Sam,,,
Finley,Moore7979,finley.moore7979@example.com,(414) 555-7979,Appleton,WI,54911,,,,,
Alex,Smith7980,alex.smith7980@example.com,(414) 555-7980,Milwaukee,WI,53202,Smith Properties,Pat,two kids,new roof last year,sump pump check
Jordan,Brown7981,jordan.brown7981@example.com,(414) 555-7981,Waukesha,WI,53186,,Chris,dog named Buddy,loves gardening,insurance deductible question
Sam,Miller7982,sam.miller7982@example.com,(414) 555-7982,Racine,WI,53403,,Alex,parents nearby,just remodeled kitchen,tree trim quote
Taylor,Martinez7983,taylor.martinez7983@example.com,(414) 555-7983,Madison,WI,53703,Martinez Properties,Sam,,,
Casey,Gonzalez7984,casey.gonzalez7984@example.com,(414) 555-7984,Green Bay,WI,54301,,,,,
Riley,Thomas7985,riley.thomas7985@example.com,(414) 555-7985,Chicago,IL,60611,,Pat,two kids,new roof last year,sump pump check
Morgan,Jackson7986,morgan.jackson7986@example.com,(414) 555-7986,Evanston,IL,60201,Jackson Properties,Chris,dog named Buddy,loves gardening,insurance deductible question
Avery,Johnson7987,avery.johnson7987@example.com,(414) 555-7987,Brookfield,WI,53005,,Alex,parents nearby,just remodeled kitchen,tree trim quote
Quinn,Jones7988,quinn.jones7988@example.com,(414) 555-7988,Kenosha,WI,53140,,Sam,,,
Jamie,Davis7989,jamie.davis7989@example.com,(414) 555-7989,Appleton,WI,54911,Davis Properties,,,,
Cameron,Hernandez7990,cameron.hernandez7990@example.com,(414) 555-7990,Milwaukee,WI,53202,,Pat,two kids,new roof last year,sump pump check
Drew,Wilson7991,drew.wilson7991@example.com,(414) 555-7991,Waukesha,WI,53186,,Chris,dog named Buddy,loves gardening,insurance deductible question
Reese,Taylor7992,reese.taylor7992@example.com,(414) 555-7992,Racine,WI,53403,Taylor Properties,Alex,parents nearby,just remodeled kitchen,tree trim quote
Skyler,Martin7993,skyler.martin7993@example.com,(414) 555-7993,Madison,WI,53703,,Sam,,,
Parker,Williams7994,parker.williams7994@example.com,(414) 555-7994,Green Bay,WI,54301,,,,,
Blake,Garcia7995,blake.garcia7995@example.com,(414) 555-7995,Chicago,IL,60611,Garcia Properties,Pat,two kids,new roof last year,sump pump check
Hayden,Rodriguez7996,hayden.rodriguez7996@example.com,(414) 555-7996,Evanston,IL,60201,,Chris,dog named Buddy,loves gardening,insurance deductible question
Rowan,Lopez7997,rowan.lopez7997@example.com,(414) 555-7997,Brookfield,WI,53005,,Alex,parents nearby,just remodeled kitchen,tree trim quote
Sawyer,Anderson7998,sawyer.anderson7998@example.com,(414) 555-7998,Kenosha,WI,53140,Anderson Properties,Sam,,,
Finley,Moore7999,finley.moore7999@example.com,(414) 555-7999,Appleton,WI,54911,,,,,
Alex,Smith8000,alex.smith8000@example.com,(414) 555-8000,Milwaukee,WI,53202,,Pat,two kids,new roof last year,sump pump check
Jordan,Brown8001,jordan.brown8001@example.com,(414) 555-8001,Waukesha,WI,53186,Brown Properties,Chris,dog named Buddy,loves gardening,insurance deductible question
Sam,Miller8002,sam.miller8002@example.com,(414) 555-8002,Racine,WI,53403,,Alex,parents nearby,just remodeled kitchen,tree trim quote
Taylor,Martinez8003,taylor.martinez8003@example.com,(414) 555-8003,Madison,WI,53703,,Sam,,,
Casey,Gonzalez8004,casey.gonzalez8004@example.com,(414) 555-8004,Green Bay,WI,54301,Gonzalez Properties,,,,
Riley,Thomas8005,riley.thomas8005@example.com,(414) 555-8005,Chicago,IL,60611,,Pat,two kids,new roof last year,sump pump check
Morgan,Jackson8006,morgan.jackson8006@example.com,(414) 555-8006,Evanston,IL,60201,,Chris,dog named Buddy,loves gardening,insurance deductible question
Avery,Johnson8007,avery.johnson8007@example.com,(414) 555-8007,Brookfield,WI,53005,Johnson Properties,Alex,parents nearby,just remodeled kitchen,tree trim quote
Quinn,Jones8008,quinn.jones8008@example.com,(414) 555-8008,Kenosha,WI,53140,,Sam,,,
Jamie,Davis8009,jamie.davis8009@example.com,(414) 555-8009,Appleton,WI,54911,,,,,
Cameron,Hernandez8010,cameron.hernandez8010@example.com,(414) 555-8010,Milwaukee,WI,53202,Hernandez Properties,Pat,two kids,new roof last year,sump pump check
Drew,Wilson8011,drew.wilson8011@example.com,(414) 555-8011,Waukesha,WI,53186,,Chris,dog named Buddy,loves gardening,insurance deductible question
Reese,Taylor8012,reese.taylor8012@example.com,(414) 555-8012,Racine,WI,53403,,Alex,parents nearby,just remodeled kitchen,tree trim quote
Skyler,Martin8013,skyler.martin8013@example.com,(414) 555-8013,Madison,WI,53703,Martin Properties,Sam,,,
Parker,Williams8014,parker.williams8014@example.com,(414) 555-8014,Green Bay,WI,54301,,,,,
Blake,Garcia8015,blake.garcia8015@example.com,(414) 555-8015,Chicago,IL,60611,,Pat,two kids,new roof last year,sump pump check
Hayden,Rodriguez8016,hayden.rodriguez8016@example.com,(414) 555-8016,Evanston,IL,60201,Rodriguez Properties,Chris,dog named Buddy,loves gardening,insurance deductible question
Rowan,Lopez8017,rowan.lopez8017@example.com,(414) 555-8017,Brookfield,WI,53005,,Alex,parents nearby,just remodeled kitchen,tree trim quote
Sawyer,Anderson8018,sawyer.anderson8018@example.com,(414) 555-8018,Kenosha,WI,53140,,Sam,,,
Finley,Moore8019,finley.moore8019@example.com,(414) 555-8019,Appleton,WI,54911,Moore Properties,,,,
Alex,Smith8020,alex.smith8020@example.com,(414) 555-8020,Milwaukee,WI,53202,,Pat,two kids,new roof last year,sump pump check
Jordan,Brown8021,jordan.brown8021@example.com,(414) 555-8021,Waukesha,WI,53186,,Chris,dog named Buddy,loves gardening,insurance deductible question
Sam,Miller8022,sam.miller8022@example.com,(414) 555-8022,Racine,WI,53403,Miller Properties,Alex,parents nearby,just remodeled kitchen,tree trim quote
Taylor,Martinez8023,taylor.martinez8023@example.com,(414) 555-8023,Madison,WI,53703,,Sam,,,
Casey,Gonzalez8024,casey.gonzalez8024@example.com,(414) 555-8024,Green Bay,WI,54301,,,,,
Riley,Thomas8025,riley.thomas8025@example.com,(414) 555-8025,Chicago,IL,60611,Thomas Properties,Pat,two kids,new roof last year,sump pump check
Morgan,Jackson8026,morgan.jackson8026@example.com,(414) 555-8026,Evanston,IL,60201,,Chris,dog named Buddy,loves gardening,insurance deductible question
Avery,Johnson8027,avery.johnson8027@example.com,(414) 555-8027,Brookfield,WI,53005,,Alex,parents nearby,just remodeled kitchen,tree trim quote
Quinn,Jones8028,quinn.jones8028@example.com,(414) 555-8028,Kenosha,WI,53140,Jones Properties,Sam,,,
Jamie,Davis8029,jamie.davis8029@example.com,(414) 555-8029,Appleton,WI,54911,,,,,
Cameron,Hernandez8030,cameron.hernandez8030@example.com,(414) 555-8030,Milwaukee,WI,53202,,Pat,two kids,new roof last year,sump pump check
Drew,Wilson8031,drew.wilson8031@example.com,(414) 555-8031,Waukesha,WI,53186,Wilson Properties,Chris,dog named Buddy,loves gardening,insurance deductible question
Reese,Taylor8032,reese.taylor8032@example.com,(414) 555-8032,Racine,WI,53403,,Alex,parents nearby,just remodeled kitchen,tree trim quote
Skyler,Martin8033,skyler.martin8033@example.com,(414) 555-8033,Madison,WI,53703,,Sam,,,
Parker,Williams8034,parker.williams8034@example.com,(414) 555-8034,Green Bay,WI,54301,Williams Properties,,,,
Blake,Garcia8035,blake.garcia8035@example.com,(414) 555-8035,Chicago,IL,60611,,Pat,two kids,new roof last year,sump pump check
Hayden,Rodriguez8036,hayden.rodriguez8036@example.com,(414) 555-8036,Evanston,IL,60201,,Chris,dog named Buddy,loves gardening,insurance deductible question
Rowan,Lopez8037,rowan.lopez8037@example.com,(414) 555-8037,Brookfield,WI,53005,Lopez Properties,Alex,parents nearby,just remodeled kitchen,tree trim quote
Sawyer,Anderson8038,sawyer.anderson8038@example.com,(414) 555-8038,Kenosha,WI,53140,,Sam,,,
Finley,Moore8039,finley.moore8039@example.com,(414) 555-8039,Appleton,WI,54911,,,,,
Alex,Smith8040,alex.smith8040@example.com,(414) 555-8040,Milwaukee,WI,53202,Smith Properties,Pat,two kids,new roof last year,sump pump check
Jordan,Brown8041,jordan.brown8041@example.com,(414) 555-8041,Waukesha,WI,53186,,Chris,dog named Buddy,loves gardening,insurance deductible question
Sam,Miller8042,sam.miller8042@example.com,(414) 555-8042,Racine,WI,53403,,Alex,parents nearby,just remodeled kitchen,tree trim quote
Taylor,Martinez8043,taylor.martinez8043@example.com,(414) 555-8043,Madison,WI,53703,Martinez Properties,Sam,,,
Casey,Gonzalez8044,casey.gonzalez8044@example.com,(414) 555-8044,Green Bay,WI,54301,,,,,
Riley,Thomas8045,riley.thomas8045@example.com,(414) 555-8045,Chicago,IL,60611,,Pat,two kids,new roof last year,sump pump check
Morgan,Jackson8046,morgan.jackson8046@example.com,(414) 555-8046,Evanston,IL,60201,Jackson Properties,Chris,dog named Buddy,loves gardening,insurance deductible question
Avery,Johnson8047,avery.johnson8047@example.com,(414) 555-8047,Brookfield,WI,53005,,Alex,parents nearby,just remodeled kitchen,tree trim quote
Quinn,Jones8048,quinn.jones8048@example.com,(414) 555-8048,Kenosha,WI,53140,,Sam,,,
Jamie,Davis8049,jamie.davis8049@example.com,(414) 555-8049,Appleton,WI,54911,Davis Properties,,,,
Cameron,Hernandez8050,cameron.hernandez8050@example.com,(414) 555-8050,Milwaukee,WI,53202,,Pat,two kids,new roof last year,sump pump check
Drew,Wilson8051,drew.wilson8051@example.com,(414) 555-8051,Waukesha,WI,53186,,Chris,dog named Buddy,loves gardening,insurance deductible question
Reese,Taylor8052,reese.taylor8052@example.com,(414) 555-8052,Racine,WI,53403,Taylor Properties,Alex,parents nearby,just remodeled kitchen,tree trim quote
Skyler,Martin8053,skyler.martin8053@example.com,(414) 555-8053,Madison,WI,53703,,Sam,,,
Parker,Williams8054,parker.williams8054@example.com,(414) 555-8054,Green Bay,WI,54301,,,,,
Blake,Garcia8055,blake.garcia8055@example.com,(414) 555-8055,Chicago,IL,60611,Garcia Properties,Pat,two kids,new roof last year,sump pump check
Hayden,Rodriguez8056,hayden.rodriguez8056@example.com,(414) 555-8056,Evanston,IL,60201,,Chris,dog named Buddy,loves gardening,insurance deductible question
Rowan,Lopez8057,rowan.lopez8057@example.com,(414) 555-8057,Brookfield,WI,53005,,Alex,parents nearby,just remodeled kitchen,tree trim quote
Sawyer,Anderson8058,sawyer.anderson8058@example.com,(414) 555-8058,Kenosha,WI,53140,Anderson Properties,Sam,,,
Finley,Moore8059,finley.moore8059@example.com,(414) 555-8059,Appleton,WI,54911,,,,,
Alex,Smith8060,alex.smith8060@example.com,(414) 555-8060,Milwaukee,WI,53202,,Pat,two kids,new roof last year,sump pump check
Jordan,Brown8061,jordan.brown8061@example.com,(414) 555-8061,Waukesha,WI,53186,Brown Properties,Chris,dog named Buddy,loves gardening,insurance deductible question
Sam,Miller8062,sam.miller8062@example.com,(414) 555-8062,Racine,WI,53403,,Alex,parents nearby,just remodeled kitchen,tree trim quote
Taylor,Martinez8063,taylor.martinez8063@example.com,(414) 555-8063,Madison,WI,53703,,Sam,,,
Casey,Gonzalez8064,casey.gonzalez8064@example.com,(414) 555-8064,Green Bay,WI,54301,Gonzalez Properties,,,,
Riley,Thomas8065,riley.thomas8065@example.com,(414) 555-8065,Chicago,IL,60611,,Pat,two kids,new roof last year,sump pump check
Morgan,Jackson8066,morgan.jackson8066@example.com,(414) 555-8066,Evanston,IL,60201,,Chris,dog named Buddy,loves gardening,insurance deductible question
Avery,Johnson8067,avery.johnson8067@example.com,(414) 555-8067,Brookfield,WI,53005,Johnson Properties,Alex,parents nearby,just remodeled kitchen,tree trim quote
Quinn,Jones8068,quinn.jones8068@example.com,(414) 555-8068,Kenosha,WI,53140,,Sam,,,
Jamie,Davis8069,jamie.davis8069@example.com,(414) 555-8069,Appleton,WI,54911,,,,,
Cameron,Hernandez8070,cameron.hernandez8070@example.com,(414) 555-8070,Milwaukee,WI,53202,Hernandez Properties,Pat,two kids,new roof last year,sump pump check
Drew,Wilson8071,drew.wilson8071@example.com,(414) 555-8071,Waukesha,WI,53186,,Chris,dog named Buddy,loves gardening,insurance deductible question
Reese,Taylor8072,reese.taylor8072@example.com,(414) 555-8072,Racine,WI,53403,,Alex,parents nearby,just remodeled kitchen,tree trim quote
Skyler,Martin8073,skyler.martin8073@example.com,(414) 555-8073,Madison,WI,53703,Martin Properties,Sam,,,
Parker,Williams8074,parker.williams8074@example.com,(414) 555-8074,Green Bay,WI,54301,,,,,
Blake,Garcia8075,blake.garcia8075@example.com,(414) 555-8075,Chicago,IL,60611,,Pat,two kids,new roof last year,sump pump check
Hayden,Rodriguez8076,hayden.rodriguez8076@example.com,(414) 555-8076,Evanston,IL,60201,Rodriguez Properties,Chris,dog named Buddy,loves gardening,insurance deductible question
Rowan,Lopez8077,rowan.lopez8077@example.com,(414) 555-8077,Brookfield,WI,53005,,Alex,parents nearby,just remodeled kitchen,tree trim quote
Sawyer,Anderson8078,sawyer.anderson8078@example.com,(414) 555-8078,Kenosha,WI,53140,,Sam,,,
Finley,Moore8079,finley.moore8079@example.com,(414) 555-8079,Appleton,WI,54911,Moore Properties,,,,
Alex,Smith8080,alex.smith8080@example.com,(414) 555-8080,Milwaukee,WI,53202,,Pat,two kids,new roof last year,sump pump check
Jordan,Brown8081,jordan.brown8081@example.com,(414) 555-8081,Waukesha,WI,53186,,Chris,dog named Buddy,loves gardening,insurance deductible question
Sam,Miller8082,sam.miller8082@example.com,(414) 555-8082,Racine,WI,53403,Miller Properties,Alex,parents nearby,just remodeled kitchen,tree trim quote
Taylor,Martinez8083,taylor.martinez8083@example.com,(414) 555-8083,Madison,WI,53703,,Sam,,,
Casey,Gonzalez8084,casey.gonzalez8084@example.com,(414) 555-8084,Green Bay,WI,54301,,,,,
Riley,Thomas8085,riley.thomas8085@example.com,(414) 555-8085,Chicago,IL,60611,Thomas Properties,Pat,two kids,new roof last year,sump pump check
Morgan,Jackson8086,morgan.jackson8086@example.com,(414) 555-8086,Evanston,IL,60201,,Chris,dog named Buddy,loves gardening,insurance deductible question
Avery,Johnson8087,avery.johnson8087@example.com,(414) 555-8087,Brookfield,WI,53005,,Alex,parents nearby,just remodeled kitchen,tree trim quote
Quinn,Jones8088,quinn.jones8088@example.com,(414) 555-8088,Kenosha,WI,53140,Jones Properties,Sam,,,
Jamie,Davis8089,jamie.davis8089@example.com,(414) 555-8089,Appleton,WI,54911,,,,,
Cameron,Hernandez8090,cameron.hernandez8090@example.com,(414) 555-8090,Milwaukee,WI,53202,,Pat,two kids,new roof last year,sump pump check
Drew,Wilson8091,drew.wilson8091@example.com,(414) 555-8091,Waukesha,WI,53186,Wilson Properties,Chris,dog named Buddy,loves gardening,insurance deductible question
Reese,Taylor8092,reese.taylor8092@example.com,(414) 555-8092,Racine,WI,53403,,Alex,parents nearby,just remodeled kitchen,tree trim quote
Skyler,Martin8093,skyler.martin8093@example.com,(414) 555-8093,Madison,WI,53703,,Sam,,,
Parker,Williams8094,parker.williams8094@example.com,(414) 555-8094,Green Bay,WI,54301,Williams Properties,,,,
Blake,Garcia8095,blake.garcia8095@example.com,(414) 555-8095,Chicago,IL,60611,,Pat,two kids,new roof last year,sump pump check
Hayden,Rodriguez8096,hayden.rodriguez8096@example.com,(414) 555-8096,Evanston,IL,60201,,Chris,dog named Buddy,loves gardening,insurance deductible question
Rowan,Lopez8097,rowan.lopez8097@example.com,(414) 555-8097,Brookfield,WI,53005,Lopez Properties,Alex,parents nearby,just remodeled kitchen,tree trim quote
Sawyer,Anderson8098,sawyer.anderson8098@example.com,(414) 555-8098,Kenosha,WI,53140,,Sam,,,
Finley,Moore8099,finley.moore8099@example.com,(414) 555-8099,Appleton,WI,54911,,,,,
Alex,Smith8100,alex.smith8100@example.com,(414) 555-8100,Milwaukee,WI,53202,Smith Properties,Pat,two kids,new roof last year,sump pump check
Jordan,Brown8101,jordan.brown8101@example.com,(414) 555-8101,Waukesha,WI,53186,,Chris,dog named Buddy,loves gardening,insurance deductible question
Sam,Miller8102,sam.miller8102@example.com,(414) 555-8102,Racine,WI,53403,,Alex,parents nearby,just remodeled kitchen,tree trim quote
Taylor,Martinez8103,taylor.martinez8103@example.com,(414) 555-8103,Madison,WI,53703,Martinez Properties,Sam,,,
Casey,Gonzalez8104,casey.gonzalez8104@example.com,(414) 555-8104,Green Bay,WI,54301,,,,,
Riley,Thomas8105,riley.thomas8105@example.com,(414) 555-8105,Chicago,IL,60611,,Pat,two kids,new roof last year,sump pump check
Morgan,Jackson8106,morgan.jackson8106@example.com,(414) 555-8106,Evanston,IL,60201,Jackson Properties,Chris,dog named Buddy,loves gardening,insurance deductible question
Avery,Johnson8107,avery.johnson8107@example.com,(414) 555-8107,Brookfield,WI,53005,,Alex,parents nearby,just remodeled kitchen,tree trim quote
Quinn,Jones8108,quinn.jones8108@example.com,(414) 555-8108,Kenosha,WI,53140,,Sam,,,
Jamie,Davis8109,jamie.davis8109@example.com,(414) 555-8109,Appleton,WI,54911,Davis Properties,,,,
Cameron,Hernandez8110,cameron.hernandez8110@example.com,(414) 555-8110,Milwaukee,WI,53202,,Pat,two kids,new roof last year,sump pump check
Drew,Wilson8111,drew.wilson8111@example.com,(414) 555-8111,Waukesha,WI,53186,,Chris,dog named Buddy,loves gardening,insurance deductible question
Reese,Taylor8112,reese.taylor8112@example.com,(414) 555-8112,Racine,WI,53403,Taylor Properties,Alex,parents nearby,just remodeled kitchen,tree trim quote
Skyler,Martin8113,skyler.martin8113@example.com,(414) 555-8113,Madison,WI,53703,,Sam,,,
Parker,Williams8114,parker.williams8114@example.com,(414) 555-8114,Green Bay,WI,54301,,,,,
Blake,Garcia8115,blake.garcia8115@example.com,(414) 555-8115,Chicago,IL,60611,Garcia Properties,Pat,two kids,new roof last year,sump pump check
Hayden,Rodriguez8116,hayden.rodriguez8116@example.com,(414) 555-8116,Evanston,IL,60201,,Chris,dog named Buddy,loves gardening,insurance deductible question
Rowan,Lopez8117,rowan.lopez8117@example.com,(414) 555-8117,Brookfield,WI,53005,,Alex,parents nearby,just remodeled kitchen,tree trim quote
Sawyer,Anderson8118,sawyer.anderson8118@example.com,(414) 555-8118,Kenosha,WI,53140,Anderson Properties,Sam,,,
Finley,Moore8119,finley.moore8119@example.com,(414) 555-8119,Appleton,WI,54911,,,,,
Alex,Smith8120,alex.smith8120@example.com,(414) 555-8120,Milwaukee,WI,53202,,Pat,two kids,new roof last year,sump pump check
Jordan,Brown8121,jordan.brown8121@example.com,(414) 555-8121,Waukesha,WI,53186,Brown Properties,Chris,dog named Buddy,loves gardening,insurance deductible question
Sam,Miller8122,sam.miller8122@example.com,(414) 555-8122,Racine,WI,53403,,Alex,parents nearby,just remodeled kitchen,tree trim quote
Taylor,Martinez8123,taylor.martinez8123@example.com,(414) 555-8123,Madison,WI,53703,,Sam,,,
Casey,Gonzalez8124,casey.gonzalez8124@example.com,(414) 555-8124,Green Bay,WI,54301,Gonzalez Properties,,,,
Riley,Thomas8125,riley.thomas8125@example.com,(414) 555-8125,Chicago,IL,60611,,Pat,two kids,new roof last year,sump pump check
Morgan,Jackson8126,morgan.jackson8126@example.com,(414) 555-8126,Evanston,IL,60201,,Chris,dog named Buddy,loves gardening,insurance deductible question
Avery,Johnson8127,avery.johnson8127@example.com,(414) 555-8127,Brookfield,WI,53005,Johnson Properties,Alex,parents nearby,just remodeled kitchen,tree trim quote
Quinn,Jones8128,quinn.jones8128@example.com,(414) 555-8128,Kenosha,WI,53140,,Sam,,,
Jamie,Davis8129,jamie.davis8129@example.com,(414) 555-8129,Appleton,WI,54911,,,,,
Cameron,Hernandez8130,cameron.hernandez8130@example.com,(414) 555-8130,Milwaukee,WI,53202,Hernandez Properties,Pat,two kids,new roof last year,sump pump check
Drew,Wilson8131,drew.wilson8131@example.com,(414) 555-8131,Waukesha,WI,53186,,Chris,dog named Buddy,loves gardening,insurance deductible question
Reese,Taylor8132,reese.taylor8132@example.com,(414) 555-8132,Racine,WI,53403,,Alex,parents nearby,just remodeled kitchen,tree trim quote
Skyler,Martin8133,skyler.martin8133@example.com,(414) 555-8133,Madison,WI,53703,Martin Properties,Sam,,,
Parker,Williams8134,parker.williams8134@example.com,(414) 555-8134,Green Bay,WI,54301,,,,,
Blake,Garcia8135,blake.garcia8135@example.com,(414) 555-8135,Chicago,IL,60611,,Pat,two kids,new roof last year,sump pump check
Hayden,Rodriguez8136,hayden.rodriguez8136@example.com,(414) 555-8136,Evanston,IL,60201,Rodriguez Properties,Chris,dog named Buddy,loves gardening,insurance deductible question
Rowan,Lopez8137,rowan.lopez8137@example.com,(414) 555-8137,Brookfield,WI,53005,,Alex,parents nearby,just remodeled kitchen,tree trim quote
Sawyer,Anderson8138,sawyer.anderson8138@example.com,(414) 555-8138,Kenosha,WI,53140,,Sam,,,
Finley,Moore8139,finley.moore8139@example.com,(414) 555-8139,Appleton,WI,54911,Moore Properties,,,,
Alex,Smith8140,alex.smith8140@example.com,(414) 555-8140,Milwaukee,WI,53202,,Pat,two kids,new roof last year,sump pump check
Jordan,Brown8141,jordan.brown8141@example.com,(414) 555-8141,Waukesha,WI,53186,,Chris,dog named Buddy,loves gardening,insurance deductible question
Sam,Miller8142,sam.miller8142@example.com,(414) 555-8142,Racine,WI,53403,Miller Properties,Alex,parents nearby,just remodeled kitchen,tree trim quote
Taylor,Martinez8143,taylor.martinez8143@example.com,(414) 555-8143,Madison,WI,53703,,Sam,,,
Casey,Gonzalez8144,casey.gonzalez8144@example.com,(414) 555-8144,Green Bay,WI,54301,,,,,
Riley,Thomas8145,riley.thomas8145@example.com,(414) 555-8145,Chicago,IL,60611,Thomas Properties,Pat,two kids,new roof last year,sump pump check
Morgan,Jackson8146,morgan.jackson8146@example.com,(414) 555-8146,Evanston,IL,60201,,Chris,dog named Buddy,loves gardening,insurance deductible question
Avery,Johnson8147,avery.johnson8147@example.com,(414) 555-8147,Brookfield,WI,53005,,Alex,parents nearby,just remodeled kitchen,tree trim quote
Quinn,Jones8148,quinn.jones8148@example.com,(414) 555-8148,Kenosha,WI,53140,Jones Properties,Sam,,,
Jamie,Davis8149,jamie.davis8149@example.com,(414) 555-8149,Appleton,WI,54911,,,,,
Cameron,Hernandez8150,cameron.hernandez8150@example.com,(414) 555-8150,Milwaukee,WI,53202,,Pat,two kids,new roof last year,sump pump check
Drew,Wilson8151,drew.wilson8151@example.com,(414) 555-8151,Waukesha,WI,53186,Wilson Properties,Chris,dog named Buddy,loves gardening,insurance deductible question
Reese,Taylor8152,reese.taylor8152@example.com,(414) 555-8152,Racine,WI,53403,,Alex,parents nearby,just remodeled kitchen,tree trim quote
Skyler,Martin8153,skyler.martin8153@example.com,(414) 555-8153,Madison,WI,53703,,Sam,,,
Parker,Williams8154,parker.williams8154@example.com,(414) 555-8154,Green Bay,WI,54301,Williams Properties,,,,
Blake,Garcia8155,blake.garcia8155@example.com,(414) 555-8155,Chicago,IL,60611,,Pat,two kids,new roof last year,sump pump check
Hayden,Rodriguez8156,hayden.rodriguez8156@example.com,(414) 555-8156,Evanston,IL,60201,,Chris,dog named Buddy,loves gardening,insurance deductible question
Rowan,Lopez8157,rowan.lopez8157@example.com,(414) 555-8157,Brookfield,WI,53005,Lopez Properties,Alex,parents nearby,just remodeled kitchen,tree trim quote
Sawyer,Anderson8158,sawyer.anderson8158@example.com,(414) 555-8158,Kenosha,WI,53140,,Sam,,,
Finley,Moore8159,finley.moore8159@example.com,(414) 555-8159,Appleton,WI,54911,,,,,
Alex,Smith8160,alex.smith8160@example.com,(414) 555-8160,Milwaukee,WI,53202,Smith Properties,Pat,two kids,new roof last year,sump pump check
Jordan,Brown8161,jordan.brown8161@example.com,(414) 555-8161,Waukesha,WI,53186,,Chris,dog named Buddy,loves gardening,insurance deductible question
Sam,Miller8162,sam.miller8162@example.com,(414) 555-8162,Racine,WI,53403,,Alex,parents nearby,just remodeled kitchen,tree trim quote
Taylor,Martinez8163,taylor.martinez8163@example.com,(414) 555-8163,Madison,WI,53703,Martinez Properties,Sam,,,
Casey,Gonzalez8164,casey.gonzalez8164@example.com,(414) 555-8164,Green Bay,WI,54301,,,,,
Riley,Thomas8165,riley.thomas8165@example.com,(414) 555-8165,Chicago,IL,60611,,Pat,two kids,new roof last year,sump pump check
Morgan,Jackson8166,morgan.jackson8166@example.com,(414) 555-8166,Evanston,IL,60201,Jackson Properties,Chris,dog named Buddy,loves gardening,insurance deductible question
Avery,Johnson8167,avery.johnson8167@example.com,(414) 555-8167,Brookfield,WI,53005,,Alex,parents nearby,just remodeled kitchen,tree trim quote
Quinn,Jones8168,quinn.jones8168@example.com,(414) 555-8168,Kenosha,WI,53140,,Sam,,,
Jamie,Davis8169,jamie.davis8169@example.com,(414) 555-8169,Appleton,WI,54911,Davis Properties,,,,
Cameron,Hernandez8170,cameron.hernandez8170@example.com,(414) 555-8170,Milwaukee,WI,53202,,Pat,two kids,new roof last year,sump pump check
Drew,Wilson8171,drew.wilson8171@example.com,(414) 555-8171,Waukesha,WI,53186,,Chris,dog named Buddy,loves gardening,insurance deductible question
Reese,Taylor8172,reese.taylor8172@example.com,(414) 555-8172,Racine,WI,53403,Taylor Properties,Alex,parents nearby,just remodeled kitchen,tree trim quote
Skyler,Martin8173,skyler.martin8173@example.com,(414) 555-8173,Madison,WI,53703,,Sam,,,
Parker,Williams8174,parker.williams8174@example.com,(414) 555-8174,Green Bay,WI,54301,,,,,
Blake,Garcia8175,blake.garcia8175@example.com,(414) 555-8175,Chicago,IL,60611,Garcia Properties,Pat,two kids,new roof last year,sump pump check
Hayden,Rodriguez8176,hayden.rodriguez8176@example.com,(414) 555-8176,Evanston,IL,60201,,Chris,dog named Buddy,loves gardening,insurance deductible question
Rowan,Lopez8177,rowan.lopez8177@example.com,(414) 555-8177,Brookfield,WI,53005,,Alex,parents nearby,just remodeled kitchen,tree trim quote
Sawyer,Anderson8178,sawyer.anderson8178@example.com,(414) 555-8178,Kenosha,WI,53140,Anderson Properties,Sam,,,
Finley,Moore8179,finley.moore8179@example.com,(414) 555-8179,Appleton,WI,54911,,,,,
Alex,Smith8180,alex.smith8180@example.com,(414) 555-8180,Milwaukee,WI,53202,,Pat,two kids,new roof last year,sump pump check
Jordan,Brown8181,jordan.brown8181@example.com,(414) 555-8181,Waukesha,WI,53186,Brown Properties,Chris,dog named Buddy,loves gardening,insurance deductible question
Sam,Miller8182,sam.miller8182@example.com,(414) 555-8182,Racine,WI,53403,,Alex,parents nearby,just remodeled kitchen,tree trim quote
Taylor,Martinez8183,taylor.martinez8183@example.com,(414) 555-8183,Madison,WI,53703,,Sam,,,
Casey,Gonzalez8184,casey.gonzalez8184@example.com,(414) 555-8184,Green Bay,WI,54301,Gonzalez Properties,,,,
Riley,Thomas8185,riley.thomas8185@example.com,(414) 555-8185,Chicago,IL,60611,,Pat,two kids,new roof last year,sump pump check
Morgan,Jackson8186,morgan.jackson8186@example.com,(414) 555-8186,Evanston,IL,60201,,Chris,dog named Buddy,loves gardening,insurance deductible question
Avery,Johnson8187,avery.johnson8187@example.com,(414) 555-8187,Brookfield,WI,53005,Johnson Properties,Alex,parents nearby,just remodeled kitchen,tree trim quote
Quinn,Jones8188,quinn.jones8188@example.com,(414) 555-8188,Kenosha,WI,53140,,Sam,,,
Jamie,Davis8189,jamie.davis8189@example.com,(414) 555-8189,Appleton,WI,54911,,,,,
Cameron,Hernandez8190,cameron.hernandez8190@example.com,(414) 555-8190,Milwaukee,WI,53202,Hernandez Properties,Pat,two kids,new roof last year,sump pump check
Drew,Wilson8191,drew.wilson8191@example.com,(414) 555-8191,Waukesha,WI,53186,,Chris,dog named Buddy,loves gardening,insurance deductible question
Reese,Taylor8192,reese.taylor8192@example.com,(414) 555-8192,Racine,WI,53403,,Alex,parents nearby,just remodeled kitchen,tree trim quote
Skyler,Martin8193,skyler.martin8193@example.com,(414) 555-8193,Madison,WI,53703,Martin Properties,Sam,,,
Parker,Williams8194,parker.williams8194@example.com,(414) 555-8194,Green Bay,WI,54301,,,,,
Blake,Garcia8195,blake.garcia8195@example.com,(414) 555-8195,Chicago,IL,60611,,Pat,two kids,new roof last year,sump pump check
Hayden,Rodriguez8196,hayden.rodriguez8196@example.com,(414) 555-8196,Evanston,IL,60201,Rodriguez Properties,Chris,dog named Buddy,loves gardening,insurance deductible question
Rowan,Lopez8197,rowan.lopez8197@example.com,(414) 555-8197,Brookfield,WI,53005,,Alex,parents nearby,just remodeled kitchen,tree trim quote
Sawyer,Anderson8198,sawyer.anderson8198@example.com,(414) 555-8198,Kenosha,WI,53140,,Sam,,,
Finley,Moore8199,finley.moore8199@example.com,(414) 555-8199,Appleton,WI,54911,Moore Properties,,,,
Alex,Smith8200,alex.smith8200@example.com,(414) 555-8200,Milwaukee,WI,53202,,Pat,two kids,new roof last year,sump pump check
Jordan,Brown8201,jordan.brown8201@example.com,(414) 555-8201,Waukesha,WI,53186,,Chris,dog named Buddy,loves gardening,insurance deductible question
Sam,Miller8202,sam.miller8202@example.com,(414) 555-8202,Racine,WI,53403,Miller Properties,Alex,parents nearby,just remodeled kitchen,tree trim quote
Taylor,Martinez8203,taylor.martinez8203@example.com,(414) 555-8203,Madison,WI,53703,,Sam,,,
Casey,Gonzalez8204,casey.gonzalez8204@example.com,(414) 555-8204,Green Bay,WI,54301,,,,,
Riley,Thomas8205,riley.thomas8205@example.com,(414) 555-8205,Chicago,IL,60611,Thomas Properties,Pat,two kids,new roof last year,sump pump check
Morgan,Jackson8206,morgan.jackson8206@example.com,(414) 555-8206,Evanston,IL,60201,,Chris,dog named Buddy,loves gardening,insurance deductible question
Avery,Johnson8207,avery.johnson8207@example.com,(414) 555-8207,Brookfield,WI,53005,,Alex,parents nearby,just remodeled kitchen,tree trim quote
Quinn,Jones8208,quinn.jones8208@example.com,(414) 555-8208,Kenosha,WI,53140,Jones Properties,Sam,,,
Jamie,Davis8209,jamie.davis8209@example.com,(414) 555-8209,Appleton,WI,54911,,,,,
Cameron,Hernandez8210,cameron.hernandez8210@example.com,(414) 555-8210,Milwaukee,WI,53202,,Pat,two kids,new roof last year,sump pump check
Drew,Wilson8211,drew.wilson8211@example.com,(414) 555-8211,Waukesha,WI,53186,Wilson Properties,Chris,dog named Buddy,loves gardening,insurance deductible question
Reese,Taylor8212,reese.taylor8212@example.com,(414) 555-8212,Racine,WI,53403,,Alex,parents nearby,just remodeled kitchen,tree trim quote
Skyler,Martin8213,skyler.martin8213@example.com,(414) 555-8213,Madison,WI,53703,,Sam,,,
Parker,Williams8214,parker.williams8214@example.com,(414) 555-8214,Green Bay,WI,54301,Williams Properties,,,,
Blake,Garcia8215,blake.garcia8215@example.com,(414) 555-8215,Chicago,IL,60611,,Pat,two kids,new roof last year,sump pump check
Hayden,Rodriguez8216,hayden.rodriguez8216@example.com,(414) 555-8216,Evanston,IL,60201,,Chris,dog named Buddy,loves gardening,insurance deductible question
Rowan,Lopez8217,rowan.lopez8217@example.com,(414) 555-8217,Brookfield,WI,53005,Lopez Properties,Alex,parents nearby,just remodeled kitchen,tree trim quote
Sawyer,Anderson8218,sawyer.anderson8218@example.com,(414) 555-8218,Kenosha,WI,53140,,Sam,,,
Finley,Moore8219,finley.moore8219@example.com,(414) 555-8219,Appleton,WI,54911,,,,,
Alex,Smith8220,alex.smith8220@example.com,(414) 555-8220,Milwaukee,WI,53202,Smith Properties,Pat,two kids,new roof last year,sump pump check
Jordan,Brown8221,jordan.brown8221@example.com,(414) 555-8221,Waukesha,WI,53186,,Chris,dog named Buddy,loves gardening,insurance deductible question
Sam,Miller8222,sam.miller8222@example.com,(414) 555-8222,Racine,WI,53403,,Alex,parents nearby,just remodeled kitchen,tree trim quote
Taylor,Martinez8223,taylor.martinez8223@example.com,(414) 555-8223,Madison,WI,53703,Martinez Properties,Sam,,,
Casey,Gonzalez8224,casey.gonzalez8224@example.com,(414) 555-8224,Green Bay,WI,54301,,,,,
Riley,Thomas8225,riley.thomas8225@example.com,(414) 555-8225,Chicago,IL,60611,,Pat,two kids,new roof last year,sump pump check
Morgan,Jackson8226,morgan.jackson8226@example.com,(414) 555-8226,Evanston,IL,60201,Jackson Properties,Chris,dog named Buddy,loves gardening,insurance deductible question
Avery,Johnson8227,avery.johnson8227@example.com,(414) 555-8227,Brookfield,WI,53005,,Alex,parents nearby,just remodeled kitchen,tree trim quote
Quinn,Jones8228,quinn.jones8228@example.com,(414) 555-8228,Kenosha,WI,53140,,Sam,,,
Jamie,Davis8229,jamie.davis8229@example.com,(414) 555-8229,Appleton,WI,54911,Davis Properties,,,,
Cameron,Hernandez8230,cameron.hernandez8230@example.com,(414) 555-8230,Milwaukee,WI,53202,,Pat,two kids,new roof last year,sump pump check
Drew,Wilson8231,drew.wilson8231@example.com,(414) 555-8231,Waukesha,WI,53186,,Chris,dog named Buddy,loves gardening,insurance deductible question
Reese,Taylor8232,reese.taylor8232@example.com,(414) 555-8232,Racine,WI,53403,Taylor Properties,Alex,parents nearby,just remodeled kitchen,tree trim quote
Skyler,Martin8233,skyler.martin8233@example.com,(414) 555-8233,Madison,WI,53703,,Sam,,,
Parker,Williams8234,parker.williams8234@example.com,(414) 555-8234,Green Bay,WI,54301,,,,,
Blake,Garcia8235,blake.garcia8235@example.com,(414) 555-8235,Chicago,IL,60611,Garcia Properties,Pat,two kids,new roof last year,sump pump check
Hayden,Rodriguez8236,hayden.rodriguez8236@example.com,(414) 555-8236,Evanston,IL,60201,,Chris,dog named Buddy,loves gardening,insurance deductible question
Rowan,Lopez8237,rowan.lopez8237@example.com,(414) 555-8237,Brookfield,WI,53005,,Alex,parents nearby,just remodeled kitchen,tree trim quote
Sawyer,Anderson8238,sawyer.anderson8238@example.com,(414) 555-8238,Kenosha,WI,53140,Anderson Properties,Sam,,,
Finley,Moore8239,finley.moore8239@example.com,(414) 555-8239,Appleton,WI,54911,,,,,
Alex,Smith8240,alex.smith8240@example.com,(414) 555-8240,Milwaukee,WI,53202,,Pat,two kids,new roof last year,sump pump check
Jordan,Brown8241,jordan.brown8241@example.com,(414) 555-8241,Waukesha,WI,53186,Brown Properties,Chris,dog named Buddy,loves gardening,insurance deductible question
Sam,Miller8242,sam.miller8242@example.com,(414) 555-8242,Racine,WI,53403,,Alex,parents nearby,just remodeled kitchen,tree trim quote
Taylor,Martinez8243,taylor.martinez8243@example.com,(414) 555-8243,Madison,WI,53703,,Sam,,,
Casey,Gonzalez8244,casey.gonzalez8244@example.com,(414) 555-8244,Green Bay,WI,54301,Gonzalez Properties,,,,
Riley,Thomas8245,riley.thomas8245@example.com,(414) 555-8245,Chicago,IL,60611,,Pat,two kids,new roof last year,sump pump check
Morgan,Jackson8246,morgan.jackson8246@example.com,(414) 555-8246,Evanston,IL,60201,,Chris,dog named Buddy,loves gardening,insurance deductible question
Avery,Johnson8247,avery.johnson8247@example.com,(414) 555-8247,Brookfield,WI,53005,Johnson Properties,Alex,parents nearby,just remodeled kitchen,tree trim quote
Quinn,Jones8248,quinn.jones8248@example.com,(414) 555-8248,Kenosha,WI,53140,,Sam,,,
Jamie,Davis8249,jamie.davis8249@example.com,(414) 555-8249,Appleton,WI,54911,,,,,
Cameron,Hernandez8250,cameron.hernandez8250@example.com,(414) 555-8250,Milwaukee,WI,53202,Hernandez Properties,Pat,two kids,new roof last year,sump pump check
Drew,Wilson8251,drew.wilson8251@example.com,(414) 555-8251,Waukesha,WI,53186,,Chris,dog named Buddy,loves gardening,insurance deductible question
Reese,Taylor8252,reese.taylor8252@example.com,(414) 555-8252,Racine,WI,53403,,Alex,parents nearby,just remodeled kitchen,tree trim quote
Skyler,Martin8253,skyler.martin8253@example.com,(414) 555-8253,Madison,WI,53703,Martin Properties,Sam,,,
Parker,Williams8254,parker.williams8254@example.com,(414) 555-8254,Green Bay,WI,54301,,,,,
Blake,Garcia8255,blake.garcia8255@example.com,(414) 555-8255,Chicago,IL,60611,,Pat,two kids,new roof last year,sump pump check
Hayden,Rodriguez8256,hayden.rodriguez8256@example.com,(414) 555-8256,Evanston,IL,60201,Rodriguez Properties,Chris,dog named Buddy,loves gardening,insurance deductible question
Rowan,Lopez8257,rowan.lopez8257@example.com,(414) 555-8257,Brookfield,WI,53005,,Alex,parents nearby,just remodeled kitchen,tree trim quote
Sawyer,Anderson8258,sawyer.anderson8258@example.com,(414) 555-8258,Kenosha,WI,53140,,Sam,,,
Finley,Moore8259,finley.moore8259@example.com,(414) 555-8259,Appleton,WI,54911,Moore Properties,,,,
Alex,Smith8260,alex.smith8260@example.com,(414) 555-8260,Milwaukee,WI,53202,,Pat,two kids,new roof last year,sump pump check
Jordan,Brown8261,jordan.brown8261@example.com,(414) 555-8261,Waukesha,WI,53186,,Chris,dog named Buddy,loves gardening,insurance deductible question
Sam,Miller8262,sam.miller8262@example.com,(414) 555-8262,Racine,WI,53403,Miller Properties,Alex,parents nearby,just remodeled kitchen,tree trim quote
Taylor,Martinez8263,taylor.martinez8263@example.com,(414) 555-8263,Madison,WI,53703,,Sam,,,
Casey,Gonzalez8264,casey.gonzalez8264@example.com,(414) 555-8264,Green Bay,WI,54301,,,,,
Riley,Thomas8265,riley.thomas8265@example.com,(414) 555-8265,Chicago,IL,60611,Thomas Properties,Pat,two kids,new roof last year,sump pump check
Morgan,Jackson8266,morgan.jackson8266@example.com,(414) 555-8266,Evanston,IL,60201,,Chris,dog named Buddy,loves gardening,insurance deductible question
Avery,Johnson8267,avery.johnson8267@example.com,(414) 555-8267,Brookfield,WI,53005,,Alex,parents nearby,just remodeled kitchen,tree trim quote
Quinn,Jones8268,quinn.jones8268@example.com,(414) 555-8268,Kenosha,WI,53140,Jones Properties,Sam,,,
Jamie,Davis8269,jamie.davis8269@example.com,(414) 555-8269,Appleton,WI,54911,,,,,
Cameron,Hernandez8270,cameron.hernandez8270@example.com,(414) 555-8270,Milwaukee,WI,53202,,Pat,two kids,new roof last year,sump pump check
Drew,Wilson8271,drew.wilson8271@example.com,(414) 555-8271,Waukesha,WI,53186,Wilson Properties,Chris,dog named Buddy,loves gardening,insurance deductible question
Reese,Taylor8272,reese.taylor8272@example.com,(414) 555-8272,Racine,WI,53403,,Alex,parents nearby,just remodeled kitchen,tree trim quote
Skyler,Martin8273,skyler.martin8273@example.com,(414) 555-8273,Madison,WI,53703,,Sam,,,
Parker,Williams8274,parker.williams8274@example.com,(414) 555-8274,Green Bay,WI,54301,Williams Properties,,,,
Blake,Garcia8275,blake.garcia8275@example.com,(414) 555-8275,Chicago,IL,60611,,Pat,two kids,new roof last year,sump pump check
Hayden,Rodriguez8276,hayden.rodriguez8276@example.com,(414) 555-8276,Evanston,IL,60201,,Chris,dog named Buddy,loves gardening,insurance deductible question
Rowan,Lopez8277,rowan.lopez8277@example.com,(414) 555-8277,Brookfield,WI,53005,Lopez Properties,Alex,parents nearby,just remodeled kitchen,tree trim quote
Sawyer,Anderson8278,sawyer.anderson8278@example.com,(414) 555-8278,Kenosha,WI,53140,,Sam,,,
Finley,Moore8279,finley.moore8279@example.com,(414) 555-8279,Appleton,WI,54911,,,,,
Alex,Smith8280,alex.smith8280@example.com,(414) 555-8280,Milwaukee,WI,53202,Smith Properties,Pat,two kids,new roof last year,sump pump check
Jordan,Brown8281,jordan.brown8281@example.com,(414) 555-8281,Waukesha,WI,53186,,Chris,dog named Buddy,loves gardening,insurance deductible question
Sam,Miller8282,sam.miller8282@example.com,(414) 555-8282,Racine,WI,53403,,Alex,parents nearby,just remodeled kitchen,tree trim quote
Taylor,Martinez8283,taylor.martinez8283@example.com,(414) 555-8283,Madison,WI,53703,Martinez Properties,Sam,,,
Casey,Gonzalez8284,casey.gonzalez8284@example.com,(414) 555-8284,Green Bay,WI,54301,,,,,
Riley,Thomas8285,riley.thomas8285@example.com,(414) 555-8285,Chicago,IL,60611,,Pat,two kids,new roof last year,sump pump check
Morgan,Jackson8286,morgan.jackson8286@example.com,(414) 555-8286,Evanston,IL,60201,Jackson Properties,Chris,dog named Buddy,loves gardening,insurance deductible question
Avery,Johnson8287,avery.johnson8287@example.com,(414) 555-8287,Brookfield,WI,53005,,Alex,parents nearby,just remodeled kitchen,tree trim quote
Quinn,Jones8288,quinn.jones8288@example.com,(414) 555-8288,Kenosha,WI,53140,,Sam,,,
Jamie,Davis8289,jamie.davis8289@example.com,(414) 555-8289,Appleton,WI,54911,Davis Properties,,,,
Cameron,Hernandez8290,cameron.hernandez8290@example.com,(414) 555-8290,Milwaukee,WI,53202,,Pat,two kids,new roof last year,sump pump check
Drew,Wilson8291,drew.wilson8291@example.com,(414) 555-8291,Waukesha,WI,53186,,Chris,dog named Buddy,loves gardening,insurance deductible question
Reese,Taylor8292,reese.taylor8292@example.com,(414) 555-8292,Racine,WI,53403,Taylor Properties,Alex,parents nearby,just remodeled kitchen,tree trim quote
Skyler,Martin8293,skyler.martin8293@example.com,(414) 555-8293,Madison,WI,53703,,Sam,,,
Parker,Williams8294,parker.williams8294@example.com,(414) 555-8294,Green Bay,WI,54301,,,,,
Blake,Garcia8295,blake.garcia8295@example.com,(414) 555-8295,Chicago,IL,60611,Garcia Properties,Pat,two kids,new roof last year,sump pump check
Hayden,Rodriguez8296,hayden.rodriguez8296@example.com,(414) 555-8296,Evanston,IL,60201,,Chris,dog named Buddy,loves gardening,insurance deductible question
Rowan,Lopez8297,rowan.lopez8297@example.com,(414) 555-8297,Brookfield,WI,53005,,Alex,parents nearby,just remodeled kitchen,tree trim quote
Sawyer,Anderson8298,sawyer.anderson8298@example.com,(414) 555-8298,Kenosha,WI,53140,Anderson Properties,Sam,,,
Finley,Moore8299,finley.moore8299@example.com,(414) 555-8299,Appleton,WI,54911,,,,,
Alex,Smith8300,alex.smith8300@example.com,(414) 555-8300,Milwaukee,WI,53202,,Pat,two kids,new roof last year,sump pump check
Jordan,Brown8301,jordan.brown8301@example.com,(414) 555-8301,Waukesha,WI,53186,Brown Properties,Chris,dog named Buddy,loves gardening,insurance deductible question
Sam,Miller8302,sam.miller8302@example.com,(414) 555-8302,Racine,WI,53403,,Alex,parents nearby,just remodeled kitchen,tree trim quote
Taylor,Martinez8303,taylor.martinez8303@example.com,(414) 555-8303,Madison,WI,53703,,Sam,,,
Casey,Gonzalez8304,casey.gonzalez8304@example.com,(414) 555-8304,Green Bay,WI,54301,Gonzalez Properties,,,,
Riley,Thomas8305,riley.thomas8305@example.com,(414) 555-8305,Chicago,IL,60611,,Pat,two kids,new roof last year,sump pump check
Morgan,Jackson8306,morgan.jackson8306@example.com,(414) 555-8306,Evanston,IL,60201,,Chris,dog named Buddy,loves gardening,insurance deductible question
Avery,Johnson8307,avery.johnson8307@example.com,(414) 555-8307,Brookfield,WI,53005,Johnson Properties,Alex,parents nearby,just remodeled kitchen,tree trim quote
Quinn,Jones8308,quinn.jones8308@example.com,(414) 555-8308,Kenosha,WI,53140,,Sam,,,
Jamie,Davis8309,jamie.davis8309@example.com,(414) 555-8309,Appleton,WI,54911,,,,,
Cameron,Hernandez8310,cameron.hernandez8310@example.com,(414) 555-8310,Milwaukee,WI,53202,Hernandez Properties,Pat,two kids,new roof last year,sump pump check
Drew,Wilson8311,drew.wilson8311@example.com,(414) 555-8311,Waukesha,WI,53186,,Chris,dog named Buddy,loves gardening,insurance deductible question
Reese,Taylor8312,reese.taylor8312@example.com,(414) 555-8312,Racine,WI,53403,,Alex,parents nearby,just remodeled kitchen,tree trim quote
Skyler,Martin8313,skyler.martin8313@example.com,(414) 555-8313,Madison,WI,53703,Martin Properties,Sam,,,
Parker,Williams8314,parker.williams8314@example.com,(414) 555-8314,Green Bay,WI,54301,,,,,
Blake,Garcia8315,blake.garcia8315@example.com,(414) 555-8315,Chicago,IL,60611,,Pat,two kids,new roof last year,sump pump check
Hayden,Rodriguez8316,hayden.rodriguez8316@example.com,(414) 555-8316,Evanston,IL,60201,Rodriguez Properties,Chris,dog named Buddy,loves gardening,insurance deductible question
Rowan,Lopez8317,rowan.lopez8317@example.com,(414) 555-8317,Brookfield,WI,53005,,Alex,parents nearby,just remodeled kitchen,tree trim quote
Sawyer,Anderson8318,sawyer.anderson8318@example.com,(414) 555-8318,Kenosha,WI,53140,,Sam,,,
Finley,Moore8319,finley.moore8319@example.com,(414) 555-8319,Appleton,WI,54911,Moore Properties,,,,
Alex,Smith8320,alex.smith8320@example.com,(414) 555-8320,Milwaukee,WI,53202,,Pat,two kids,new roof last year,sump pump check
Jordan,Brown8321,jordan.brown8321@example.com,(414) 555-8321,Waukesha,WI,53186,,Chris,dog named Buddy,loves gardening,insurance deductible question
Sam,Miller8322,sam.miller8322@example.com,(414) 555-8322,Racine,WI,53403,Miller Properties,Alex,parents nearby,just remodeled kitchen,tree trim quote
Taylor,Martinez8323,taylor.martinez8323@example.com,(414) 555-8323,Madison,WI,53703,,Sam,,,
Casey,Gonzalez8324,casey.gonzalez8324@example.com,(414) 555-8324,Green Bay,WI,54301,,,,,
Riley,Thomas8325,riley.thomas8325@example.com,(414) 555-8325,Chicago,IL,60611,Thomas Properties,Pat,two kids,new roof last year,sump pump check
Morgan,Jackson8326,morgan.jackson8326@example.com,(414) 555-8326,Evanston,IL,60201,,Chris,dog named Buddy,loves gardening,insurance deductible question
Avery,Johnson8327,avery.johnson8327@example.com,(414) 555-8327,Brookfield,WI,53005,,Alex,parents nearby,just remodeled kitchen,tree trim quote
Quinn,Jones8328,quinn.jones8328@example.com,(414) 555-8328,Kenosha,WI,53140,Jones Properties,Sam,,,
Jamie,Davis8329,jamie.davis8329@example.com,(414) 555-8329,Appleton,WI,54911,,,,,
Cameron,Hernandez8330,cameron.hernandez8330@example.com,(414) 555-8330,Milwaukee,WI,53202,,Pat,two kids,new roof last year,sump pump check
Drew,Wilson8331,drew.wilson8331@example.com,(414) 555-8331,Waukesha,WI,53186,Wilson Properties,Chris,dog named Buddy,loves gardening,insurance deductible question
Reese,Taylor8332,reese.taylor8332@example.com,(414) 555-8332,Racine,WI,53403,,Alex,parents nearby,just remodeled kitchen,tree trim quote
Skyler,Martin8333,skyler.martin8333@example.com,(414) 555-8333,Madison,WI,53703,,Sam,,,
Parker,Williams8334,parker.williams8334@example.com,(414) 555-8334,Green Bay,WI,54301,Williams Properties,,,,
Blake,Garcia8335,blake.garcia8335@example.com,(414) 555-8335,Chicago,IL,60611,,Pat,two kids,new roof last year,sump pump check
Hayden,Rodriguez8336,hayden.rodriguez8336@example.com,(414) 555-8336,Evanston,IL,60201,,Chris,dog named Buddy,loves gardening,insurance deductible question
Rowan,Lopez8337,rowan.lopez8337@example.com,(414) 555-8337,Brookfield,WI,53005,Lopez Properties,Alex,parents nearby,just remodeled kitchen,tree trim quote
Sawyer,Anderson8338,sawyer.anderson8338@example.com,(414) 555-8338,Kenosha,WI,53140,,Sam,,,
Finley,Moore8339,finley.moore8339@example.com,(414) 555-8339,Appleton,WI,54911,,,,,
Alex,Smith8340,alex.smith8340@example.com,(414) 555-8340,Milwaukee,WI,53202,Smith Properties,Pat,two kids,new roof last year,sump pump check
Jordan,Brown8341,jordan.brown8341@example.com,(414) 555-8341,Waukesha,WI,53186,,Chris,dog named Buddy,loves gardening,insurance deductible question
Sam,Miller8342,sam.miller8342@example.com,(414) 555-8342,Racine,WI,53403,,Alex,parents nearby,just remodeled kitchen,tree trim quote
Taylor,Martinez8343,taylor.martinez8343@example.com,(414) 555-8343,Madison,WI,53703,Martinez Properties,Sam,,,
Casey,Gonzalez8344,casey.gonzalez8344@example.com,(414) 555-8344,Green Bay,WI,54301,,,,,
Riley,Thomas8345,riley.thomas8345@example.com,(414) 555-8345,Chicago,IL,60611,,Pat,two kids,new roof last year,sump pump check
Morgan,Jackson8346,morgan.jackson8346@example.com,(414) 555-8346,Evanston,IL,60201,Jackson Properties,Chris,dog named Buddy,loves gardening,insurance deductible question
Avery,Johnson8347,avery.johnson8347@example.com,(414) 555-8347,Brookfield,WI,53005,,Alex,parents nearby,just remodeled kitchen,tree trim quote
Quinn,Jones8348,quinn.jones8348@example.com,(414) 555-8348,Kenosha,WI,53140,,Sam,,,
Jamie,Davis8349,jamie.davis8349@example.com,(414) 555-8349,Appleton,WI,54911,Davis Properties,,,,
Cameron,Hernandez8350,cameron.hernandez8350@example.com,(414) 555-8350,Milwaukee,WI,53202,,Pat,two kids,new roof last year,sump pump check
Drew,Wilson8351,drew.wilson8351@example.com,(414) 555-8351,Waukesha,WI,53186,,Chris,dog named Buddy,loves gardening,insurance deductible question
Reese,Taylor8352,reese.taylor8352@example.com,(414) 555-8352,Racine,WI,53403,Taylor Properties,Alex,parents nearby,just remodeled kitchen,tree trim quote
Skyler,Martin8353,skyler.martin8353@example.com,(414) 555-8353,Madison,WI,53703,,Sam,,,
Parker,Williams8354,parker.williams8354@example.com,(414) 555-8354,Green Bay,WI,54301,,,,,
Blake,Garcia8355,blake.garcia8355@example.com,(414) 555-8355,Chicago,IL,60611,Garcia Properties,Pat,two kids,new roof last year,sump pump check
Hayden,Rodriguez8356,hayden.rodriguez8356@example.com,(414) 555-8356,Evanston,IL,60201,,Chris,dog named Buddy,loves gardening,insurance deductible question
Rowan,Lopez8357,rowan.lopez8357@example.com,(414) 555-8357,Brookfield,WI,53005,,Alex,parents nearby,just remodeled kitchen,tree trim quote
Sawyer,Anderson8358,sawyer.anderson8358@example.com,(414) 555-8358,Kenosha,WI,53140,Anderson Properties,Sam,,,
Finley,Moore8359,finley.moore8359@example.com,(414) 555-8359,Appleton,WI,54911,,,,,
Alex,Smith8360,alex.smith8360@example.com,(414) 555-8360,Milwaukee,WI,53202,,Pat,two kids,new roof last year,sump pump check
Jordan,Brown8361,jordan.brown8361@example.com,(414) 555-8361,Waukesha,WI,53186,Brown Properties,Chris,dog named Buddy,loves gardening,insurance deductible question
Sam,Miller8362,sam.miller8362@example.com,(414) 555-8362,Racine,WI,53403,,Alex,parents nearby,just remodeled kitchen,tree trim quote
Taylor,Martinez8363,taylor.martinez8363@example.com,(414) 555-8363,Madison,WI,53703,,Sam,,,
Casey,Gonzalez8364,casey.gonzalez8364@example.com,(414) 555-8364,Green Bay,WI,54301,Gonzalez Properties,,,,
Riley,Thomas8365,riley.thomas8365@example.com,(414) 555-8365,Chicago,IL,60611,,Pat,two kids,new roof last year,sump pump check
Morgan,Jackson8366,morgan.jackson8366@example.com,(414) 555-8366,Evanston,IL,60201,,Chris,dog named Buddy,loves gardening,insurance deductible question
Avery,Johnson8367,avery.johnson8367@example.com,(414) 555-8367,Brookfield,WI,53005,Johnson Properties,Alex,parents nearby,just remodeled kitchen,tree trim quote
Quinn,Jones8368,quinn.jones8368@example.com,(414) 555-8368,Kenosha,WI,53140,,Sam,,,
Jamie,Davis8369,jamie.davis8369@example.com,(414) 555-8369,Appleton,WI,54911,,,,,
Cameron,Hernandez8370,cameron.hernandez8370@example.com,(414) 555-8370,Milwaukee,WI,53202,Hernandez Properties,Pat,two kids,new roof last year,sump pump check
Drew,Wilson8371,drew.wilson8371@example.com,(414) 555-8371,Waukesha,WI,53186,,Chris,dog named Buddy,loves gardening,insurance deductible question
Reese,Taylor8372,reese.taylor8372@example.com,(414) 555-8372,Racine,WI,53403,,Alex,parents nearby,just remodeled kitchen,tree trim quote
Skyler,Martin8373,skyler.martin8373@example.com,(414) 555-8373,Madison,WI,53703,Martin Properties,Sam,,,
Parker,Williams8374,parker.williams8374@example.com,(414) 555-8374,Green Bay,WI,54301,,,,,
Blake,Garcia8375,blake.garcia8375@example.com,(414) 555-8375,Chicago,IL,60611,,Pat,two kids,new roof last year,sump pump check
Hayden,Rodriguez8376,hayden.rodriguez8376@example.com,(414) 555-8376,Evanston,IL,60201,Rodriguez Properties,Chris,dog named Buddy,loves gardening,insurance deductible question
Rowan,Lopez8377,rowan.lopez8377@example.com,(414) 555-8377,Brookfield,WI,53005,,Alex,parents nearby,just remodeled kitchen,tree trim quote
Sawyer,Anderson8378,sawyer.anderson8378@example.com,(414) 555-8378,Kenosha,WI,53140,,Sam,,,
Finley,Moore8379,finley.moore8379@example.com,(414) 555-8379,Appleton,WI,54911,Moore Properties,,,,
Alex,Smith8380,alex.smith8380@example.com,(414) 555-8380,Milwaukee,WI,53202,,Pat,two kids,new roof last year,sump pump check
Jordan,Brown8381,jordan.brown8381@example.com,(414) 555-8381,Waukesha,WI,53186,,Chris,dog named Buddy,loves gardening,insurance deductible question
Sam,Miller8382,sam.miller8382@example.com,(414) 555-8382,Racine,WI,53403,Miller Properties,Alex,parents nearby,just remodeled kitchen,tree trim quote
Taylor,Martinez8383,taylor.martinez8383@example.com,(414) 555-8383,Madison,WI,53703,,Sam,,,
Casey,Gonzalez8384,casey.gonzalez8384@example.com,(414) 555-8384,Green Bay,WI,54301,,,,,
Riley,Thomas8385,riley.thomas8385@example.com,(414) 555-8385,Chicago,IL,60611,Thomas Properties,Pat,two kids,new roof last year,sump pump check
Morgan,Jackson8386,morgan.jackson8386@example.com,(414) 555-8386,Evanston,IL,60201,,Chris,dog named Buddy,loves gardening,insurance deductible question
Avery,Johnson8387,avery.johnson8387@example.com,(414) 555-8387,Brookfield,WI,53005,,Alex,parents nearby,just remodeled kitchen,tree trim quote
Quinn,Jones8388,quinn.jones8388@example.com,(414) 555-8388,Kenosha,WI,53140,Jones Properties,Sam,,,
Jamie,Davis8389,jamie.davis8389@example.com,(414) 555-8389,Appleton,WI,54911,,,,,
Cameron,Hernandez8390,cameron.hernandez8390@example.com,(414) 555-8390,Milwaukee,WI,53202,,Pat,two kids,new roof last year,sump pump check
Drew,Wilson8391,drew.wilson8391@example.com,(414) 555-8391,Waukesha,WI,53186,Wilson Properties,Chris,dog named Buddy,loves gardening,insurance deductible question
Reese,Taylor8392,reese.taylor8392@example.com,(414) 555-8392,Racine,WI,53403,,Alex,parents nearby,just remodeled kitchen,tree trim quote
Skyler,Martin8393,skyler.martin8393@example.com,(414) 555-8393,Madison,WI,53703,,Sam,,,
Parker,Williams8394,parker.williams8394@example.com,(414) 555-8394,Green Bay,WI,54301,Williams Properties,,,,
Blake,Garcia8395,blake.garcia8395@example.com,(414) 555-8395,Chicago,IL,60611,,Pat,two kids,new roof last year,sump pump check
Hayden,Rodriguez8396,hayden.rodriguez8396@example.com,(414) 555-8396,Evanston,IL,60201,,Chris,dog named Buddy,loves gardening,insurance deductible question
Rowan,Lopez8397,rowan.lopez8397@example.com,(414) 555-8397,Brookfield,WI,53005,Lopez Properties,Alex,parents nearby,just remodeled kitchen,tree trim quote
Sawyer,Anderson8398,sawyer.anderson8398@example.com,(414) 555-8398,Kenosha,WI,53140,,Sam,,,
Finley,Moore8399,finley.moore8399@example.com,(414) 555-8399,Appleton,WI,54911,,,,,
Alex,Smith8400,alex.smith8400@example.com,(414) 555-8400,Milwaukee,WI,53202,Smith Properties,Pat,two kids,new roof last year,sump pump check
Jordan,Brown8401,jordan.brown8401@example.com,(414) 555-8401,Waukesha,WI,53186,,Chris,dog named Buddy,loves gardening,insurance deductible question
Sam,Miller8402,sam.miller8402@example.com,(414) 555-8402,Racine,WI,53403,,Alex,parents nearby,just remodeled kitchen,tree trim quote
Taylor,Martinez8403,taylor.martinez8403@example.com,(414) 555-8403,Madison,WI,53703,Martinez Properties,Sam,,,
Casey,Gonzalez8404,casey.gonzalez8404@example.com,(414) 555-8404,Green Bay,WI,54301,,,,,
Riley,Thomas8405,riley.thomas8405@example.com,(414) 555-8405,Chicago,IL,60611,,Pat,two kids,new roof last year,sump pump check
Morgan,Jackson8406,morgan.jackson8406@example.com,(414) 555-8406,Evanston,IL,60201,Jackson Properties,Chris,dog named Buddy,loves gardening,insurance deductible question
Avery,Johnson8407,avery.johnson8407@example.com,(414) 555-8407,Brookfield,WI,53005,,Alex,parents nearby,just remodeled kitchen,tree trim quote
Quinn,Jones8408,quinn.jones8408@example.com,(414) 555-8408,Kenosha,WI,53140,,Sam,,,
Jamie,Davis8409,jamie.davis8409@example.com,(414) 555-8409,Appleton,WI,54911,Davis Properties,,,,
Cameron,Hernandez8410,cameron.hernandez8410@example.com,(414) 555-8410,Milwaukee,WI,53202,,Pat,two kids,new roof last year,sump pump check
Drew,Wilson8411,drew.wilson8411@example.com,(414) 555-8411,Waukesha,WI,53186,,Chris,dog named Buddy,loves gardening,insurance deductible question
Reese,Taylor8412,reese.taylor8412@example.com,(414) 555-8412,Racine,WI,53403,Taylor Properties,Alex,parents nearby,just remodeled kitchen,tree trim quote
Skyler,Martin8413,skyler.martin8413@example.com,(414) 555-8413,Madison,WI,53703,,Sam,,,
Parker,Williams8414,parker.williams8414@example.com,(414) 555-8414,Green Bay,WI,54301,,,,,
Blake,Garcia8415,blake.garcia8415@example.com,(414) 555-8415,Chicago,IL,60611,Garcia Properties,Pat,two kids,new roof last year,sump pump check
Hayden,Rodriguez8416,hayden.rodriguez8416@example.com,(414) 555-8416,Evanston,IL,60201,,Chris,dog named Buddy,loves gardening,insurance deductible question
Rowan,Lopez8417,rowan.lopez8417@example.com,(414) 555-8417,Brookfield,WI,53005,,Alex,parents nearby,just remodeled kitchen,tree trim quote
Sawyer,Anderson8418,sawyer.anderson8418@example.com,(414) 555-8418,Kenosha,WI,53140,Anderson Properties,Sam,,,
Finley,Moore8419,finley.moore8419@example.com,(414) 555-8419,Appleton,WI,54911,,,,,
Alex,Smith8420,alex.smith8420@example.com,(414) 555-8420,Milwaukee,WI,53202,,Pat,two kids,new roof last year,sump pump check
Jordan,Brown8421,jordan.brown8421@example.com,(414) 555-8421,Waukesha,WI,53186,Brown Properties,Chris,dog named Buddy,loves gardening,insurance deductible question
Sam,Miller8422,sam.miller8422@example.com,(414) 555-8422,Racine,WI,53403,,Alex,parents nearby,just remodeled kitchen,tree trim quote
Taylor,Martinez8423,taylor.martinez8423@example.com,(414) 555-8423,Madison,WI,53703,,Sam,,,
Casey,Gonzalez8424,casey.gonzalez8424@example.com,(414) 555-8424,Green Bay,WI,54301,Gonzalez Properties,,,,
Riley,Thomas8425,riley.thomas8425@example.com,(414) 555-8425,Chicago,IL,60611,,Pat,two kids,new roof last year,sump pump check
Morgan,Jackson8426,morgan.jackson8426@example.com,(414) 555-8426,Evanston,IL,60201,,Chris,dog named Buddy,loves gardening,insurance deductible question
Avery,Johnson8427,avery.johnson8427@example.com,(414) 555-8427,Brookfield,WI,53005,Johnson Properties,Alex,parents nearby,just remodeled kitchen,tree trim quote
Quinn,Jones8428,quinn.jones8428@example.com,(414) 555-8428,Kenosha,WI,53140,,Sam,,,
Jamie,Davis8429,jamie.davis8429@example.com,(414) 555-8429,Appleton,WI,54911,,,,,
Cameron,Hernandez8430,cameron.hernandez8430@example.com,(414) 555-8430,Milwaukee,WI,53202,Hernandez Properties,Pat,two kids,new roof last year,sump pump check
Drew,Wilson8431,drew.wilson8431@example.com,(414) 555-8431,Waukesha,WI,53186,,Chris,dog named Buddy,loves gardening,insurance deductible question
Reese,Taylor8432,reese.taylor8432@example.com,(414) 555-8432,Racine,WI,53403,,Alex,parents nearby,just remodeled kitchen,tree trim quote
Skyler,Martin8433,skyler.martin8433@example.com,(414) 555-8433,Madison,WI,53703,Martin Properties,Sam,,,
Parker,Williams8434,parker.williams8434@example.com,(414) 555-8434,Green Bay,WI,54301,,,,,
Blake,Garcia8435,blake.garcia8435@example.com,(414) 555-8435,Chicago,IL,60611,,Pat,two kids,new roof last year,sump pump check
Hayden,Rodriguez8436,hayden.rodriguez8436@example.com,(414) 555-8436,Evanston,IL,60201,Rodriguez Properties,Chris,dog named Buddy,loves gardening,insurance deductible question
Rowan,Lopez8437,rowan.lopez8437@example.com,(414) 555-8437,Brookfield,WI,53005,,Alex,parents nearby,just remodeled kitchen,tree trim quote
Sawyer,Anderson8438,sawyer.anderson8438@example.com,(414) 555-8438,Kenosha,WI,53140,,Sam,,,
Finley,Moore8439,finley.moore8439@example.com,(414) 555-8439,Appleton,WI,54911,Moore Properties,,,,
Alex,Smith8440,alex.smith8440@example.com,(414) 555-8440,Milwaukee,WI,53202,,Pat,two kids,new roof last year,sump pump check
Jordan,Brown8441,jordan.brown8441@example.com,(414) 555-8441,Waukesha,WI,53186,,Chris,dog named Buddy,loves gardening,insurance deductible question
Sam,Miller8442,sam.miller8442@example.com,(414) 555-8442,Racine,WI,53403,Miller Properties,Alex,parents nearby,just remodeled kitchen,tree trim quote
Taylor,Martinez8443,taylor.martinez8443@example.com,(414) 555-8443,Madison,WI,53703,,Sam,,,
Casey,Gonzalez8444,casey.gonzalez8444@example.com,(414) 555-8444,Green Bay,WI,54301,,,,,
Riley,Thomas8445,riley.thomas8445@example.com,(414) 555-8445,Chicago,IL,60611,Thomas Properties,Pat,two kids,new roof last year,sump pump check
Morgan,Jackson8446,morgan.jackson8446@example.com,(414) 555-8446,Evanston,IL,60201,,Chris,dog named Buddy,loves gardening,insurance deductible question
Avery,Johnson8447,avery.johnson8447@example.com,(414) 555-8447,Brookfield,WI,53005,,Alex,parents nearby,just remodeled kitchen,tree trim quote
Quinn,Jones8448,quinn.jones8448@example.com,(414) 555-8448,Kenosha,WI,53140,Jones Properties,Sam,,,
Jamie,Davis8449,jamie.davis8449@example.com,(414) 555-8449,Appleton,WI,54911,,,,,
Cameron,Hernandez8450,cameron.hernandez8450@example.com,(414) 555-8450,Milwaukee,WI,53202,,Pat,two kids,new roof last year,sump pump check
Drew,Wilson8451,drew.wilson8451@example.com,(414) 555-8451,Waukesha,WI,53186,Wilson Properties,Chris,dog named Buddy,loves gardening,insurance deductible question
Reese,Taylor8452,reese.taylor8452@example.com,(414) 555-8452,Racine,WI,53403,,Alex,parents nearby,just remodeled kitchen,tree trim quote
Skyler,Martin8453,skyler.martin8453@example.com,(414) 555-8453,Madison,WI,53703,,Sam,,,
Parker,Williams8454,parker.williams8454@example.com,(414) 555-8454,Green Bay,WI,54301,Williams Properties,,,,
Blake,Garcia8455,blake.garcia8455@example.com,(414) 555-8455,Chicago,IL,60611,,Pat,two kids,new roof last year,sump pump check
Hayden,Rodriguez8456,hayden.rodriguez8456@example.com,(414) 555-8456,Evanston,IL,60201,,Chris,dog named Buddy,loves gardening,insurance deductible question
Rowan,Lopez8457,rowan.lopez8457@example.com,(414) 555-8457,Brookfield,WI,53005,Lopez Properties,Alex,parents nearby,just remodeled kitchen,tree trim quote
Sawyer,Anderson8458,sawyer.anderson8458@example.com,(414) 555-8458,Kenosha,WI,53140,,Sam,,,
Finley,Moore8459,finley.moore8459@example.com,(414) 555-8459,Appleton,WI,54911,,,,,
Alex,Smith8460,alex.smith8460@example.com,(414) 555-8460,Milwaukee,WI,53202,Smith Properties,Pat,two kids,new roof last year,sump pump check
Jordan,Brown8461,jordan.brown8461@example.com,(414) 555-8461,Waukesha,WI,53186,,Chris,dog named Buddy,loves gardening,insurance deductible question
Sam,Miller8462,sam.miller8462@example.com,(414) 555-8462,Racine,WI,53403,,Alex,parents nearby,just remodeled kitchen,tree trim quote
Taylor,Martinez8463,taylor.martinez8463@example.com,(414) 555-8463,Madison,WI,53703,Martinez Properties,Sam,,,
Casey,Gonzalez8464,casey.gonzalez8464@example.com,(414) 555-8464,Green Bay,WI,54301,,,,,
Riley,Thomas8465,riley.thomas8465@example.com,(414) 555-8465,Chicago,IL,60611,,Pat,two kids,new roof last year,sump pump check
Morgan,Jackson8466,morgan.jackson8466@example.com,(414) 555-8466,Evanston,IL,60201,Jackson Properties,Chris,dog named Buddy,loves gardening,insurance deductible question
Avery,Johnson8467,avery.johnson8467@example.com,(414) 555-8467,Brookfield,WI,53005,,Alex,parents nearby,just remodeled kitchen,tree trim quote
Quinn,Jones8468,quinn.jones8468@example.com,(414) 555-8468,Kenosha,WI,53140,,Sam,,,
Jamie,Davis8469,jamie.davis8469@example.com,(414) 555-8469,Appleton,WI,54911,Davis Properties,,,,
Cameron,Hernandez8470,cameron.hernandez8470@example.com,(414) 555-8470,Milwaukee,WI,53202,,Pat,two kids,new roof last year,sump pump check
Drew,Wilson8471,drew.wilson8471@example.com,(414) 555-8471,Waukesha,WI,53186,,Chris,dog named Buddy,loves gardening,insurance deductible question
Reese,Taylor8472,reese.taylor8472@example.com,(414) 555-8472,Racine,WI,53403,Taylor Properties,Alex,parents nearby,just remodeled kitchen,tree trim quote
Skyler,Martin8473,skyler.martin8473@example.com,(414) 555-8473,Madison,WI,53703,,Sam,,,
Parker,Williams8474,parker.williams8474@example.com,(414) 555-8474,Green Bay,WI,54301,,,,,
Blake,Garcia8475,blake.garcia8475@example.com,(414) 555-8475,Chicago,IL,60611,Garcia Properties,Pat,two kids,new roof last year,sump pump check
Hayden,Rodriguez8476,hayden.rodriguez8476@example.com,(414) 555-8476,Evanston,IL,60201,,Chris,dog named Buddy,loves gardening,insurance deductible question
Rowan,Lopez8477,rowan.lopez8477@example.com,(414) 555-8477,Brookfield,WI,53005,,Alex,parents nearby,just remodeled kitchen,tree trim quote
Sawyer,Anderson8478,sawyer.anderson8478@example.com,(414) 555-8478,Kenosha,WI,53140,Anderson Properties,Sam,,,
Finley,Moore8479,finley.moore8479@example.com,(414) 555-8479,Appleton,WI,54911,,,,,
Alex,Smith8480,alex.smith8480@example.com,(414) 555-8480,Milwaukee,WI,53202,,Pat,two kids,new roof last year,sump pump check
Jordan,Brown8481,jordan.brown8481@example.com,(414) 555-8481,Waukesha,WI,53186,Brown Properties,Chris,dog named Buddy,loves gardening,insurance deductible question
Sam,Miller8482,sam.miller8482@example.com,(414) 555-8482,Racine,WI,53403,,Alex,parents nearby,just remodeled kitchen,tree trim quote
Taylor,Martinez8483,taylor.martinez8483@example.com,(414) 555-8483,Madison,WI,53703,,Sam,,,
Casey,Gonzalez8484,casey.gonzalez8484@example.com,(414) 555-8484,Green Bay,WI,54301,Gonzalez Properties,,,,
Riley,Thomas8485,riley.thomas8485@example.com,(414) 555-8485,Chicago,IL,60611,,Pat,two kids,new roof last year,sump pump check
Morgan,Jackson8486,morgan.jackson8486@example.com,(414) 555-8486,Evanston,IL,60201,,Chris,dog named Buddy,loves gardening,insurance deductible question
Avery,Johnson8487,avery.johnson8487@example.com,(414) 555-8487,Brookfield,WI,53005,Johnson Properties,Alex,parents nearby,just remodeled kitchen,tree trim quote
Quinn,Jones8488,quinn.jones8488@example.com,(414) 555-8488,Kenosha,WI,53140,,Sam,,,
Jamie,Davis8489,jamie.davis8489@example.com,(414) 555-8489,Appleton,WI,54911,,,,,
Cameron,Hernandez8490,cameron.hernandez8490@example.com,(414) 555-8490,Milwaukee,WI,53202,Hernandez Properties,Pat,two kids,new roof last year,sump pump check
Drew,Wilson8491,drew.wilson8491@example.com,(414) 555-8491,Waukesha,WI,53186,,Chris,dog named Buddy,loves gardening,insurance deductible question
Reese,Taylor8492,reese.taylor8492@example.com,(414) 555-8492,Racine,WI,53403,,Alex,parents nearby,just remodeled kitchen,tree trim quote
Skyler,Martin8493,skyler.martin8493@example.com,(414) 555-8493,Madison,WI,53703,Martin Properties,Sam,,,
Parker,Williams8494,parker.williams8494@example.com,(414) 555-8494,Green Bay,WI,54301,,,,,
Blake,Garcia8495,blake.garcia8495@example.com,(414) 555-8495,Chicago,IL,60611,,Pat,two kids,new roof last year,sump pump check
Hayden,Rodriguez8496,hayden.rodriguez8496@example.com,(414) 555-8496,Evanston,IL,60201,Rodriguez Properties,Chris,dog named Buddy,loves gardening,insurance deductible question
Rowan,Lopez8497,rowan.lopez8497@example.com,(414) 555-8497,Brookfield,WI,53005,,Alex,parents nearby,just remodeled kitchen,tree trim quote
Sawyer,Anderson8498,sawyer.anderson8498@example.com,(414) 555-8498,Kenosha,WI,53140,,Sam,,,
Finley,Moore8499,finley.moore8499@example.com,(414) 555-8499,Appleton,WI,54911,Moore Properties,,,,
Alex,Smith8500,alex.smith8500@example.com,(414) 555-8500,Milwaukee,WI,53202,,Pat,two kids,new roof last year,sump pump check
Jordan,Brown8501,jordan.brown8501@example.com,(414) 555-8501,Waukesha,WI,53186,,Chris,dog named Buddy,loves gardening,insurance deductible question
Sam,Miller8502,sam.miller8502@example.com,(414) 555-8502,Racine,WI,53403,Miller Properties,Alex,parents nearby,just remodeled kitchen,tree trim quote
Taylor,Martinez8503,taylor.martinez8503@example.com,(414) 555-8503,Madison,WI,53703,,Sam,,,
Casey,Gonzalez8504,casey.gonzalez8504@example.com,(414) 555-8504,Green Bay,WI,54301,,,,,
Riley,Thomas8505,riley.thomas8505@example.com,(414) 555-8505,Chicago,IL,60611,Thomas Properties,Pat,two kids,new roof last year,sump pump check
Morgan,Jackson8506,morgan.jackson8506@example.com,(414) 555-8506,Evanston,IL,60201,,Chris,dog named Buddy,loves gardening,insurance deductible question
Avery,Johnson8507,avery.johnson8507@example.com,(414) 555-8507,Brookfield,WI,53005,,Alex,parents nearby,just remodeled kitchen,tree trim quote
Quinn,Jones8508,quinn.jones8508@example.com,(414) 555-8508,Kenosha,WI,53140,Jones Properties,Sam,,,
Jamie,Davis8509,jamie.davis8509@example.com,(414) 555-8509,Appleton,WI,54911,,,,,
Cameron,Hernandez8510,cameron.hernandez8510@example.com,(414) 555-8510,Milwaukee,WI,53202,,Pat,two kids,new roof last year,sump pump check
Drew,Wilson8511,drew.wilson8511@example.com,(414) 555-8511,Waukesha,WI,53186,Wilson Properties,Chris,dog named Buddy,loves gardening,insurance deductible question
Reese,Taylor8512,reese.taylor8512@example.com,(414) 555-8512,Racine,WI,53403,,Alex,parents nearby,just remodeled kitchen,tree trim quote
Skyler,Martin8513,skyler.martin8513@example.com,(414) 555-8513,Madison,WI,53703,,Sam,,,
Parker,Williams8514,parker.williams8514@example.com,(414) 555-8514,Green Bay,WI,54301,Williams Properties,,,,
Blake,Garcia8515,blake.garcia8515@example.com,(414) 555-8515,Chicago,IL,60611,,Pat,two kids,new roof last year,sump pump check
Hayden,Rodriguez8516,hayden.rodriguez8516@example.com,(414) 555-8516,Evanston,IL,60201,,Chris,dog named Buddy,loves gardening,insurance deductible question
Rowan,Lopez8517,rowan.lopez8517@example.com,(414) 555-8517,Brookfield,WI,53005,Lopez Properties,Alex,parents nearby,just remodeled kitchen,tree trim quote
Sawyer,Anderson8518,sawyer.anderson8518@example.com,(414) 555-8518,Kenosha,WI,53140,,Sam,,,
Finley,Moore8519,finley.moore8519@example.com,(414) 555-8519,Appleton,WI,54911,,,,,
Alex,Smith8520,alex.smith8520@example.com,(414) 555-8520,Milwaukee,WI,53202,Smith Properties,Pat,two kids,new roof last year,sump pump check
Jordan,Brown8521,jordan.brown8521@example.com,(414) 555-8521,Waukesha,WI,53186,,Chris,dog named Buddy,loves gardening,insurance deductible question
Sam,Miller8522,sam.miller8522@example.com,(414) 555-8522,Racine,WI,53403,,Alex,parents nearby,just remodeled kitchen,tree trim quote
Taylor,Martinez8523,taylor.martinez8523@example.com,(414) 555-8523,Madison,WI,53703,Martinez Properties,Sam,,,
Casey,Gonzalez8524,casey.gonzalez8524@example.com,(414) 555-8524,Green Bay,WI,54301,,,,,
Riley,Thomas8525,riley.thomas8525@example.com,(414) 555-8525,Chicago,IL,60611,,Pat,two kids,new roof last year,sump pump check
Morgan,Jackson8526,morgan.jackson8526@example.com,(414) 555-8526,Evanston,IL,60201,Jackson Properties,Chris,dog named Buddy,loves gardening,insurance deductible question
Avery,Johnson8527,avery.johnson8527@example.com,(414) 555-8527,Brookfield,WI,53005,,Alex,parents nearby,just remodeled kitchen,tree trim quote
Quinn,Jones8528,quinn.jones8528@example.com,(414) 555-8528,Kenosha,WI,53140,,Sam,,,
Jamie,Davis8529,jamie.davis8529@example.com,(414) 555-8529,Appleton,WI,54911,Davis Properties,,,,
Cameron,Hernandez8530,cameron.hernandez8530@example.com,(414) 555-8530,Milwaukee,WI,53202,,Pat,two kids,new roof last year,sump pump check
Drew,Wilson8531,drew.wilson8531@example.com,(414) 555-8531,Waukesha,WI,53186,,Chris,dog named Buddy,loves gardening,insurance deductible question
Reese,Taylor8532,reese.taylor8532@example.com,(414) 555-8532,Racine,WI,53403,Taylor Properties,Alex,parents nearby,just remodeled kitchen,tree trim quote
Skyler,Martin8533,skyler.martin8533@example.com,(414) 555-8533,Madison,WI,53703,,Sam,,,
Parker,Williams8534,parker.williams8534@example.com,(414) 555-8534,Green Bay,WI,54301,,,,,
Blake,Garcia8535,blake.garcia8535@example.com,(414) 555-8535,Chicago,IL,60611,Garcia Properties,Pat,two kids,new roof last year,sump pump check
Hayden,Rodriguez8536,hayden.rodriguez8536@example.com,(414) 555-8536,Evanston,IL,60201,,Chris,dog named Buddy,loves gardening,insurance deductible question
Rowan,Lopez8537,rowan.lopez8537@example.com,(414) 555-8537,Brookfield,WI,53005,,Alex,parents nearby,just remodeled kitchen,tree trim quote
Sawyer,Anderson8538,sawyer.anderson8538@example.com,(414) 555-8538,Kenosha,WI,53140,Anderson Properties,Sam,,,
Finley,Moore8539,finley.moore8539@example.com,(414) 555-8539,Appleton,WI,54911,,,,,
Alex,Smith8540,alex.smith8540@example.com,(414) 555-8540,Milwaukee,WI,53202,,Pat,two kids,new roof last year,sump pump check
Jordan,Brown8541,jordan.brown8541@example.com,(414) 555-8541,Waukesha,WI,53186,Brown Properties,Chris,dog named Buddy,loves gardening,insurance deductible question
Sam,Miller8542,sam.miller8542@example.com,(414) 555-8542,Racine,WI,53403,,Alex,parents nearby,just remodeled kitchen,tree trim quote
Taylor,Martinez8543,taylor.martinez8543@example.com,(414) 555-8543,Madison,WI,53703,,Sam,,,
Casey,Gonzalez8544,casey.gonzalez8544@example.com,(414) 555-8544,Green Bay,WI,54301,Gonzalez Properties,,,,
Riley,Thomas8545,riley.thomas8545@example.com,(414) 555-8545,Chicago,IL,60611,,Pat,two kids,new roof last year,sump pump check
Morgan,Jackson8546,morgan.jackson8546@example.com,(414) 555-8546,Evanston,IL,60201,,Chris,dog named Buddy,loves gardening,insurance deductible question
Avery,Johnson8547,avery.johnson8547@example.com,(414) 555-8547,Brookfield,WI,53005,Johnson Properties,Alex,parents nearby,just remodeled kitchen,tree trim quote
Quinn,Jones8548,quinn.jones8548@example.com,(414) 555-8548,Kenosha,WI,53140,,Sam,,,
Jamie,Davis8549,jamie.davis8549@example.com,(414) 555-8549,Appleton,WI,54911,,,,,
Cameron,Hernandez8550,cameron.hernandez8550@example.com,(414) 555-8550,Milwaukee,WI,53202,Hernandez Properties,Pat,two kids,new roof last year,sump pump check
Drew,Wilson8551,drew.wilson8551@example.com,(414) 555-8551,Waukesha,WI,53186,,Chris,dog named Buddy,loves gardening,insurance deductible question
Reese,Taylor8552,reese.taylor8552@example.com,(414) 555-8552,Racine,WI,53403,,Alex,parents nearby,just remodeled kitchen,tree trim quote
Skyler,Martin8553,skyler.martin8553@example.com,(414) 555-8553,Madison,WI,53703,Martin Properties,Sam,,,
Parker,Williams8554,parker.williams8554@example.com,(414) 555-8554,Green Bay,WI,54301,,,,,
Blake,Garcia8555,blake.garcia8555@example.com,(414) 555-8555,Chicago,IL,60611,,Pat,two kids,new roof last year,sump pump check
Hayden,Rodriguez8556,hayden.rodriguez8556@example.com,(414) 555-8556,Evanston,IL,60201,Rodriguez Properties,Chris,dog named Buddy,loves gardening,insurance deductible question
Rowan,Lopez8557,rowan.lopez8557@example.com,(414) 555-8557,Brookfield,WI,53005,,Alex,parents nearby,just remodeled kitchen,tree trim quote
Sawyer,Anderson8558,sawyer.anderson8558@example.com,(414) 555-8558,Kenosha,WI,53140,,Sam,,,
Finley,Moore8559,finley.moore8559@example.com,(414) 555-8559,Appleton,WI,54911,Moore Properties,,,,
Alex,Smith8560,alex.smith8560@example.com,(414) 555-8560,Milwaukee,WI,53202,,Pat,two kids,new roof last year,sump pump check
Jordan,Brown8561,jordan.brown8561@example.com,(414) 555-8561,Waukesha,WI,53186,,Chris,dog named Buddy,loves gardening,insurance deductible question
Sam,Miller8562,sam.miller8562@example.com,(414) 555-8562,Racine,WI,53403,Miller Properties,Alex,parents nearby,just remodeled kitchen,tree trim quote
Taylor,Martinez8563,taylor.martinez8563@example.com,(414) 555-8563,Madison,WI,53703,,Sam,,,
Casey,Gonzalez8564,casey.gonzalez8564@example.com,(414) 555-8564,Green Bay,WI,54301,,,,,
Riley,Thomas8565,riley.thomas8565@example.com,(414) 555-8565,Chicago,IL,60611,Thomas Properties,Pat,two kids,new roof last year,sump pump check
Morgan,Jackson8566,morgan.jackson8566@example.com,(414) 555-8566,Evanston,IL,60201,,Chris,dog named Buddy,loves gardening,insurance deductible question
Avery,Johnson8567,avery.johnson8567@example.com,(414) 555-8567,Brookfield,WI,53005,,Alex,parents nearby,just remodeled kitchen,tree trim quote
Quinn,Jones8568,quinn.jones8568@example.com,(414) 555-8568,Kenosha,WI,53140,Jones Properties,Sam,,,
Jamie,Davis8569,jamie.davis8569@example.com,(414) 555-8569,Appleton,WI,54911,,,,,
Cameron,Hernandez8570,cameron.hernandez8570@example.com,(414) 555-8570,Milwaukee,WI,53202,,Pat,two kids,new roof last year,sump pump check
Drew,Wilson8571,drew.wilson8571@example.com,(414) 555-8571,Waukesha,WI,53186,Wilson Properties,Chris,dog named Buddy,loves gardening,insurance deductible question
Reese,Taylor8572,reese.taylor8572@example.com,(414) 555-8572,Racine,WI,53403,,Alex,parents nearby,just remodeled kitchen,tree trim quote
Skyler,Martin8573,skyler.martin8573@example.com,(414) 555-8573,Madison,WI,53703,,Sam,,,
Parker,Williams8574,parker.williams8574@example.com,(414) 555-8574,Green Bay,WI,54301,Williams Properties,,,,
Blake,Garcia8575,blake.garcia8575@example.com,(414) 555-8575,Chicago,IL,60611,,Pat,two kids,new roof last year,sump pump check
Hayden,Rodriguez8576,hayden.rodriguez8576@example.com,(414) 555-8576,Evanston,IL,60201,,Chris,dog named Buddy,loves gardening,insurance deductible question
Rowan,Lopez8577,rowan.lopez8577@example.com,(414) 555-8577,Brookfield,WI,53005,Lopez Properties,Alex,parents nearby,just remodeled kitchen,tree trim quote
Sawyer,Anderson8578,sawyer.anderson8578@example.com,(414) 555-8578,Kenosha,WI,53140,,Sam,,,
Finley,Moore8579,finley.moore8579@example.com,(414) 555-8579,Appleton,WI,54911,,,,,
Alex,Smith8580,alex.smith8580@example.com,(414) 555-8580,Milwaukee,WI,53202,Smith Properties,Pat,two kids,new roof last year,sump pump check
Jordan,Brown8581,jordan.brown8581@example.com,(414) 555-8581,Waukesha,WI,53186,,Chris,dog named Buddy,loves gardening,insurance deductible question
Sam,Miller8582,sam.miller8582@example.com,(414) 555-8582,Racine,WI,53403,,Alex,parents nearby,just remodeled kitchen,tree trim quote
Taylor,Martinez8583,taylor.martinez8583@example.com,(414) 555-8583,Madison,WI,53703,Martinez Properties,Sam,,,
Casey,Gonzalez8584,casey.gonzalez8584@example.com,(414) 555-8584,Green Bay,WI,54301,,,,,
Riley,Thomas8585,riley.thomas8585@example.com,(414) 555-8585,Chicago,IL,60611,,Pat,two kids,new roof last year,sump pump check
Morgan,Jackson8586,morgan.jackson8586@example.com,(414) 555-8586,Evanston,IL,60201,Jackson Properties,Chris,dog named Buddy,loves gardening,insurance deductible question
Avery,Johnson8587,avery.johnson8587@example.com,(414) 555-8587,Brookfield,WI,53005,,Alex,parents nearby,just remodeled kitchen,tree trim quote
Quinn,Jones8588,quinn.jones8588@example.com,(414) 555-8588,Kenosha,WI,53140,,Sam,,,
Jamie,Davis8589,jamie.davis8589@example.com,(414) 555-8589,Appleton,WI,54911,Davis Properties,,,,
Cameron,Hernandez8590,cameron.hernandez8590@example.com,(414) 555-8590,Milwaukee,WI,53202,,Pat,two kids,new roof last year,sump pump check
Drew,Wilson8591,drew.wilson8591@example.com,(414) 555-8591,Waukesha,WI,53186,,Chris,dog named Buddy,loves gardening,insurance deductible question
Reese,Taylor8592,reese.taylor8592@example.com,(414) 555-8592,Racine,WI,53403,Taylor Properties,Alex,parents nearby,just remodeled kitchen,tree trim quote
Skyler,Martin8593,skyler.martin8593@example.com,(414) 555-8593,Madison,WI,53703,,Sam,,,
Parker,Williams8594,parker.williams8594@example.com,(414) 555-8594,Green Bay,WI,54301,,,,,
Blake,Garcia8595,blake.garcia8595@example.com,(414) 555-8595,Chicago,IL,60611,Garcia Properties,Pat,two kids,new roof last year,sump pump check
Hayden,Rodriguez8596,hayden.rodriguez8596@example.com,(414) 555-8596,Evanston,IL,60201,,Chris,dog named Buddy,loves gardening,insurance deductible question
Rowan,Lopez8597,rowan.lopez8597@example.com,(414) 555-8597,Brookfield,WI,53005,,Alex,parents nearby,just remodeled kitchen,tree trim quote
Sawyer,Anderson8598,sawyer.anderson8598@example.com,(414) 555-8598,Kenosha,WI,53140,Anderson Properties,Sam,,,
Finley,Moore8599,finley.moore8599@example.com,(414) 555-8599,Appleton,WI,54911,,,,,
Alex,Smith8600,alex.smith8600@example.com,(414) 555-8600,Milwaukee,WI,53202,,Pat,two kids,new roof last year,sump pump check
Jordan,Brown8601,jordan.brown8601@example.com,(414) 555-8601,Waukesha,WI,53186,Brown Properties,Chris,dog named Buddy,loves gardening,insurance deductible question
Sam,Miller8602,sam.miller8602@example.com,(414) 555-8602,Racine,WI,53403,,Alex,parents nearby,just remodeled kitchen,tree trim quote
Taylor,Martinez8603,taylor.martinez8603@example.com,(414) 555-8603,Madison,WI,53703,,Sam,,,
Casey,Gonzalez8604,casey.gonzalez8604@example.com,(414) 555-8604,Green Bay,WI,54301,Gonzalez Properties,,,,
Riley,Thomas8605,riley.thomas8605@example.com,(414) 555-8605,Chicago,IL,60611,,Pat,two kids,new roof last year,sump pump check
Morgan,Jackson8606,morgan.jackson8606@example.com,(414) 555-8606,Evanston,IL,60201,,Chris,dog named Buddy,loves gardening,insurance deductible question
Avery,Johnson8607,avery.johnson8607@example.com,(414) 555-8607,Brookfield,WI,53005,Johnson Properties,Alex,parents nearby,just remodeled kitchen,tree trim quote
Quinn,Jones8608,quinn.jones8608@example.com,(414) 555-8608,Kenosha,WI,53140,,Sam,,,
Jamie,Davis8609,jamie.davis8609@example.com,(414) 555-8609,Appleton,WI,54911,,,,,
Cameron,Hernandez8610,cameron.hernandez8610@example.com,(414) 555-8610,Milwaukee,WI,53202,Hernandez Properties,Pat,two kids,new roof last year,sump pump check
Drew,Wilson8611,drew.wilson8611@example.com,(414) 555-8611,Waukesha,WI,53186,,Chris,dog named Buddy,loves gardening,insurance deductible question
Reese,Taylor8612,reese.taylor8612@example.com,(414) 555-8612,Racine,WI,53403,,Alex,parents nearby,just remodeled kitchen,tree trim quote
Skyler,Martin8613,skyler.martin8613@example.com,(414) 555-8613,Madison,WI,53703,Martin Properties,Sam,,,
Parker,Williams8614,parker.williams8614@example.com,(414) 555-8614,Green Bay,WI,54301,,,,,
Blake,Garcia8615,blake.garcia8615@example.com,(414) 555-8615,Chicago,IL,60611,,Pat,two kids,new roof last year,sump pump check
Hayden,Rodriguez8616,hayden.rodriguez8616@example.com,(414) 555-8616,Evanston,IL,60201,Rodriguez Properties,Chris,dog named Buddy,loves gardening,insurance deductible question
Rowan,Lopez8617,rowan.lopez8617@example.com,(414) 555-8617,Brookfield,WI,53005,,Alex,parents nearby,just remodeled kitchen,tree trim quote
Sawyer,Anderson8618,sawyer.anderson8618@example.com,(414) 555-8618,Kenosha,WI,53140,,Sam,,,
Finley,Moore8619,finley.moore8619@example.com,(414) 555-8619,Appleton,WI,54911,Moore Properties,,,,
Alex,Smith8620,alex.smith8620@example.com,(414) 555-8620,Milwaukee,WI,53202,,Pat,two kids,new roof last year,sump pump check
Jordan,Brown8621,jordan.brown8621@example.com,(414) 555-8621,Waukesha,WI,53186,,Chris,dog named Buddy,loves gardening,insurance deductible question
Sam,Miller8622,sam.miller8622@example.com,(414) 555-8622,Racine,WI,53403,Miller Properties,Alex,parents nearby,just remodeled kitchen,tree trim quote
Taylor,Martinez8623,taylor.martinez8623@example.com,(414) 555-8623,Madison,WI,53703,,Sam,,,
Casey,Gonzalez8624,casey.gonzalez8624@example.com,(414) 555-8624,Green Bay,WI,54301,,,,,
Riley,Thomas8625,riley.thomas8625@example.com,(414) 555-8625,Chicago,IL,60611,Thomas Properties,Pat,two kids,new roof last year,sump pump check
Morgan,Jackson8626,morgan.jackson8626@example.com,(414) 555-8626,Evanston,IL,60201,,Chris,dog named Buddy,loves gardening,insurance deductible question
Avery,Johnson8627,avery.johnson8627@example.com,(414) 555-8627,Brookfield,WI,53005,,Alex,parents nearby,just remodeled kitchen,tree trim quote
Quinn,Jones8628,quinn.jones8628@example.com,(414) 555-8628,Kenosha,WI,53140,Jones Properties,Sam,,,
Jamie,Davis8629,jamie.davis8629@example.com,(414) 555-8629,Appleton,WI,54911,,,,,
Cameron,Hernandez8630,cameron.hernandez8630@example.com,(414) 555-8630,Milwaukee,WI,53202,,Pat,two kids,new roof last year,sump pump check
Drew,Wilson8631,drew.wilson8631@example.com,(414) 555-8631,Waukesha,WI,53186,Wilson Properties,Chris,dog named Buddy,loves gardening,insurance deductible question
Reese,Taylor8632,reese.taylor8632@example.com,(414) 555-8632,Racine,WI,53403,,Alex,parents nearby,just remodeled kitchen,tree trim quote
Skyler,Martin8633,skyler.martin8633@example.com,(414) 555-8633,Madison,WI,53703,,Sam,,,
Parker,Williams8634,parker.williams8634@example.com,(414) 555-8634,Green Bay,WI,54301,Williams Properties,,,,
Blake,Garcia8635,blake.garcia8635@example.com,(414) 555-8635,Chicago,IL,60611,,Pat,two kids,new roof last year,sump pump check
Hayden,Rodriguez8636,hayden.rodriguez8636@example.com,(414) 555-8636,Evanston,IL,60201,,Chris,dog named Buddy,loves gardening,insurance deductible question
Rowan,Lopez8637,rowan.lopez8637@example.com,(414) 555-8637,Brookfield,WI,53005,Lopez Properties,Alex,parents nearby,just remodeled kitchen,tree trim quote
Sawyer,Anderson8638,sawyer.anderson8638@example.com,(414) 555-8638,Kenosha,WI,53140,,Sam,,,
Finley,Moore8639,finley.moore8639@example.com,(414) 555-8639,Appleton,WI,54911,,,,,
Alex,Smith8640,alex.smith8640@example.com,(414) 555-8640,Milwaukee,WI,53202,Smith Properties,Pat,two kids,new roof last year,sump pump check
Jordan,Brown8641,jordan.brown8641@example.com,(414) 555-8641,Waukesha,WI,53186,,Chris,dog named Buddy,loves gardening,insurance deductible question
Sam,Miller8642,sam.miller8642@example.com,(414) 555-8642,Racine,WI,53403,,Alex,parents nearby,just remodeled kitchen,tree trim quote
Taylor,Martinez8643,taylor.martinez8643@example.com,(414) 555-8643,Madison,WI,53703,Martinez Properties,Sam,,,
Casey,Gonzalez8644,casey.gonzalez8644@example.com,(414) 555-8644,Green Bay,WI,54301,,,,,
Riley,Thomas8645,riley.thomas8645@example.com,(414) 555-8645,Chicago,IL,60611,,Pat,two kids,new roof last year,sump pump check
Morgan,Jackson8646,morgan.jackson8646@example.com,(414) 555-8646,Evanston,IL,60201,Jackson Properties,Chris,dog named Buddy,loves gardening,insurance deductible question
Avery,Johnson8647,avery.johnson8647@example.com,(414) 555-8647,Brookfield,WI,53005,,Alex,parents nearby,just remodeled kitchen,tree trim quote
Quinn,Jones8648,quinn.jones8648@example.com,(414) 555-8648,Kenosha,WI,53140,,Sam,,,
Jamie,Davis8649,jamie.davis8649@example.com,(414) 555-8649,Appleton,WI,54911,Davis Properties,,,,
Cameron,Hernandez8650,cameron.hernandez8650@example.com,(414) 555-8650,Milwaukee,WI,53202,,Pat,two kids,new roof last year,sump pump check
Drew,Wilson8651,drew.wilson8651@example.com,(414) 555-8651,Waukesha,WI,53186,,Chris,dog named Buddy,loves gardening,insurance deductible question
Reese,Taylor8652,reese.taylor8652@example.com,(414) 555-8652,Racine,WI,53403,Taylor Properties,Alex,parents nearby,just remodeled kitchen,tree trim quote
Skyler,Martin8653,skyler.martin8653@example.com,(414) 555-8653,Madison,WI,53703,,Sam,,,
Parker,Williams8654,parker.williams8654@example.com,(414) 555-8654,Green Bay,WI,54301,,,,,
Blake,Garcia8655,blake.garcia8655@example.com,(414) 555-8655,Chicago,IL,60611,Garcia Properties,Pat,two kids,new roof last year,sump pump check
Hayden,Rodriguez8656,hayden.rodriguez8656@example.com,(414) 555-8656,Evanston,IL,60201,,Chris,dog named Buddy,loves gardening,insurance deductible question
Rowan,Lopez8657,rowan.lopez8657@example.com,(414) 555-8657,Brookfield,WI,53005,,Alex,parents nearby,just remodeled kitchen,tree trim quote
Sawyer,Anderson8658,sawyer.anderson8658@example.com,(414) 555-8658,Kenosha,WI,53140,Anderson Properties,Sam,,,
Finley,Moore8659,finley.moore8659@example.com,(414) 555-8659,Appleton,WI,54911,,,,,
Alex,Smith8660,alex.smith8660@example.com,(414) 555-8660,Milwaukee,WI,53202,,Pat,two kids,new roof last year,sump pump check
Jordan,Brown8661,jordan.brown8661@example.com,(414) 555-8661,Waukesha,WI,53186,Brown Properties,Chris,dog named Buddy,loves gardening,insurance deductible question
Sam,Miller8662,sam.miller8662@example.com,(414) 555-8662,Racine,WI,53403,,Alex,parents nearby,just remodeled kitchen,tree trim quote
Taylor,Martinez8663,taylor.martinez8663@example.com,(414) 555-8663,Madison,WI,53703,,Sam,,,
Casey,Gonzalez8664,casey.gonzalez8664@example.com,(414) 555-8664,Green Bay,WI,54301,Gonzalez Properties,,,,
Riley,Thomas8665,riley.thomas8665@example.com,(414) 555-8665,Chicago,IL,60611,,Pat,two kids,new roof last year,sump pump check
Morgan,Jackson8666,morgan.jackson8666@example.com,(414) 555-8666,Evanston,IL,60201,,Chris,dog named Buddy,loves gardening,insurance deductible question
Avery,Johnson8667,avery.johnson8667@example.com,(414) 555-8667,Brookfield,WI,53005,Johnson Properties,Alex,parents nearby,just remodeled kitchen,tree trim quote
Quinn,Jones8668,quinn.jones8668@example.com,(414) 555-8668,Kenosha,WI,53140,,Sam,,,
Jamie,Davis8669,jamie.davis8669@example.com,(414) 555-8669,Appleton,WI,54911,,,,,
Cameron,Hernandez8670,cameron.hernandez8670@example.com,(414) 555-8670,Milwaukee,WI,53202,Hernandez Properties,Pat,two kids,new roof last year,sump pump check
Drew,Wilson8671,drew.wilson8671@example.com,(414) 555-8671,Waukesha,WI,53186,,Chris,dog named Buddy,loves gardening,insurance deductible question
Reese,Taylor8672,reese.taylor8672@example.com,(414) 555-8672,Racine,WI,53403,,Alex,parents nearby,just remodeled kitchen,tree trim quote
Skyler,Martin8673,skyler.martin8673@example.com,(414) 555-8673,Madison,WI,53703,Martin Properties,Sam,,,
Parker,Williams8674,parker.williams8674@example.com,(414) 555-8674,Green Bay,WI,54301,,,,,
Blake,Garcia8675,blake.garcia8675@example.com,(414) 555-8675,Chicago,IL,60611,,Pat,two kids,new roof last year,sump pump check
Hayden,Rodriguez8676,hayden.rodriguez8676@example.com,(414) 555-8676,Evanston,IL,60201,Rodriguez Properties,Chris,dog named Buddy,loves gardening,insurance deductible question
Rowan,Lopez8677,rowan.lopez8677@example.com,(414) 555-8677,Brookfield,WI,53005,,Alex,parents nearby,just remodeled kitchen,tree trim quote
Sawyer,Anderson8678,sawyer.anderson8678@example.com,(414) 555-8678,Kenosha,WI,53140,,Sam,,,
Finley,Moore8679,finley.moore8679@example.com,(414) 555-8679,Appleton,WI,54911,Moore Properties,,,,
Alex,Smith8680,alex.smith8680@example.com,(414) 555-8680,Milwaukee,WI,53202,,Pat,two kids,new roof last year,sump pump check
Jordan,Brown8681,jordan.brown8681@example.com,(414) 555-8681,Waukesha,WI,53186,,Chris,dog named Buddy,loves gardening,insurance deductible question
Sam,Miller8682,sam.miller8682@example.com,(414) 555-8682,Racine,WI,53403,Miller Properties,Alex,parents nearby,just remodeled kitchen,tree trim quote
Taylor,Martinez8683,taylor.martinez8683@example.com,(414) 555-8683,Madison,WI,53703,,Sam,,,
Casey,Gonzalez8684,casey.gonzalez8684@example.com,(414) 555-8684,Green Bay,WI,54301,,,,,
Riley,Thomas8685,riley.thomas8685@example.com,(414) 555-8685,Chicago,IL,60611,Thomas Properties,Pat,two kids,new roof last year,sump pump check
Morgan,Jackson8686,morgan.jackson8686@example.com,(414) 555-8686,Evanston,IL,60201,,Chris,dog named Buddy,loves gardening,insurance deductible question
Avery,Johnson8687,avery.johnson8687@example.com,(414) 555-8687,Brookfield,WI,53005,,Alex,parents nearby,just remodeled kitchen,tree trim quote
Quinn,Jones8688,quinn.jones8688@example.com,(414) 555-8688,Kenosha,WI,53140,Jones Properties,Sam,,,
Jamie,Davis8689,jamie.davis8689@example.com,(414) 555-8689,Appleton,WI,54911,,,,,
Cameron,Hernandez8690,cameron.hernandez8690@example.com,(414) 555-8690,Milwaukee,WI,53202,,Pat,two kids,new roof last year,sump pump check
Drew,Wilson8691,drew.wilson8691@example.com,(414) 555-8691,Waukesha,WI,53186,Wilson Properties,Chris,dog named Buddy,loves gardening,insurance deductible question
Reese,Taylor8692,reese.taylor8692@example.com,(414) 555-8692,Racine,WI,53403,,Alex,parents nearby,just remodeled kitchen,tree trim quote
Skyler,Martin8693,skyler.martin8693@example.com,(414) 555-8693,Madison,WI,53703,,Sam,,,
Parker,Williams8694,parker.williams8694@example.com,(414) 555-8694,Green Bay,WI,54301,Williams Properties,,,,
Blake,Garcia8695,blake.garcia8695@example.com,(414) 555-8695,Chicago,IL,60611,,Pat,two kids,new roof last year,sump pump check
Hayden,Rodriguez8696,hayden.rodriguez8696@example.com,(414) 555-8696,Evanston,IL,60201,,Chris,dog named Buddy,loves gardening,insurance deductible question
Rowan,Lopez8697,rowan.lopez8697@example.com,(414) 555-8697,Brookfield,WI,53005,Lopez Properties,Alex,parents nearby,just remodeled kitchen,tree trim quote
Sawyer,Anderson8698,sawyer.anderson8698@example.com,(414) 555-8698,Kenosha,WI,53140,,Sam,,,
Finley,Moore8699,finley.moore8699@example.com,(414) 555-8699,Appleton,WI,54911,,,,,
Alex,Smith8700,alex.smith8700@example.com,(414) 555-8700,Milwaukee,WI,53202,Smith Properties,Pat,two kids,new roof last year,sump pump check
Jordan,Brown8701,jordan.brown8701@example.com,(414) 555-8701,Waukesha,WI,53186,,Chris,dog named Buddy,loves gardening,insurance deductible question
Sam,Miller8702,sam.miller8702@example.com,(414) 555-8702,Racine,WI,53403,,Alex,parents nearby,just remodeled kitchen,tree trim quote
Taylor,Martinez8703,taylor.martinez8703@example.com,(414) 555-8703,Madison,WI,53703,Martinez Properties,Sam,,,
Casey,Gonzalez8704,casey.gonzalez8704@example.com,(414) 555-8704,Green Bay,WI,54301,,,,,
Riley,Thomas8705,riley.thomas8705@example.com,(414) 555-8705,Chicago,IL,60611,,Pat,two kids,new roof last year,sump pump check
Morgan,Jackson8706,morgan.jackson8706@example.com,(414) 555-8706,Evanston,IL,60201,Jackson Properties,Chris,dog named Buddy,loves gardening,insurance deductible question
Avery,Johnson8707,avery.johnson8707@example.com,(414) 555-8707,Brookfield,WI,53005,,Alex,parents nearby,just remodeled kitchen,tree trim quote
Quinn,Jones8708,quinn.jones8708@example.com,(414) 555-8708,Kenosha,WI,53140,,Sam,,,
Jamie,Davis8709,jamie.davis8709@example.com,(414) 555-8709,Appleton,WI,54911,Davis Properties,,,,
Cameron,Hernandez8710,cameron.hernandez8710@example.com,(414) 555-8710,Milwaukee,WI,53202,,Pat,two kids,new roof last year,sump pump check
Drew,Wilson8711,drew.wilson8711@example.com,(414) 555-8711,Waukesha,WI,53186,,Chris,dog named Buddy,loves gardening,insurance deductible question
Reese,Taylor8712,reese.taylor8712@example.com,(414) 555-8712,Racine,WI,53403,Taylor Properties,Alex,parents nearby,just remodeled kitchen,tree trim quote
Skyler,Martin8713,skyler.martin8713@example.com,(414) 555-8713,Madison,WI,53703,,Sam,,,
Parker,Williams8714,parker.williams8714@example.com,(414) 555-8714,Green Bay,WI,54301,,,,,
Blake,Garcia8715,blake.garcia8715@example.com,(414) 555-8715,Chicago,IL,60611,Garcia Properties,Pat,two kids,new roof last year,sump pump check
Hayden,Rodriguez8716,hayden.rodriguez8716@example.com,(414) 555-8716,Evanston,IL,60201,,Chris,dog named Buddy,loves gardening,insurance deductible question
Rowan,Lopez8717,rowan.lopez8717@example.com,(414) 555-8717,Brookfield,WI,53005,,Alex,parents nearby,just remodeled kitchen,tree trim quote
Sawyer,Anderson8718,sawyer.anderson8718@example.com,(414) 555-8718,Kenosha,WI,53140,Anderson Properties,Sam,,,
Finley,Moore8719,finley.moore8719@example.com,(414) 555-8719,Appleton,WI,54911,,,,,
Alex,Smith8720,alex.smith8720@example.com,(414) 555-8720,Milwaukee,WI,53202,,Pat,two kids,new roof last year,sump pump check
Jordan,Brown8721,jordan.brown8721@example.com,(414) 555-8721,Waukesha,WI,53186,Brown Properties,Chris,dog named Buddy,loves gardening,insurance deductible question
Sam,Miller8722,sam.miller8722@example.com,(414) 555-8722,Racine,WI,53403,,Alex,parents nearby,just remodeled kitchen,tree trim quote
Taylor,Martinez8723,taylor.martinez8723@example.com,(414) 555-8723,Madison,WI,53703,,Sam,,,
Casey,Gonzalez8724,casey.gonzalez8724@example.com,(414) 555-8724,Green Bay,WI,54301,Gonzalez Properties,,,,
Riley,Thomas8725,riley.thomas8725@example.com,(414) 555-8725,Chicago,IL,60611,,Pat,two kids,new roof last year,sump pump check
Morgan,Jackson8726,morgan.jackson8726@example.com,(414) 555-8726,Evanston,IL,60201,,Chris,dog named Buddy,loves gardening,insurance deductible question
Avery,Johnson8727,avery.johnson8727@example.com,(414) 555-8727,Brookfield,WI,53005,Johnson Properties,Alex,parents nearby,just remodeled kitchen,tree trim quote
Quinn,Jones8728,quinn.jones8728@example.com,(414) 555-8728,Kenosha,WI,53140,,Sam,,,
Jamie,Davis8729,jamie.davis8729@example.com,(414) 555-8729,Appleton,WI,54911,,,,,
Cameron,Hernandez8730,cameron.hernandez8730@example.com,(414) 555-8730,Milwaukee,WI,53202,Hernandez Properties,Pat,two kids,new roof last year,sump pump check
Drew,Wilson8731,drew.wilson8731@example.com,(414) 555-8731,Waukesha,WI,53186,,Chris,dog named Buddy,loves gardening,insurance deductible question
Reese,Taylor8732,reese.taylor8732@example.com,(414) 555-8732,Racine,WI,53403,,Alex,parents nearby,just remodeled kitchen,tree trim quote
Skyler,Martin8733,skyler.martin8733@example.com,(414) 555-8733,Madison,WI,53703,Martin Properties,Sam,,,
Parker,Williams8734,parker.williams8734@example.com,(414) 555-8734,Green Bay,WI,54301,,,,,
Blake,Garcia8735,blake.garcia8735@example.com,(414) 555-8735,Chicago,IL,60611,,Pat,two kids,new roof last year,sump pump check
Hayden,Rodriguez8736,hayden.rodriguez8736@example.com,(414) 555-8736,Evanston,IL,60201,Rodriguez Properties,Chris,dog named Buddy,loves gardening,insurance deductible question
Rowan,Lopez8737,rowan.lopez8737@example.com,(414) 555-8737,Brookfield,WI,53005,,Alex,parents nearby,just remodeled kitchen,tree trim quote
Sawyer,Anderson8738,sawyer.anderson8738@example.com,(414) 555-8738,Kenosha,WI,53140,,Sam,,,
Finley,Moore8739,finley.moore8739@example.com,(414) 555-8739,Appleton,WI,54911,Moore Properties,,,,
Alex,Smith8740,alex.smith8740@example.com,(414) 555-8740,Milwaukee,WI,53202,,Pat,two kids,new roof last year,sump pump check
Jordan,Brown8741,jordan.brown8741@example.com,(414) 555-8741,Waukesha,WI,53186,,Chris,dog named Buddy,loves gardening,insurance deductible question
Sam,Miller8742,sam.miller8742@example.com,(414) 555-8742,Racine,WI,53403,Miller Properties,Alex,parents nearby,just remodeled kitchen,tree trim quote
Taylor,Martinez8743,taylor.martinez8743@example.com,(414) 555-8743,Madison,WI,53703,,Sam,,,
Casey,Gonzalez8744,casey.gonzalez8744@example.com,(414) 555-8744,Green Bay,WI,54301,,,,,
Riley,Thomas8745,riley.thomas8745@example.com,(414) 555-8745,Chicago,IL,60611,Thomas Properties,Pat,two kids,new roof last year,sump pump check
Morgan,Jackson8746,morgan.jackson8746@example.com,(414) 555-8746,Evanston,IL,60201,,Chris,dog named Buddy,loves gardening,insurance deductible question
Avery,Johnson8747,avery.johnson8747@example.com,(414) 555-8747,Brookfield,WI,53005,,Alex,parents nearby,just remodeled kitchen,tree trim quote
Quinn,Jones8748,quinn.jones8748@example.com,(414) 555-8748,Kenosha,WI,53140,Jones Properties,Sam,,,
Jamie,Davis8749,jamie.davis8749@example.com,(414) 555-8749,Appleton,WI,54911,,,,,
Cameron,Hernandez8750,cameron.hernandez8750@example.com,(414) 555-8750,Milwaukee,WI,53202,,Pat,two kids,new roof last year,sump pump check
Drew,Wilson8751,drew.wilson8751@example.com,(414) 555-8751,Waukesha,WI,53186,Wilson Properties,Chris,dog named Buddy,loves gardening,insurance deductible question
Reese,Taylor8752,reese.taylor8752@example.com,(414) 555-8752,Racine,WI,53403,,Alex,parents nearby,just remodeled kitchen,tree trim quote
Skyler,Martin8753,skyler.martin8753@example.com,(414) 555-8753,Madison,WI,53703,,Sam,,,
Parker,Williams8754,parker.williams8754@example.com,(414) 555-8754,Green Bay,WI,54301,Williams Properties,,,,
Blake,Garcia8755,blake.garcia8755@example.com,(414) 555-8755,Chicago,IL,60611,,Pat,two kids,new roof last year,sump pump check
Hayden,Rodriguez8756,hayden.rodriguez8756@example.com,(414) 555-8756,Evanston,IL,60201,,Chris,dog named Buddy,loves gardening,insurance deductible question
Rowan,Lopez8757,rowan.lopez8757@example.com,(414) 555-8757,Brookfield,WI,53005,Lopez Properties,Alex,parents nearby,just remodeled kitchen,tree trim quote
Sawyer,Anderson8758,sawyer.anderson8758@example.com,(414) 555-8758,Kenosha,WI,53140,,Sam,,,
Finley,Moore8759,finley.moore8759@example.com,(414) 555-8759,Appleton,WI,54911,,,,,
Alex,Smith8760,alex.smith8760@example.com,(414) 555-8760,Milwaukee,WI,53202,Smith Properties,Pat,two kids,new roof last year,sump pump check
Jordan,Brown8761,jordan.brown8761@example.com,(414) 555-8761,Waukesha,WI,53186,,Chris,dog named Buddy,loves gardening,insurance deductible question
Sam,Miller8762,sam.miller8762@example.com,(414) 555-8762,Racine,WI,53403,,Alex,parents nearby,just remodeled kitchen,tree trim quote
Taylor,Martinez8763,taylor.martinez8763@example.com,(414) 555-8763,Madison,WI,53703,Martinez Properties,Sam,,,
Casey,Gonzalez8764,casey.gonzalez8764@example.com,(414) 555-8764,Green Bay,WI,54301,,,,,
Riley,Thomas8765,riley.thomas8765@example.com,(414) 555-8765,Chicago,IL,60611,,Pat,two kids,new roof last year,sump pump check
Morgan,Jackson8766,morgan.jackson8766@example.com,(414) 555-8766,Evanston,IL,60201,Jackson Properties,Chris,dog named Buddy,loves gardening,insurance deductible question
Avery,Johnson8767,avery.johnson8767@example.com,(414) 555-8767,Brookfield,WI,53005,,Alex,parents nearby,just remodeled kitchen,tree trim quote
Quinn,Jones8768,quinn.jones8768@example.com,(414) 555-8768,Kenosha,WI,53140,,Sam,,,
Jamie,Davis8769,jamie.davis8769@example.com,(414) 555-8769,Appleton,WI,54911,Davis Properties,,,,
Cameron,Hernandez8770,cameron.hernandez8770@example.com,(414) 555-8770,Milwaukee,WI,53202,,Pat,two kids,new roof last year,sump pump check
Drew,Wilson8771,drew.wilson8771@example.com,(414) 555-8771,Waukesha,WI,53186,,Chris,dog named Buddy,loves gardening,insurance deductible question
Reese,Taylor8772,reese.taylor8772@example.com,(414) 555-8772,Racine,WI,53403,Taylor Properties,Alex,parents nearby,just remodeled kitchen,tree trim quote
Skyler,Martin8773,skyler.martin8773@example.com,(414) 555-8773,Madison,WI,53703,,Sam,,,
Parker,Williams8774,parker.williams8774@example.com,(414) 555-8774,Green Bay,WI,54301,,,,,
Blake,Garcia8775,blake.garcia8775@example.com,(414) 555-8775,Chicago,IL,60611,Garcia Properties,Pat,two kids,new roof last year,sump pump check
Hayden,Rodriguez8776,hayden.rodriguez8776@example.com,(414) 555-8776,Evanston,IL,60201,,Chris,dog named Buddy,loves gardening,insurance deductible question
Rowan,Lopez8777,rowan.lopez8777@example.com,(414) 555-8777,Brookfield,WI,53005,,Alex,parents nearby,just remodeled kitchen,tree trim quote
Sawyer,Anderson8778,sawyer.anderson8778@example.com,(414) 555-8778,Kenosha,WI,53140,Anderson Properties,Sam,,,
Finley,Moore8779,finley.moore8779@example.com,(414) 555-8779,Appleton,WI,54911,,,,,
Alex,Smith8780,alex.smith8780@example.com,(414) 555-8780,Milwaukee,WI,53202,,Pat,two kids,new roof last year,sump pump check
Jordan,Brown8781,jordan.brown8781@example.com,(414) 555-8781,Waukesha,WI,53186,Brown Properties,Chris,dog named Buddy,loves gardening,insurance deductible question
Sam,Miller8782,sam.miller8782@example.com,(414) 555-8782,Racine,WI,53403,,Alex,parents nearby,just remodeled kitchen,tree trim quote
Taylor,Martinez8783,taylor.martinez8783@example.com,(414) 555-8783,Madison,WI,53703,,Sam,,,
Casey,Gonzalez8784,casey.gonzalez8784@example.com,(414) 555-8784,Green Bay,WI,54301,Gonzalez Properties,,,,
Riley,Thomas8785,riley.thomas8785@example.com,(414) 555-8785,Chicago,IL,60611,,Pat,two kids,new roof last year,sump pump check
Morgan,Jackson8786,morgan.jackson8786@example.com,(414) 555-8786,Evanston,IL,60201,,Chris,dog named Buddy,loves gardening,insurance deductible question
Avery,Johnson8787,avery.johnson8787@example.com,(414) 555-8787,Brookfield,WI,53005,Johnson Properties,Alex,parents nearby,just remodeled kitchen,tree trim quote
Quinn,Jones8788,quinn.jones8788@example.com,(414) 555-8788,Kenosha,WI,53140,,Sam,,,
Jamie,Davis8789,jamie.davis8789@example.com,(414) 555-8789,Appleton,WI,54911,,,,,
Cameron,Hernandez8790,cameron.hernandez8790@example.com,(414) 555-8790,Milwaukee,WI,53202,Hernandez Properties,Pat,two kids,new roof last year,sump pump check
Drew,Wilson8791,drew.wilson8791@example.com,(414) 555-8791,Waukesha,WI,53186,,Chris,dog named Buddy,loves gardening,insurance deductible question
Reese,Taylor8792,reese.taylor8792@example.com,(414) 555-8792,Racine,WI,53403,,Alex,parents nearby,just remodeled kitchen,tree trim quote
Skyler,Martin8793,skyler.martin8793@example.com,(414) 555-8793,Madison,WI,53703,Martin Properties,Sam,,,
Parker,Williams8794,parker.williams8794@example.com,(414) 555-8794,Green Bay,WI,54301,,,,,
Blake,Garcia8795,blake.garcia8795@example.com,(414) 555-8795,Chicago,IL,60611,,Pat,two kids,new roof last year,sump pump check
Hayden,Rodriguez8796,hayden.rodriguez8796@example.com,(414) 555-8796,Evanston,IL,60201,Rodriguez Properties,Chris,dog named Buddy,loves gardening,insurance deductible question
Rowan,Lopez8797,rowan.lopez8797@example.com,(414) 555-8797,Brookfield,WI,53005,,Alex,parents nearby,just remodeled kitchen,tree trim quote
Sawyer,Anderson8798,sawyer.anderson8798@example.com,(414) 555-8798,Kenosha,WI,53140,,Sam,,,
Finley,Moore8799,finley.moore8799@example.com,(414) 555-8799,Appleton,WI,54911,Moore Properties,,,,
Alex,Smith8800,alex.smith8800@example.com,(414) 555-8800,Milwaukee,WI,53202,,Pat,two kids,new roof last year,sump pump check
Jordan,Brown8801,jordan.brown8801@example.com,(414) 555-8801,Waukesha,WI,53186,,Chris,dog named Buddy,loves gardening,insurance deductible question
Sam,Miller8802,sam.miller8802@example.com,(414) 555-8802,Racine,WI,53403,Miller Properties,Alex,parents nearby,just remodeled kitchen,tree trim quote
Taylor,Martinez8803,taylor.martinez8803@example.com,(414) 555-8803,Madison,WI,53703,,Sam,,,
Casey,Gonzalez8804,casey.gonzalez8804@example.com,(414) 555-8804,Green Bay,WI,54301,,,,,
Riley,Thomas8805,riley.thomas8805@example.com,(414) 555-8805,Chicago,IL,60611,Thomas Properties,Pat,two kids,new roof last year,sump pump check
Morgan,Jackson8806,morgan.jackson8806@example.com,(414) 555-8806,Evanston,IL,60201,,Chris,dog named Buddy,loves gardening,insurance deductible question
Avery,Johnson8807,avery.johnson8807@example.com,(414) 555-8807,Brookfield,WI,53005,,Alex,parents nearby,just remodeled kitchen,tree trim quote
Quinn,Jones8808,quinn.jones8808@example.com,(414) 555-8808,Kenosha,WI,53140,Jones Properties,Sam,,,
Jamie,Davis8809,jamie.davis8809@example.com,(414) 555-8809,Appleton,WI,54911,,,,,
Cameron,Hernandez8810,cameron.hernandez8810@example.com,(414) 555-8810,Milwaukee,WI,53202,,Pat,two kids,new roof last year,sump pump check
Drew,Wilson8811,drew.wilson8811@example.com,(414) 555-8811,Waukesha,WI,53186,Wilson Properties,Chris,dog named Buddy,loves gardening,insurance deductible question
Reese,Taylor8812,reese.taylor8812@example.com,(414) 555-8812,Racine,WI,53403,,Alex,parents nearby,just remodeled kitchen,tree trim quote
Skyler,Martin8813,skyler.martin8813@example.com,(414) 555-8813,Madison,WI,53703,,Sam,,,
Parker,Williams8814,parker.williams8814@example.com,(414) 555-8814,Green Bay,WI,54301,Williams Properties,,,,
Blake,Garcia8815,blake.garcia8815@example.com,(414) 555-8815,Chicago,IL,60611,,Pat,two kids,new roof last year,sump pump check
Hayden,Rodriguez8816,hayden.rodriguez8816@example.com,(414) 555-8816,Evanston,IL,60201,,Chris,dog named Buddy,loves gardening,insurance deductible question
Rowan,Lopez8817,rowan.lopez8817@example.com,(414) 555-8817,Brookfield,WI,53005,Lopez Properties,Alex,parents nearby,just remodeled kitchen,tree trim quote
Sawyer,Anderson8818,sawyer.anderson8818@example.com,(414) 555-8818,Kenosha,WI,53140,,Sam,,,
Finley,Moore8819,finley.moore8819@example.com,(414) 555-8819,Appleton,WI,54911,,,,,
Alex,Smith8820,alex.smith8820@example.com,(414) 555-8820,Milwaukee,WI,53202,Smith Properties,Pat,two kids,new roof last year,sump pump check
Jordan,Brown8821,jordan.brown8821@example.com,(414) 555-8821,Waukesha,WI,53186,,Chris,dog named Buddy,loves gardening,insurance deductible question
Sam,Miller8822,sam.miller8822@example.com,(414) 555-8822,Racine,WI,53403,,Alex,parents nearby,just remodeled kitchen,tree trim quote
Taylor,Martinez8823,taylor.martinez8823@example.com,(414) 555-8823,Madison,WI,53703,Martinez Properties,Sam,,,
Casey,Gonzalez8824,casey.gonzalez8824@example.com,(414) 555-8824,Green Bay,WI,54301,,,,,
Riley,Thomas8825,riley.thomas8825@example.com,(414) 555-8825,Chicago,IL,60611,,Pat,two kids,new roof last year,sump pump check
Morgan,Jackson8826,morgan.jackson8826@example.com,(414) 555-8826,Evanston,IL,60201,Jackson Properties,Chris,dog named Buddy,loves gardening,insurance deductible question
Avery,Johnson8827,avery.johnson8827@example.com,(414) 555-8827,Brookfield,WI,53005,,Alex,parents nearby,just remodeled kitchen,tree trim quote
Quinn,Jones8828,quinn.jones8828@example.com,(414) 555-8828,Kenosha,WI,53140,,Sam,,,
Jamie,Davis8829,jamie.davis8829@example.com,(414) 555-8829,Appleton,WI,54911,Davis Properties,,,,
Cameron,Hernandez8830,cameron.hernandez8830@example.com,(414) 555-8830,Milwaukee,WI,53202,,Pat,two kids,new roof last year,sump pump check
Drew,Wilson8831,drew.wilson8831@example.com,(414) 555-8831,Waukesha,WI,53186,,Chris,dog named Buddy,loves gardening,insurance deductible question
Reese,Taylor8832,reese.taylor8832@example.com,(414) 555-8832,Racine,WI,53403,Taylor Properties,Alex,parents nearby,just remodeled kitchen,tree trim quote
Skyler,Martin8833,skyler.martin8833@example.com,(414) 555-8833,Madison,WI,53703,,Sam,,,
Parker,Williams8834,parker.williams8834@example.com,(414) 555-8834,Green Bay,WI,54301,,,,,
Blake,Garcia8835,blake.garcia8835@example.com,(414) 555-8835,Chicago,IL,60611,Garcia Properties,Pat,two kids,new roof last year,sump pump check
Hayden,Rodriguez8836,hayden.rodriguez8836@example.com,(414) 555-8836,Evanston,IL,60201,,Chris,dog named Buddy,loves gardening,insurance deductible question
Rowan,Lopez8837,rowan.lopez8837@example.com,(414) 555-8837,Brookfield,WI,53005,,Alex,parents nearby,just remodeled kitchen,tree trim quote
Sawyer,Anderson8838,sawyer.anderson8838@example.com,(414) 555-8838,Kenosha,WI,53140,Anderson Properties,Sam,,,
Finley,Moore8839,finley.moore8839@example.com,(414) 555-8839,Appleton,WI,54911,,,,,
Alex,Smith8840,alex.smith8840@example.com,(414) 555-8840,Milwaukee,WI,53202,,Pat,two kids,new roof last year,sump pump check
Jordan,Brown8841,jordan.brown8841@example.com,(414) 555-8841,Waukesha,WI,53186,Brown Properties,Chris,dog named Buddy,loves gardening,insurance deductible question
Sam,Miller8842,sam.miller8842@example.com,(414) 555-8842,Racine,WI,53403,,Alex,parents nearby,just remodeled kitchen,tree trim quote
Taylor,Martinez8843,taylor.martinez8843@example.com,(414) 555-8843,Madison,WI,53703,,Sam,,,
Casey,Gonzalez8844,casey.gonzalez8844@example.com,(414) 555-8844,Green Bay,WI,54301,Gonzalez Properties,,,,
Riley,Thomas8845,riley.thomas8845@example.com,(414) 555-8845,Chicago,IL,60611,,Pat,two kids,new roof last year,sump pump check
Morgan,Jackson8846,morgan.jackson8846@example.com,(414) 555-8846,Evanston,IL,60201,,Chris,dog named Buddy,loves gardening,insurance deductible question
Avery,Johnson8847,avery.johnson8847@example.com,(414) 555-8847,Brookfield,WI,53005,Johnson Properties,Alex,parents nearby,just remodeled kitchen,tree trim quote
Quinn,Jones8848,quinn.jones8848@example.com,(414) 555-8848,Kenosha,WI,53140,,Sam,,,
Jamie,Davis8849,jamie.davis8849@example.com,(414) 555-8849,Appleton,WI,54911,,,,,
Cameron,Hernandez8850,cameron.hernandez8850@example.com,(414) 555-8850,Milwaukee,WI,53202,Hernandez Properties,Pat,two kids,new roof last year,sump pump check
Drew,Wilson8851,drew.wilson8851@example.com,(414) 555-8851,Waukesha,WI,53186,,Chris,dog named Buddy,loves gardening,insurance deductible question
Reese,Taylor8852,reese.taylor8852@example.com,(414) 555-8852,Racine,WI,53403,,Alex,parents nearby,just remodeled kitchen,tree trim quote
Skyler,Martin8853,skyler.martin8853@example.com,(414) 555-8853,Madison,WI,53703,Martin Properties,Sam,,,
Parker,Williams8854,parker.williams8854@example.com,(414) 555-8854,Green Bay,WI,54301,,,,,
Blake,Garcia8855,blake.garcia8855@example.com,(414) 555-8855,Chicago,IL,60611,,Pat,two kids,new roof last year,sump pump check
Hayden,Rodriguez8856,hayden.rodriguez8856@example.com,(414) 555-8856,Evanston,IL,60201,Rodriguez Properties,Chris,dog named Buddy,loves gardening,insurance deductible question
Rowan,Lopez8857,rowan.lopez8857@example.com,(414) 555-8857,Brookfield,WI,53005,,Alex,parents nearby,just remodeled kitchen,tree trim quote
Sawyer,Anderson8858,sawyer.anderson8858@example.com,(414) 555-8858,Kenosha,WI,53140,,Sam,,,
Finley,Moore8859,finley.moore8859@example.com,(414) 555-8859,Appleton,WI,54911,Moore Properties,,,,
Alex,Smith8860,alex.smith8860@example.com,(414) 555-8860,Milwaukee,WI,53202,,Pat,two kids,new roof last year,sump pump check
Jordan,Brown8861,jordan.brown8861@example.com,(414) 555-8861,Waukesha,WI,53186,,Chris,dog named Buddy,loves gardening,insurance deductible question
Sam,Miller8862,sam.miller8862@example.com,(414) 555-8862,Racine,WI,53403,Miller Properties,Alex,parents nearby,just remodeled kitchen,tree trim quote
Taylor,Martinez8863,taylor.martinez8863@example.com,(414) 555-8863,Madison,WI,53703,,Sam,,,
Casey,Gonzalez8864,casey.gonzalez8864@example.com,(414) 555-8864,Green Bay,WI,54301,,,,,
Riley,Thomas8865,riley.thomas8865@example.com,(414) 555-8865,Chicago,IL,60611,Thomas Properties,Pat,two kids,new roof last year,sump pump check
Morgan,Jackson8866,morgan.jackson8866@example.com,(414) 555-8866,Evanston,IL,60201,,Chris,dog named Buddy,loves gardening,insurance deductible question
Avery,Johnson8867,avery.johnson8867@example.com,(414) 555-8867,Brookfield,WI,53005,,Alex,parents nearby,just remodeled kitchen,tree trim quote
Quinn,Jones8868,quinn.jones8868@example.com,(414) 555-8868,Kenosha,WI,53140,Jones Properties,Sam,,,
Jamie,Davis8869,jamie.davis8869@example.com,(414) 555-8869,Appleton,WI,54911,,,,,
Cameron,Hernandez8870,cameron.hernandez8870@example.com,(414) 555-8870,Milwaukee,WI,53202,,Pat,two kids,new roof last year,sump pump check
Drew,Wilson8871,drew.wilson8871@example.com,(414) 555-8871,Waukesha,WI,53186,Wilson Properties,Chris,dog named Buddy,loves gardening,insurance deductible question
Reese,Taylor8872,reese.taylor8872@example.com,(414) 555-8872,Racine,WI,53403,,Alex,parents nearby,just remodeled kitchen,tree trim quote
Skyler,Martin8873,skyler.martin8873@example.com,(414) 555-8873,Madison,WI,53703,,Sam,,,
Parker,Williams8874,parker.williams8874@example.com,(414) 555-8874,Green Bay,WI,54301,Williams Properties,,,,
Blake,Garcia8875,blake.garcia8875@example.com,(414) 555-8875,Chicago,IL,60611,,Pat,two kids,new roof last year,sump pump check
Hayden,Rodriguez8876,hayden.rodriguez8876@example.com,(414) 555-8876,Evanston,IL,60201,,Chris,dog named Buddy,loves gardening,insurance deductible question
Rowan,Lopez8877,rowan.lopez8877@example.com,(414) 555-8877,Brookfield,WI,53005,Lopez Properties,Alex,parents nearby,just remodeled kitchen,tree trim quote
Sawyer,Anderson8878,sawyer.anderson8878@example.com,(414) 555-8878,Kenosha,WI,53140,,Sam,,,
Finley,Moore8879,finley.moore8879@example.com,(414) 555-8879,Appleton,WI,54911,,,,,
Alex,Smith8880,alex.smith8880@example.com,(414) 555-8880,Milwaukee,WI,53202,Smith Properties,Pat,two kids,new roof last year,sump pump check
Jordan,Brown8881,jordan.brown8881@example.com,(414) 555-8881,Waukesha,WI,53186,,Chris,dog named Buddy,loves gardening,insurance deductible question
Sam,Miller8882,sam.miller8882@example.com,(414) 555-8882,Racine,WI,53403,,Alex,parents nearby,just remodeled kitchen,tree trim quote
Taylor,Martinez8883,taylor.martinez8883@example.com,(414) 555-8883,Madison,WI,53703,Martinez Properties,Sam,,,
Casey,Gonzalez8884,casey.gonzalez8884@example.com,(414) 555-8884,Green Bay,WI,54301,,,,,
Riley,Thomas8885,riley.thomas8885@example.com,(414) 555-8885,Chicago,IL,60611,,Pat,two kids,new roof last year,sump pump check
Morgan,Jackson8886,morgan.jackson8886@example.com,(414) 555-8886,Evanston,IL,60201,Jackson Properties,Chris,dog named Buddy,loves gardening,insurance deductible question
Avery,Johnson8887,avery.johnson8887@example.com,(414) 555-8887,Brookfield,WI,53005,,Alex,parents nearby,just remodeled kitchen,tree trim quote
Quinn,Jones8888,quinn.jones8888@example.com,(414) 555-8888,Kenosha,WI,53140,,Sam,,,
Jamie,Davis8889,jamie.davis8889@example.com,(414) 555-8889,Appleton,WI,54911,Davis Properties,,,,
Cameron,Hernandez8890,cameron.hernandez8890@example.com,(414) 555-8890,Milwaukee,WI,53202,,Pat,two kids,new roof last year,sump pump check
Drew,Wilson8891,drew.wilson8891@example.com,(414) 555-8891,Waukesha,WI,53186,,Chris,dog named Buddy,loves gardening,insurance deductible question
Reese,Taylor8892,reese.taylor8892@example.com,(414) 555-8892,Racine,WI,53403,Taylor Properties,Alex,parents nearby,just remodeled kitchen,tree trim quote
Skyler,Martin8893,skyler.martin8893@example.com,(414) 555-8893,Madison,WI,53703,,Sam,,,
Parker,Williams8894,parker.williams8894@example.com,(414) 555-8894,Green Bay,WI,54301,,,,,
Blake,Garcia8895,blake.garcia8895@example.com,(414) 555-8895,Chicago,IL,60611,Garcia Properties,Pat,two kids,new roof last year,sump pump check
Hayden,Rodriguez8896,hayden.rodriguez8896@example.com,(414) 555-8896,Evanston,IL,60201,,Chris,dog named Buddy,loves gardening,insurance deductible question
Rowan,Lopez8897,rowan.lopez8897@example.com,(414) 555-8897,Brookfield,WI,53005,,Alex,parents nearby,just remodeled kitchen,tree trim quote
Sawyer,Anderson8898,sawyer.anderson8898@example.com,(414) 555-8898,Kenosha,WI,53140,Anderson Properties,Sam,,,
Finley,Moore8899,finley.moore8899@example.com,(414) 555-8899,Appleton,WI,54911,,,,,
Alex,Smith8900,alex.smith8900@example.com,(414) 555-8900,Milwaukee,WI,53202,,Pat,two kids,new roof last year,sump pump check
Jordan,Brown8901,jordan.brown8901@example.com,(414) 555-8901,Waukesha,WI,53186,Brown Properties,Chris,dog named Buddy,loves gardening,insurance deductible question
Sam,Miller8902,sam.miller8902@example.com,(414) 555-8902,Racine,WI,53403,,Alex,parents nearby,just remodeled kitchen,tree trim quote
Taylor,Martinez8903,taylor.martinez8903@example.com,(414) 555-8903,Madison,WI,53703,,Sam,,,
Casey,Gonzalez8904,casey.gonzalez8904@example.com,(414) 555-8904,Green Bay,WI,54301,Gonzalez Properties,,,,
Riley,Thomas8905,riley.thomas8905@example.com,(414) 555-8905,Chicago,IL,60611,,Pat,two kids,new roof last year,sump pump check
Morgan,Jackson8906,morgan.jackson8906@example.com,(414) 555-8906,Evanston,IL,60201,,Chris,dog named Buddy,loves gardening,insurance deductible question
Avery,Johnson8907,avery.johnson8907@example.com,(414) 555-8907,Brookfield,WI,53005,Johnson Properties,Alex,parents nearby,just remodeled kitchen,tree trim quote
Quinn,Jones8908,quinn.jones8908@example.com,(414) 555-8908,Kenosha,WI,53140,,Sam,,,
Jamie,Davis8909,jamie.davis8909@example.com,(414) 555-8909,Appleton,WI,54911,,,,,
Cameron,Hernandez8910,cameron.hernandez8910@example.com,(414) 555-8910,Milwaukee,WI,53202,Hernandez Properties,Pat,two kids,new roof last year,sump pump check
Drew,Wilson8911,drew.wilson8911@example.com,(414) 555-8911,Waukesha,WI,53186,,Chris,dog named Buddy,loves gardening,insurance deductible question
Reese,Taylor8912,reese.taylor8912@example.com,(414) 555-8912,Racine,WI,53403,,Alex,parents nearby,just remodeled kitchen,tree trim quote
Skyler,Martin8913,skyler.martin8913@example.com,(414) 555-8913,Madison,WI,53703,Martin Properties,Sam,,,
Parker,Williams8914,parker.williams8914@example.com,(414) 555-8914,Green Bay,WI,54301,,,,,
Blake,Garcia8915,blake.garcia8915@example.com,(414) 555-8915,Chicago,IL,60611,,Pat,two kids,new roof last year,sump pump check
Hayden,Rodriguez8916,hayden.rodriguez8916@example.com,(414) 555-8916,Evanston,IL,60201,Rodriguez Properties,Chris,dog named Buddy,loves gardening,insurance deductible question
Rowan,Lopez8917,rowan.lopez8917@example.com,(414) 555-8917,Brookfield,WI,53005,,Alex,parents nearby,just remodeled kitchen,tree trim quote
Sawyer,Anderson8918,sawyer.anderson8918@example.com,(414) 555-8918,Kenosha,WI,53140,,Sam,,,
Finley,Moore8919,finley.moore8919@example.com,(414) 555-8919,Appleton,WI,54911,Moore Properties,,,,
Alex,Smith8920,alex.smith8920@example.com,(414) 555-8920,Milwaukee,WI,53202,,Pat,two kids,new roof last year,sump pump check
Jordan,Brown8921,jordan.brown8921@example.com,(414) 555-8921,Waukesha,WI,53186,,Chris,dog named Buddy,loves gardening,insurance deductible question
Sam,Miller8922,sam.miller8922@example.com,(414) 555-8922,Racine,WI,53403,Miller Properties,Alex,parents nearby,just remodeled kitchen,tree trim quote
Taylor,Martinez8923,taylor.martinez8923@example.com,(414) 555-8923,Madison,WI,53703,,Sam,,,
Casey,Gonzalez8924,casey.gonzalez8924@example.com,(414) 555-8924,Green Bay,WI,54301,,,,,
Riley,Thomas8925,riley.thomas8925@example.com,(414) 555-8925,Chicago,IL,60611,Thomas Properties,Pat,two kids,new roof last year,sump pump check
Morgan,Jackson8926,morgan.jackson8926@example.com,(414) 555-8926,Evanston,IL,60201,,Chris,dog named Buddy,loves gardening,insurance deductible question
Avery,Johnson8927,avery.johnson8927@example.com,(414) 555-8927,Brookfield,WI,53005,,Alex,parents nearby,just remodeled kitchen,tree trim quote
Quinn,Jones8928,quinn.jones8928@example.com,(414) 555-8928,Kenosha,WI,53140,Jones Properties,Sam,,,
Jamie,Davis8929,jamie.davis8929@example.com,(414) 555-8929,Appleton,WI,54911,,,,,
Cameron,Hernandez8930,cameron.hernandez8930@example.com,(414) 555-8930,Milwaukee,WI,53202,,Pat,two kids,new roof last year,sump pump check
Drew,Wilson8931,drew.wilson8931@example.com,(414) 555-8931,Waukesha,WI,53186,Wilson Properties,Chris,dog named Buddy,loves gardening,insurance deductible question
Reese,Taylor8932,reese.taylor8932@example.com,(414) 555-8932,Racine,WI,53403,,Alex,parents nearby,just remodeled kitchen,tree trim quote
Skyler,Martin8933,skyler.martin8933@example.com,(414) 555-8933,Madison,WI,53703,,Sam,,,
Parker,Williams8934,parker.williams8934@example.com,(414) 555-8934,Green Bay,WI,54301,Williams Properties,,,,
Blake,Garcia8935,blake.garcia8935@example.com,(414) 555-8935,Chicago,IL,60611,,Pat,two kids,new roof last year,sump pump check
Hayden,Rodriguez8936,hayden.rodriguez8936@example.com,(414) 555-8936,Evanston,IL,60201,,Chris,dog named Buddy,loves gardening,insurance deductible question
Rowan,Lopez8937,rowan.lopez8937@example.com,(414) 555-8937,Brookfield,WI,53005,Lopez Properties,Alex,parents nearby,just remodeled kitchen,tree trim quote
Sawyer,Anderson8938,sawyer.anderson8938@example.com,(414) 555-8938,Kenosha,WI,53140,,Sam,,,
Finley,Moore8939,finley.moore8939@example.com,(414) 555-8939,Appleton,WI,54911,,,,,
Alex,Smith8940,alex.smith8940@example.com,(414) 555-8940,Milwaukee,WI,53202,Smith Properties,Pat,two kids,new roof last year,sump pump check
Jordan,Brown8941,jordan.brown8941@example.com,(414) 555-8941,Waukesha,WI,53186,,Chris,dog named Buddy,loves gardening,insurance deductible question
Sam,Miller8942,sam.miller8942@example.com,(414) 555-8942,Racine,WI,53403,,Alex,parents nearby,just remodeled kitchen,tree trim quote
Taylor,Martinez8943,taylor.martinez8943@example.com,(414) 555-8943,Madison,WI,53703,Martinez Properties,Sam,,,
Casey,Gonzalez8944,casey.gonzalez8944@example.com,(414) 555-8944,Green Bay,WI,54301,,,,,
Riley,Thomas8945,riley.thomas8945@example.com,(414) 555-8945,Chicago,IL,60611,,Pat,two kids,new roof last year,sump pump check
Morgan,Jackson8946,morgan.jackson8946@example.com,(414) 555-8946,Evanston,IL,60201,Jackson Properties,Chris,dog named Buddy,loves gardening,insurance deductible question
Avery,Johnson8947,avery.johnson8947@example.com,(414) 555-8947,Brookfield,WI,53005,,Alex,parents nearby,just remodeled kitchen,tree trim quote
Quinn,Jones8948,quinn.jones8948@example.com,(414) 555-8948,Kenosha,WI,53140,,Sam,,,
Jamie,Davis8949,jamie.davis8949@example.com,(414) 555-8949,Appleton,WI,54911,Davis Properties,,,,
Cameron,Hernandez8950,cameron.hernandez8950@example.com,(414) 555-8950,Milwaukee,WI,53202,,Pat,two kids,new roof last year,sump pump check
Drew,Wilson8951,drew.wilson8951@example.com,(414) 555-8951,Waukesha,WI,53186,,Chris,dog named Buddy,loves gardening,insurance deductible question
Reese,Taylor8952,reese.taylor8952@example.com,(414) 555-8952,Racine,WI,53403,Taylor Properties,Alex,parents nearby,just remodeled kitchen,tree trim quote
Skyler,Martin8953,skyler.martin8953@example.com,(414) 555-8953,Madison,WI,53703,,Sam,,,
Parker,Williams8954,parker.williams8954@example.com,(414) 555-8954,Green Bay,WI,54301,,,,,
Blake,Garcia8955,blake.garcia8955@example.com,(414) 555-8955,Chicago,IL,60611,Garcia Properties,Pat,two kids,new roof last year,sump pump check
Hayden,Rodriguez8956,hayden.rodriguez8956@example.com,(414) 555-8956,Evanston,IL,60201,,Chris,dog named Buddy,loves gardening,insurance deductible question
Rowan,Lopez8957,rowan.lopez8957@example.com,(414) 555-8957,Brookfield,WI,53005,,Alex,parents nearby,just remodeled kitchen,tree trim quote
Sawyer,Anderson8958,sawyer.anderson8958@example.com,(414) 555-8958,Kenosha,WI,53140,Anderson Properties,Sam,,,
Finley,Moore8959,finley.moore8959@example.com,(414) 555-8959,Appleton,WI,54911,,,,,
Alex,Smith8960,alex.smith8960@example.com,(414) 555-8960,Milwaukee,WI,53202,,Pat,two kids,new roof last year,sump pump check
Jordan,Brown8961,jordan.brown8961@example.com,(414) 555-8961,Waukesha,WI,53186,Brown Properties,Chris,dog named Buddy,loves gardening,insurance deductible question
Sam,Miller8962,sam.miller8962@example.com,(414) 555-8962,Racine,WI,53403,,Alex,parents nearby,just remodeled kitchen,tree trim quote
Taylor,Martinez8963,taylor.martinez8963@example.com,(414) 555-8963,Madison,WI,53703,,Sam,,,
Casey,Gonzalez8964,casey.gonzalez8964@example.com,(414) 555-8964,Green Bay,WI,54301,Gonzalez Properties,,,,
Riley,Thomas8965,riley.thomas8965@example.com,(414) 555-8965,Chicago,IL,60611,,Pat,two kids,new roof last year,sump pump check
Morgan,Jackson8966,morgan.jackson8966@example.com,(414) 555-8966,Evanston,IL,60201,,Chris,dog named Buddy,loves gardening,insurance deductible question
Avery,Johnson8967,avery.johnson8967@example.com,(414) 555-8967,Brookfield,WI,53005,Johnson Properties,Alex,parents nearby,just remodeled kitchen,tree trim quote
Quinn,Jones8968,quinn.jones8968@example.com,(414) 555-8968,Kenosha,WI,53140,,Sam,,,
Jamie,Davis8969,jamie.davis8969@example.com,(414) 555-8969,Appleton,WI,54911,,,,,
Cameron,Hernandez8970,cameron.hernandez8970@example.com,(414) 555-8970,Milwaukee,WI,53202,Hernandez Properties,Pat,two kids,new roof last year,sump pump check
Drew,Wilson8971,drew.wilson8971@example.com,(414) 555-8971,Waukesha,WI,53186,,Chris,dog named Buddy,loves gardening,insurance deductible question
Reese,Taylor8972,reese.taylor8972@example.com,(414) 555-8972,Racine,WI,53403,,Alex,parents nearby,just remodeled kitchen,tree trim quote
Skyler,Martin8973,skyler.martin8973@example.com,(414) 555-8973,Madison,WI,53703,Martin Properties,Sam,,,
Parker,Williams8974,parker.williams8974@example.com,(414) 555-8974,Green Bay,WI,54301,,,,,
Blake,Garcia8975,blake.garcia8975@example.com,(414) 555-8975,Chicago,IL,60611,,Pat,two kids,new roof last year,sump pump check
Hayden,Rodriguez8976,hayden.rodriguez8976@example.com,(414) 555-8976,Evanston,IL,60201,Rodriguez Properties,Chris,dog named Buddy,loves gardening,insurance deductible question
Rowan,Lopez8977,rowan.lopez8977@example.com,(414) 555-8977,Brookfield,WI,53005,,Alex,parents nearby,just remodeled kitchen,tree trim quote
Sawyer,Anderson8978,sawyer.anderson8978@example.com,(414) 555-8978,Kenosha,WI,53140,,Sam,,,
Finley,Moore8979,finley.moore8979@example.com,(414) 555-8979,Appleton,WI,54911,Moore Properties,,,,
Alex,Smith8980,alex.smith8980@example.com,(414) 555-8980,Milwaukee,WI,53202,,Pat,two kids,new roof last year,sump pump check
Jordan,Brown8981,jordan.brown8981@example.com,(414) 555-8981,Waukesha,WI,53186,,Chris,dog named Buddy,loves gardening,insurance deductible question
Sam,Miller8982,sam.miller8982@example.com,(414) 555-8982,Racine,WI,53403,Miller Properties,Alex,parents nearby,just remodeled kitchen,tree trim quote
Taylor,Martinez8983,taylor.martinez8983@example.com,(414) 555-8983,Madison,WI,53703,,Sam,,,
Casey,Gonzalez8984,casey.gonzalez8984@example.com,(414) 555-8984,Green Bay,WI,54301,,,,,
Riley,Thomas8985,riley.thomas8985@example.com,(414) 555-8985,Chicago,IL,60611,Thomas Properties,Pat,two kids,new roof last year,sump pump check
Morgan,Jackson8986,morgan.jackson8986@example.com,(414) 555-8986,Evanston,IL,60201,,Chris,dog named Buddy,loves gardening,insurance deductible question
Avery,Johnson8987,avery.johnson8987@example.com,(414) 555-8987,Brookfield,WI,53005,,Alex,parents nearby,just remodeled kitchen,tree trim quote
Quinn,Jones8988,quinn.jones8988@example.com,(414) 555-8988,Kenosha,WI,53140,Jones Properties,Sam,,,
Jamie,Davis8989,jamie.davis8989@example.com,(414) 555-8989,Appleton,WI,54911,,,,,
Cameron,Hernandez8990,cameron.hernandez8990@example.com,(414) 555-8990,Milwaukee,WI,53202,,Pat,two kids,new roof last year,sump pump check
Drew,Wilson8991,drew.wilson8991@example.com,(414) 555-8991,Waukesha,WI,53186,Wilson Properties,Chris,dog named Buddy,loves gardening,insurance deductible question
Reese,Taylor8992,reese.taylor8992@example.com,(414) 555-8992,Racine,WI,53403,,Alex,parents nearby,just remodeled kitchen,tree trim quote
Skyler,Martin8993,skyler.martin8993@example.com,(414) 555-8993,Madison,WI,53703,,Sam,,,
Parker,Williams8994,parker.williams8994@example.com,(414) 555-8994,Green Bay,WI,54301,Williams Properties,,,,
Blake,Garcia8995,blake.garcia8995@example.com,(414) 555-8995,Chicago,IL,60611,,Pat,two kids,new roof last year,sump pump check
Hayden,Rodriguez8996,hayden.rodriguez8996@example.com,(414) 555-8996,Evanston,IL,60201,,Chris,dog named Buddy,loves gardening,insurance deductible question
Rowan,Lopez8997,rowan.lopez8997@example.com,(414) 555-8997,Brookfield,WI,53005,Lopez Properties,Alex,parents nearby,just remodeled kitchen,tree trim quote
Sawyer,Anderson8998,sawyer.anderson8998@example.com,(414) 555-8998,Kenosha,WI,53140,,Sam,,,
Finley,Moore8999,finley.moore8999@example.com,(414) 555-8999,Appleton,WI,54911,,,,,
Alex,Smith9000,alex.smith9000@example.com,(414) 555-9000,Milwaukee,WI,53202,Smith Properties,Pat,two kids,new roof last year,sump pump check
Jordan,Brown9001,jordan.brown9001@example.com,(414) 555-9001,Waukesha,WI,53186,,Chris,dog named Buddy,loves gardening,insurance deductible question
Sam,Miller9002,sam.miller9002@example.com,(414) 555-9002,Racine,WI,53403,,Alex,parents nearby,just remodeled kitchen,tree trim quote
Taylor,Martinez9003,taylor.martinez9003@example.com,(414) 555-9003,Madison,WI,53703,Martinez Properties,Sam,,,
Casey,Gonzalez9004,casey.gonzalez9004@example.com,(414) 555-9004,Green Bay,WI,54301,,,,,
Riley,Thomas9005,riley.thomas9005@example.com,(414) 555-9005,Chicago,IL,60611,,Pat,two kids,new roof last year,sump pump check
Morgan,Jackson9006,morgan.jackson9006@example.com,(414) 555-9006,Evanston,IL,60201,Jackson Properties,Chris,dog named Buddy,loves gardening,insurance deductible question
Avery,Johnson9007,avery.johnson9007@example.com,(414) 555-9007,Brookfield,WI,53005,,Alex,parents nearby,just remodeled kitchen,tree trim quote
Quinn,Jones9008,quinn.jones9008@example.com,(414) 555-9008,Kenosha,WI,53140,,Sam,,,
Jamie,Davis9009,jamie.davis9009@example.com,(414) 555-9009,Appleton,WI,54911,Davis Properties,,,,
Cameron,Hernandez9010,cameron.hernandez9010@example.com,(414) 555-9010,Milwaukee,WI,53202,,Pat,two kids,new roof last year,sump pump check
Drew,Wilson9011,drew.wilson9011@example.com,(414) 555-9011,Waukesha,WI,53186,,Chris,dog named Buddy,loves gardening,insurance deductible question
Reese,Taylor9012,reese.taylor9012@example.com,(414) 555-9012,Racine,WI,53403,Taylor Properties,Alex,parents nearby,just remodeled kitchen,tree trim quote
Skyler,Martin9013,skyler.martin9013@example.com,(414) 555-9013,Madison,WI,53703,,Sam,,,
Parker,Williams9014,parker.williams9014@example.com,(414) 555-9014,Green Bay,WI,54301,,,,,
Blake,Garcia9015,blake.garcia9015@example.com,(414) 555-9015,Chicago,IL,60611,Garcia Properties,Pat,two kids,new roof last year,sump pump check
Hayden,Rodriguez9016,hayden.rodriguez9016@example.com,(414) 555-9016,Evanston,IL,60201,,Chris,dog named Buddy,loves gardening,insurance deductible question
Rowan,Lopez9017,rowan.lopez9017@example.com,(414) 555-9017,Brookfield,WI,53005,,Alex,parents nearby,just remodeled kitchen,tree trim quote
Sawyer,Anderson9018,sawyer.anderson9018@example.com,(414) 555-9018,Kenosha,WI,53140,Anderson Properties,Sam,,,
Finley,Moore9019,finley.moore9019@example.com,(414) 555-9019,Appleton,WI,54911,,,,,
Alex,Smith9020,alex.smith9020@example.com,(414) 555-9020,Milwaukee,WI,53202,,Pat,two kids,new roof last year,sump pump check
Jordan,Brown9021,jordan.brown9021@example.com,(414) 555-9021,Waukesha,WI,53186,Brown Properties,Chris,dog named Buddy,loves gardening,insurance deductible question
Sam,Miller9022,sam.miller9022@example.com,(414) 555-9022,Racine,WI,53403,,Alex,parents nearby,just remodeled kitchen,tree trim quote
Taylor,Martinez9023,taylor.martinez9023@example.com,(414) 555-9023,Madison,WI,53703,,Sam,,,
Casey,Gonzalez9024,casey.gonzalez9024@example.com,(414) 555-9024,Green Bay,WI,54301,Gonzalez Properties,,,,
Riley,Thomas9025,riley.thomas9025@example.com,(414) 555-9025,Chicago,IL,60611,,Pat,two kids,new roof last year,sump pump check
Morgan,Jackson9026,morgan.jackson9026@example.com,(414) 555-9026,Evanston,IL,60201,,Chris,dog named Buddy,loves gardening,insurance deductible question
Avery,Johnson9027,avery.johnson9027@example.com,(414) 555-9027,Brookfield,WI,53005,Johnson Properties,Alex,parents nearby,just remodeled kitchen,tree trim quote
Quinn,Jones9028,quinn.jones9028@example.com,(414) 555-9028,Kenosha,WI,53140,,Sam,,,
Jamie,Davis9029,jamie.davis9029@example.com,(414) 555-9029,Appleton,WI,54911,,,,,
Cameron,Hernandez9030,cameron.hernandez9030@example.com,(414) 555-9030,Milwaukee,WI,53202,Hernandez Properties,Pat,two kids,new roof last year,sump pump check
Drew,Wilson9031,drew.wilson9031@example.com,(414) 555-9031,Waukesha,WI,53186,,Chris,dog named Buddy,loves gardening,insurance deductible question
Reese,Taylor9032,reese.taylor9032@example.com,(414) 555-9032,Racine,WI,53403,,Alex,parents nearby,just remodeled kitchen,tree trim quote
Skyler,Martin9033,skyler.martin9033@example.com,(414) 555-9033,Madison,WI,53703,Martin Properties,Sam,,,
Parker,Williams9034,parker.williams9034@example.com,(414) 555-9034,Green Bay,WI,54301,,,,,
Blake,Garcia9035,blake.garcia9035@example.com,(414) 555-9035,Chicago,IL,60611,,Pat,two kids,new roof last year,sump pump check
Hayden,Rodriguez9036,hayden.rodriguez9036@example.com,(414) 555-9036,Evanston,IL,60201,Rodriguez Properties,Chris,dog named Buddy,loves gardening,insurance deductible question
Rowan,Lopez9037,rowan.lopez9037@example.com,(414) 555-9037,Brookfield,WI,53005,,Alex,parents nearby,just remodeled kitchen,tree trim quote
Sawyer,Anderson9038,sawyer.anderson9038@example.com,(414) 555-9038,Kenosha,WI,53140,,Sam,,,
Finley,Moore9039,finley.moore9039@example.com,(414) 555-9039,Appleton,WI,54911,Moore Properties,,,,
Alex,Smith9040,alex.smith9040@example.com,(414) 555-9040,Milwaukee,WI,53202,,Pat,two kids,new roof last year,sump pump check
Jordan,Brown9041,jordan.brown9041@example.com,(414) 555-9041,Waukesha,WI,53186,,Chris,dog named Buddy,loves gardening,insurance deductible question
Sam,Miller9042,sam.miller9042@example.com,(414) 555-9042,Racine,WI,53403,Miller Properties,Alex,parents nearby,just remodeled kitchen,tree trim quote
Taylor,Martinez9043,taylor.martinez9043@example.com,(414) 555-9043,Madison,WI,53703,,Sam,,,
Casey,Gonzalez9044,casey.gonzalez9044@example.com,(414) 555-9044,Green Bay,WI,54301,,,,,
Riley,Thomas9045,riley.thomas9045@example.com,(414) 555-9045,Chicago,IL,60611,Thomas Properties,Pat,two kids,new roof last year,sump pump check
Morgan,Jackson9046,morgan.jackson9046@example.com,(414) 555-9046,Evanston,IL,60201,,Chris,dog named Buddy,loves gardening,insurance deductible question
Avery,Johnson9047,avery.johnson9047@example.com,(414) 555-9047,Brookfield,WI,53005,,Alex,parents nearby,just remodeled kitchen,tree trim quote
Quinn,Jones9048,quinn.jones9048@example.com,(414) 555-9048,Kenosha,WI,53140,Jones Properties,Sam,,,
Jamie,Davis9049,jamie.davis9049@example.com,(414) 555-9049,Appleton,WI,54911,,,,,
Cameron,Hernandez9050,cameron.hernandez9050@example.com,(414) 555-9050,Milwaukee,WI,53202,,Pat,two kids,new roof last year,sump pump check
Drew,Wilson9051,drew.wilson9051@example.com,(414) 555-9051,Waukesha,WI,53186,Wilson Properties,Chris,dog named Buddy,loves gardening,insurance deductible question
Reese,Taylor9052,reese.taylor9052@example.com,(414) 555-9052,Racine,WI,53403,,Alex,parents nearby,just remodeled kitchen,tree trim quote
Skyler,Martin9053,skyler.martin9053@example.com,(414) 555-9053,Madison,WI,53703,,Sam,,,
Parker,Williams9054,parker.williams9054@example.com,(414) 555-9054,Green Bay,WI,54301,Williams Properties,,,,
Blake,Garcia9055,blake.garcia9055@example.com,(414) 555-9055,Chicago,IL,60611,,Pat,two kids,new roof last year,sump pump check
Hayden,Rodriguez9056,hayden.rodriguez9056@example.com,(414) 555-9056,Evanston,IL,60201,,Chris,dog named Buddy,loves gardening,insurance deductible question
Rowan,Lopez9057,rowan.lopez9057@example.com,(414) 555-9057,Brookfield,WI,53005,Lopez Properties,Alex,parents nearby,just remodeled kitchen,tree trim quote
Sawyer,Anderson9058,sawyer.anderson9058@example.com,(414) 555-9058,Kenosha,WI,53140,,Sam,,,
Finley,Moore9059,finley.moore9059@example.com,(414) 555-9059,Appleton,WI,54911,,,,,
Alex,Smith9060,alex.smith9060@example.com,(414) 555-9060,Milwaukee,WI,53202,Smith Properties,Pat,two kids,new roof last year,sump pump check
Jordan,Brown9061,jordan.brown9061@example.com,(414) 555-9061,Waukesha,WI,53186,,Chris,dog named Buddy,loves gardening,insurance deductible question
Sam,Miller9062,sam.miller9062@example.com,(414) 555-9062,Racine,WI,53403,,Alex,parents nearby,just remodeled kitchen,tree trim quote
Taylor,Martinez9063,taylor.martinez9063@example.com,(414) 555-9063,Madison,WI,53703,Martinez Properties,Sam,,,
Casey,Gonzalez9064,casey.gonzalez9064@example.com,(414) 555-9064,Green Bay,WI,54301,,,,,
Riley,Thomas9065,riley.thomas9065@example.com,(414) 555-9065,Chicago,IL,60611,,Pat,two kids,new roof last year,sump pump check
Morgan,Jackson9066,morgan.jackson9066@example.com,(414) 555-9066,Evanston,IL,60201,Jackson Properties,Chris,dog named Buddy,loves gardening,insurance deductible question
Avery,Johnson9067,avery.johnson9067@example.com,(414) 555-9067,Brookfield,WI,53005,,Alex,parents nearby,just remodeled kitchen,tree trim quote
Quinn,Jones9068,quinn.jones9068@example.com,(414) 555-9068,Kenosha,WI,53140,,Sam,,,
Jamie,Davis9069,jamie.davis9069@example.com,(414) 555-9069,Appleton,WI,54911,Davis Properties,,,,
Cameron,Hernandez9070,cameron.hernandez9070@example.com,(414) 555-9070,Milwaukee,WI,53202,,Pat,two kids,new roof last year,sump pump check
Drew,Wilson9071,drew.wilson9071@example.com,(414) 555-9071,Waukesha,WI,53186,,Chris,dog named Buddy,loves gardening,insurance deductible question
Reese,Taylor9072,reese.taylor9072@example.com,(414) 555-9072,Racine,WI,53403,Taylor Properties,Alex,parents nearby,just remodeled kitchen,tree trim quote
Skyler,Martin9073,skyler.martin9073@example.com,(414) 555-9073,Madison,WI,53703,,Sam,,,
Parker,Williams9074,parker.williams9074@example.com,(414) 555-9074,Green Bay,WI,54301,,,,,
Blake,Garcia9075,blake.garcia9075@example.com,(414) 555-9075,Chicago,IL,60611,Garcia Properties,Pat,two kids,new roof last year,sump pump check
Hayden,Rodriguez9076,hayden.rodriguez9076@example.com,(414) 555-9076,Evanston,IL,60201,,Chris,dog named Buddy,loves gardening,insurance deductible question
Rowan,Lopez9077,rowan.lopez9077@example.com,(414) 555-9077,Brookfield,WI,53005,,Alex,parents nearby,just remodeled kitchen,tree trim quote
Sawyer,Anderson9078,sawyer.anderson9078@example.com,(414) 555-9078,Kenosha,WI,53140,Anderson Properties,Sam,,,
Finley,Moore9079,finley.moore9079@example.com,(414) 555-9079,Appleton,WI,54911,,,,,
Alex,Smith9080,alex.smith9080@example.com,(414) 555-9080,Milwaukee,WI,53202,,Pat,two kids,new roof last year,sump pump check
Jordan,Brown9081,jordan.brown9081@example.com,(414) 555-9081,Waukesha,WI,53186,Brown Properties,Chris,dog named Buddy,loves gardening,insurance deductible question
Sam,Miller9082,sam.miller9082@example.com,(414) 555-9082,Racine,WI,53403,,Alex,parents nearby,just remodeled kitchen,tree trim quote
Taylor,Martinez9083,taylor.martinez9083@example.com,(414) 555-9083,Madison,WI,53703,,Sam,,,
Casey,Gonzalez9084,casey.gonzalez9084@example.com,(414) 555-9084,Green Bay,WI,54301,Gonzalez Properties,,,,
Riley,Thomas9085,riley.thomas9085@example.com,(414) 555-9085,Chicago,IL,60611,,Pat,two kids,new roof last year,sump pump check
Morgan,Jackson9086,morgan.jackson9086@example.com,(414) 555-9086,Evanston,IL,60201,,Chris,dog named Buddy,loves gardening,insurance deductible question
Avery,Johnson9087,avery.johnson9087@example.com,(414) 555-9087,Brookfield,WI,53005,Johnson Properties,Alex,parents nearby,just remodeled kitchen,tree trim quote
Quinn,Jones9088,quinn.jones9088@example.com,(414) 555-9088,Kenosha,WI,53140,,Sam,,,
Jamie,Davis9089,jamie.davis9089@example.com,(414) 555-9089,Appleton,WI,54911,,,,,
Cameron,Hernandez9090,cameron.hernandez9090@example.com,(414) 555-9090,Milwaukee,WI,53202,Hernandez Properties,Pat,two kids,new roof last year,sump pump check
Drew,Wilson9091,drew.wilson9091@example.com,(414) 555-9091,Waukesha,WI,53186,,Chris,dog named Buddy,loves gardening,insurance deductible question
Reese,Taylor9092,reese.taylor9092@example.com,(414) 555-9092,Racine,WI,53403,,Alex,parents nearby,just remodeled kitchen,tree trim quote
Skyler,Martin9093,skyler.martin9093@example.com,(414) 555-9093,Madison,WI,53703,Martin Properties,Sam,,,
Parker,Williams9094,parker.williams9094@example.com,(414) 555-9094,Green Bay,WI,54301,,,,,
Blake,Garcia9095,blake.garcia9095@example.com,(414) 555-9095,Chicago,IL,60611,,Pat,two kids,new roof last year,sump pump check
Hayden,Rodriguez9096,hayden.rodriguez9096@example.com,(414) 555-9096,Evanston,IL,60201,Rodriguez Properties,Chris,dog named Buddy,loves gardening,insurance deductible question
Rowan,Lopez9097,rowan.lopez9097@example.com,(414) 555-9097,Brookfield,WI,53005,,Alex,parents nearby,just remodeled kitchen,tree trim quote
Sawyer,Anderson9098,sawyer.anderson9098@example.com,(414) 555-9098,Kenosha,WI,53140,,Sam,,,
Finley,Moore9099,finley.moore9099@example.com,(414) 555-9099,Appleton,WI,54911,Moore Properties,,,,
Alex,Smith9100,alex.smith9100@example.com,(414) 555-9100,Milwaukee,WI,53202,,Pat,two kids,new roof last year,sump pump check
Jordan,Brown9101,jordan.brown9101@example.com,(414) 555-9101,Waukesha,WI,53186,,Chris,dog named Buddy,loves gardening,insurance deductible question
Sam,Miller9102,sam.miller9102@example.com,(414) 555-9102,Racine,WI,53403,Miller Properties,Alex,parents nearby,just remodeled kitchen,tree trim quote
Taylor,Martinez9103,taylor.martinez9103@example.com,(414) 555-9103,Madison,WI,53703,,Sam,,,
Casey,Gonzalez9104,casey.gonzalez9104@example.com,(414) 555-9104,Green Bay,WI,54301,,,,,
Riley,Thomas9105,riley.thomas9105@example.com,(414) 555-9105,Chicago,IL,60611,Thomas Properties,Pat,two kids,new roof last year,sump pump check
Morgan,Jackson9106,morgan.jackson9106@example.com,(414) 555-9106,Evanston,IL,60201,,Chris,dog named Buddy,loves gardening,insurance deductible question
Avery,Johnson9107,avery.johnson9107@example.com,(414) 555-9107,Brookfield,WI,53005,,Alex,parents nearby,just remodeled kitchen,tree trim quote
Quinn,Jones9108,quinn.jones9108@example.com,(414) 555-9108,Kenosha,WI,53140,Jones Properties,Sam,,,
Jamie,Davis9109,jamie.davis9109@example.com,(414) 555-9109,Appleton,WI,54911,,,,,
Cameron,Hernandez9110,cameron.hernandez9110@example.com,(414) 555-9110,Milwaukee,WI,53202,,Pat,two kids,new roof last year,sump pump check
Drew,Wilson9111,drew.wilson9111@example.com,(414) 555-9111,Waukesha,WI,53186,Wilson Properties,Chris,dog named Buddy,loves gardening,insurance deductible question
Reese,Taylor9112,reese.taylor9112@example.com,(414) 555-9112,Racine,WI,53403,,Alex,parents nearby,just remodeled kitchen,tree trim quote
Skyler,Martin9113,skyler.martin9113@example.com,(414) 555-9113,Madison,WI,53703,,Sam,,,
Parker,Williams9114,parker.williams9114@example.com,(414) 555-9114,Green Bay,WI,54301,Williams Properties,,,,
Blake,Garcia9115,blake.garcia9115@example.com,(414) 555-9115,Chicago,IL,60611,,Pat,two kids,new roof last year,sump pump check
Hayden,Rodriguez9116,hayden.rodriguez9116@example.com,(414) 555-9116,Evanston,IL,60201,,Chris,dog named Buddy,loves gardening,insurance deductible question
Rowan,Lopez9117,rowan.lopez9117@example.com,(414) 555-9117,Brookfield,WI,53005,Lopez Properties,Alex,parents nearby,just remodeled kitchen,tree trim quote
Sawyer,Anderson9118,sawyer.anderson9118@example.com,(414) 555-9118,Kenosha,WI,53140,,Sam,,,
Finley,Moore9119,finley.moore9119@example.com,(414) 555-9119,Appleton,WI,54911,,,,,
Alex,Smith9120,alex.smith9120@example.com,(414) 555-9120,Milwaukee,WI,53202,Smith Properties,Pat,two kids,new roof last year,sump pump check
Jordan,Brown9121,jordan.brown9121@example.com,(414) 555-9121,Waukesha,WI,53186,,Chris,dog named Buddy,loves gardening,insurance deductible question
Sam,Miller9122,sam.miller9122@example.com,(414) 555-9122,Racine,WI,53403,,Alex,parents nearby,just remodeled kitchen,tree trim quote
Taylor,Martinez9123,taylor.martinez9123@example.com,(414) 555-9123,Madison,WI,53703,Martinez Properties,Sam,,,
Casey,Gonzalez9124,casey.gonzalez9124@example.com,(414) 555-9124,Green Bay,WI,54301,,,,,
Riley,Thomas9125,riley.thomas9125@example.com,(414) 555-9125,Chicago,IL,60611,,Pat,two kids,new roof last year,sump pump check
Morgan,Jackson9126,morgan.jackson9126@example.com,(414) 555-9126,Evanston,IL,60201,Jackson Properties,Chris,dog named Buddy,loves gardening,insurance deductible question
Avery,Johnson9127,avery.johnson9127@example.com,(414) 555-9127,Brookfield,WI,53005,,Alex,parents nearby,just remodeled kitchen,tree trim quote
Quinn,Jones9128,quinn.jones9128@example.com,(414) 555-9128,Kenosha,WI,53140,,Sam,,,
Jamie,Davis9129,jamie.davis9129@example.com,(414) 555-9129,Appleton,WI,54911,Davis Properties,,,,
Cameron,Hernandez9130,cameron.hernandez9130@example.com,(414) 555-9130,Milwaukee,WI,53202,,Pat,two kids,new roof last year,sump pump check
Drew,Wilson9131,drew.wilson9131@example.com,(414) 555-9131,Waukesha,WI,53186,,Chris,dog named Buddy,loves gardening,insurance deductible question
Reese,Taylor9132,reese.taylor9132@example.com,(414) 555-9132,Racine,WI,53403,Taylor Properties,Alex,parents nearby,just remodeled kitchen,tree trim quote
Skyler,Martin9133,skyler.martin9133@example.com,(414) 555-9133,Madison,WI,53703,,Sam,,,
Parker,Williams9134,parker.williams9134@example.com,(414) 555-9134,Green Bay,WI,54301,,,,,
Blake,Garcia9135,blake.garcia9135@example.com,(414) 555-9135,Chicago,IL,60611,Garcia Properties,Pat,two kids,new roof last year,sump pump check
Hayden,Rodriguez9136,hayden.rodriguez9136@example.com,(414) 555-9136,Evanston,IL,60201,,Chris,dog named Buddy,loves gardening,insurance deductible question
Rowan,Lopez9137,rowan.lopez9137@example.com,(414) 555-9137,Brookfield,WI,53005,,Alex,parents nearby,just remodeled kitchen,tree trim quote
Sawyer,Anderson9138,sawyer.anderson9138@example.com,(414) 555-9138,Kenosha,WI,53140,Anderson Properties,Sam,,,
Finley,Moore9139,finley.moore9139@example.com,(414) 555-9139,Appleton,WI,54911,,,,,
Alex,Smith9140,alex.smith9140@example.com,(414) 555-9140,Milwaukee,WI,53202,,Pat,two kids,new roof last year,sump pump check
Jordan,Brown9141,jordan.brown9141@example.com,(414) 555-9141,Waukesha,WI,53186,Brown Properties,Chris,dog named Buddy,loves gardening,insurance deductible question
Sam,Miller9142,sam.miller9142@example.com,(414) 555-9142,Racine,WI,53403,,Alex,parents nearby,just remodeled kitchen,tree trim quote
Taylor,Martinez9143,taylor.martinez9143@example.com,(414) 555-9143,Madison,WI,53703,,Sam,,,
Casey,Gonzalez9144,casey.gonzalez9144@example.com,(414) 555-9144,Green Bay,WI,54301,Gonzalez Properties,,,,
Riley,Thomas9145,riley.thomas9145@example.com,(414) 555-9145,Chicago,IL,60611,,Pat,two kids,new roof last year,sump pump check
Morgan,Jackson9146,morgan.jackson9146@example.com,(414) 555-9146,Evanston,IL,60201,,Chris,dog named Buddy,loves gardening,insurance deductible question
Avery,Johnson9147,avery.johnson9147@example.com,(414) 555-9147,Brookfield,WI,53005,Johnson Properties,Alex,parents nearby,just remodeled kitchen,tree trim quote
Quinn,Jones9148,quinn.jones9148@example.com,(414) 555-9148,Kenosha,WI,53140,,Sam,,,
Jamie,Davis9149,jamie.davis9149@example.com,(414) 555-9149,Appleton,WI,54911,,,,,
Cameron,Hernandez9150,cameron.hernandez9150@example.com,(414) 555-9150,Milwaukee,WI,53202,Hernandez Properties,Pat,two kids,new roof last year,sump pump check
Drew,Wilson9151,drew.wilson9151@example.com,(414) 555-9151,Waukesha,WI,53186,,Chris,dog named Buddy,loves gardening,insurance deductible question
Reese,Taylor9152,reese.taylor9152@example.com,(414) 555-9152,Racine,WI,53403,,Alex,parents nearby,just remodeled kitchen,tree trim quote
Skyler,Martin9153,skyler.martin9153@example.com,(414) 555-9153,Madison,WI,53703,Martin Properties,Sam,,,
Parker,Williams9154,parker.williams9154@example.com,(414) 555-9154,Green Bay,WI,54301,,,,,
Blake,Garcia9155,blake.garcia9155@example.com,(414) 555-9155,Chicago,IL,60611,,Pat,two kids,new roof last year,sump pump check
Hayden,Rodriguez9156,hayden.rodriguez9156@example.com,(414) 555-9156,Evanston,IL,60201,Rodriguez Properties,Chris,dog named Buddy,loves gardening,insurance deductible question
Rowan,Lopez9157,rowan.lopez9157@example.com,(414) 555-9157,Brookfield,WI,53005,,Alex,parents nearby,just remodeled kitchen,tree trim quote
Sawyer,Anderson9158,sawyer.anderson9158@example.com,(414) 555-9158,Kenosha,WI,53140,,Sam,,,
Finley,Moore9159,finley.moore9159@example.com,(414) 555-9159,Appleton,WI,54911,Moore Properties,,,,
Alex,Smith9160,alex.smith9160@example.com,(414) 555-9160,Milwaukee,WI,53202,,Pat,two kids,new roof last year,sump pump check
Jordan,Brown9161,jordan.brown9161@example.com,(414) 555-9161,Waukesha,WI,53186,,Chris,dog named Buddy,loves gardening,insurance deductible question
Sam,Miller9162,sam.miller9162@example.com,(414) 555-9162,Racine,WI,53403,Miller Properties,Alex,parents nearby,just remodeled kitchen,tree trim quote
Taylor,Martinez9163,taylor.martinez9163@example.com,(414) 555-9163,Madison,WI,53703,,Sam,,,
Casey,Gonzalez9164,casey.gonzalez9164@example.com,(414) 555-9164,Green Bay,WI,54301,,,,,
Riley,Thomas9165,riley.thomas9165@example.com,(414) 555-9165,Chicago,IL,60611,Thomas Properties,Pat,two kids,new roof last year,sump pump check
Morgan,Jackson9166,morgan.jackson9166@example.com,(414) 555-9166,Evanston,IL,60201,,Chris,dog named Buddy,loves gardening,insurance deductible question
Avery,Johnson9167,avery.johnson9167@example.com,(414) 555-9167,Brookfield,WI,53005,,Alex,parents nearby,just remodeled kitchen,tree trim quote
Quinn,Jones9168,quinn.jones9168@example.com,(414) 555-9168,Kenosha,WI,53140,Jones Properties,Sam,,,
Jamie,Davis9169,jamie.davis9169@example.com,(414) 555-9169,Appleton,WI,54911,,,,,
Cameron,Hernandez9170,cameron.hernandez9170@example.com,(414) 555-9170,Milwaukee,WI,53202,,Pat,two kids,new roof last year,sump pump check
Drew,Wilson9171,drew.wilson9171@example.com,(414) 555-9171,Waukesha,WI,53186,Wilson Properties,Chris,dog named Buddy,loves gardening,insurance deductible question
Reese,Taylor9172,reese.taylor9172@example.com,(414) 555-9172,Racine,WI,53403,,Alex,parents nearby,just remodeled kitchen,tree trim quote
Skyler,Martin9173,skyler.martin9173@example.com,(414) 555-9173,Madison,WI,53703,,Sam,,,
Parker,Williams9174,parker.williams9174@example.com,(414) 555-9174,Green Bay,WI,54301,Williams Properties,,,,
Blake,Garcia9175,blake.garcia9175@example.com,(414) 555-9175,Chicago,IL,60611,,Pat,two kids,new roof last year,sump pump check
Hayden,Rodriguez9176,hayden.rodriguez9176@example.com,(414) 555-9176,Evanston,IL,60201,,Chris,dog named Buddy,loves gardening,insurance deductible question
Rowan,Lopez9177,rowan.lopez9177@example.com,(414) 555-9177,Brookfield,WI,53005,Lopez Properties,Alex,parents nearby,just remodeled kitchen,tree trim quote
Sawyer,Anderson9178,sawyer.anderson9178@example.com,(414) 555-9178,Kenosha,WI,53140,,Sam,,,
Finley,Moore9179,finley.moore9179@example.com,(414) 555-9179,Appleton,WI,54911,,,,,
Alex,Smith9180,alex.smith9180@example.com,(414) 555-9180,Milwaukee,WI,53202,Smith Properties,Pat,two kids,new roof last year,sump pump check
Jordan,Brown9181,jordan.brown9181@example.com,(414) 555-9181,Waukesha,WI,53186,,Chris,dog named Buddy,loves gardening,insurance deductible question
Sam,Miller9182,sam.miller9182@example.com,(414) 555-9182,Racine,WI,53403,,Alex,parents nearby,just remodeled kitchen,tree trim quote
Taylor,Martinez9183,taylor.martinez9183@example.com,(414) 555-9183,Madison,WI,53703,Martinez Properties,Sam,,,
Casey,Gonzalez9184,casey.gonzalez9184@example.com,(414) 555-9184,Green Bay,WI,54301,,,,,
Riley,Thomas9185,riley.thomas9185@example.com,(414) 555-9185,Chicago,IL,60611,,Pat,two kids,new roof last year,sump pump check
Morgan,Jackson9186,morgan.jackson9186@example.com,(414) 555-9186,Evanston,IL,60201,Jackson Properties,Chris,dog named Buddy,loves gardening,insurance deductible question
Avery,Johnson9187,avery.johnson9187@example.com,(414) 555-9187,Brookfield,WI,53005,,Alex,parents nearby,just remodeled kitchen,tree trim quote
Quinn,Jones9188,quinn.jones9188@example.com,(414) 555-9188,Kenosha,WI,53140,,Sam,,,
Jamie,Davis9189,jamie.davis9189@example.com,(414) 555-9189,Appleton,WI,54911,Davis Properties,,,,
Cameron,Hernandez9190,cameron.hernandez9190@example.com,(414) 555-9190,Milwaukee,WI,53202,,Pat,two kids,new roof last year,sump pump check
Drew,Wilson9191,drew.wilson9191@example.com,(414) 555-9191,Waukesha,WI,53186,,Chris,dog named Buddy,loves gardening,insurance deductible question
Reese,Taylor9192,reese.taylor9192@example.com,(414) 555-9192,Racine,WI,53403,Taylor Properties,Alex,parents nearby,just remodeled kitchen,tree trim quote
Skyler,Martin9193,skyler.martin9193@example.com,(414) 555-9193,Madison,WI,53703,,Sam,,,
Parker,Williams9194,parker.williams9194@example.com,(414) 555-9194,Green Bay,WI,54301,,,,,
Blake,Garcia9195,blake.garcia9195@example.com,(414) 555-9195,Chicago,IL,60611,Garcia Properties,Pat,two kids,new roof last year,sump pump check
Hayden,Rodriguez9196,hayden.rodriguez9196@example.com,(414) 555-9196,Evanston,IL,60201,,Chris,dog named Buddy,loves gardening,insurance deductible question
Rowan,Lopez9197,rowan.lopez9197@example.com,(414) 555-9197,Brookfield,WI,53005,,Alex,parents nearby,just remodeled kitchen,tree trim quote
Sawyer,Anderson9198,sawyer.anderson9198@example.com,(414) 555-9198,Kenosha,WI,53140,Anderson Properties,Sam,,,
Finley,Moore9199,finley.moore9199@example.com,(414) 555-9199,Appleton,WI,54911,,,,,
Alex,Smith9200,alex.smith9200@example.com,(414) 555-9200,Milwaukee,WI,53202,,Pat,two kids,new roof last year,sump pump check
Jordan,Brown9201,jordan.brown9201@example.com,(414) 555-9201,Waukesha,WI,53186,Brown Properties,Chris,dog named Buddy,loves gardening,insurance deductible question
Sam,Miller9202,sam.miller9202@example.com,(414) 555-9202,Racine,WI,53403,,Alex,parents nearby,just remodeled kitchen,tree trim quote
Taylor,Martinez9203,taylor.martinez9203@example.com,(414) 555-9203,Madison,WI,53703,,Sam,,,
Casey,Gonzalez9204,casey.gonzalez9204@example.com,(414) 555-9204,Green Bay,WI,54301,Gonzalez Properties,,,,
Riley,Thomas9205,riley.thomas9205@example.com,(414) 555-9205,Chicago,IL,60611,,Pat,two kids,new roof last year,sump pump check
Morgan,Jackson9206,morgan.jackson9206@example.com,(414) 555-9206,Evanston,IL,60201,,Chris,dog named Buddy,loves gardening,insurance deductible question
Avery,Johnson9207,avery.johnson9207@example.com,(414) 555-9207,Brookfield,WI,53005,Johnson Properties,Alex,parents nearby,just remodeled kitchen,tree trim quote
Quinn,Jones9208,quinn.jones9208@example.com,(414) 555-9208,Kenosha,WI,53140,,Sam,,,
Jamie,Davis9209,jamie.davis9209@example.com,(414) 555-9209,Appleton,WI,54911,,,,,
Cameron,Hernandez9210,cameron.hernandez9210@example.com,(414) 555-9210,Milwaukee,WI,53202,Hernandez Properties,Pat,two kids,new roof last year,sump pump check
Drew,Wilson9211,drew.wilson9211@example.com,(414) 555-9211,Waukesha,WI,53186,,Chris,dog named Buddy,loves gardening,insurance deductible question
Reese,Taylor9212,reese.taylor9212@example.com,(414) 555-9212,Racine,WI,53403,,Alex,parents nearby,just remodeled kitchen,tree trim quote
Skyler,Martin9213,skyler.martin9213@example.com,(414) 555-9213,Madison,WI,53703,Martin Properties,Sam,,,
Parker,Williams9214,parker.williams9214@example.com,(414) 555-9214,Green Bay,WI,54301,,,,,
Blake,Garcia9215,blake.garcia9215@example.com,(414) 555-9215,Chicago,IL,60611,,Pat,two kids,new roof last year,sump pump check
Hayden,Rodriguez9216,hayden.rodriguez9216@example.com,(414) 555-9216,Evanston,IL,60201,Rodriguez Properties,Chris,dog named Buddy,loves gardening,insurance deductible question
Rowan,Lopez9217,rowan.lopez9217@example.com,(414) 555-9217,Brookfield,WI,53005,,Alex,parents nearby,just remodeled kitchen,tree trim quote
Sawyer,Anderson9218,sawyer.anderson9218@example.com,(414) 555-9218,Kenosha,WI,53140,,Sam,,,
Finley,Moore9219,finley.moore9219@example.com,(414) 555-9219,Appleton,WI,54911,Moore Properties,,,,
Alex,Smith9220,alex.smith9220@example.com,(414) 555-9220,Milwaukee,WI,53202,,Pat,two kids,new roof last year,sump pump check
Jordan,Brown9221,jordan.brown9221@example.com,(414) 555-9221,Waukesha,WI,53186,,Chris,dog named Buddy,loves gardening,insurance deductible question
Sam,Miller9222,sam.miller9222@example.com,(414) 555-9222,Racine,WI,53403,Miller Properties,Alex,parents nearby,just remodeled kitchen,tree trim quote
Taylor,Martinez9223,taylor.martinez9223@example.com,(414) 555-9223,Madison,WI,53703,,Sam,,,
Casey,Gonzalez9224,casey.gonzalez9224@example.com,(414) 555-9224,Green Bay,WI,54301,,,,,
Riley,Thomas9225,riley.thomas9225@example.com,(414) 555-9225,Chicago,IL,60611,Thomas Properties,Pat,two kids,new roof last year,sump pump check
Morgan,Jackson9226,morgan.jackson9226@example.com,(414) 555-9226,Evanston,IL,60201,,Chris,dog named Buddy,loves gardening,insurance deductible question
Avery,Johnson9227,avery.johnson9227@example.com,(414) 555-9227,Brookfield,WI,53005,,Alex,parents nearby,just remodeled kitchen,tree trim quote
Quinn,Jones9228,quinn.jones9228@example.com,(414) 555-9228,Kenosha,WI,53140,Jones Properties,Sam,,,
Jamie,Davis9229,jamie.davis9229@example.com,(414) 555-9229,Appleton,WI,54911,,,,,
Cameron,Hernandez9230,cameron.hernandez9230@example.com,(414) 555-9230,Milwaukee,WI,53202,,Pat,two kids,new roof last year,sump pump check
Drew,Wilson9231,drew.wilson9231@example.com,(414) 555-9231,Waukesha,WI,53186,Wilson Properties,Chris,dog named Buddy,loves gardening,insurance deductible question
Reese,Taylor9232,reese.taylor9232@example.com,(414) 555-9232,Racine,WI,53403,,Alex,parents nearby,just remodeled kitchen,tree trim quote
Skyler,Martin9233,skyler.martin9233@example.com,(414) 555-9233,Madison,WI,53703,,Sam,,,
Parker,Williams9234,parker.williams9234@example.com,(414) 555-9234,Green Bay,WI,54301,Williams Properties,,,,
Blake,Garcia9235,blake.garcia9235@example.com,(414) 555-9235,Chicago,IL,60611,,Pat,two kids,new roof last year,sump pump check
Hayden,Rodriguez9236,hayden.rodriguez9236@example.com,(414) 555-9236,Evanston,IL,60201,,Chris,dog named Buddy,loves gardening,insurance deductible question
Rowan,Lopez9237,rowan.lopez9237@example.com,(414) 555-9237,Brookfield,WI,53005,Lopez Properties,Alex,parents nearby,just remodeled kitchen,tree trim quote
Sawyer,Anderson9238,sawyer.anderson9238@example.com,(414) 555-9238,Kenosha,WI,53140,,Sam,,,
Finley,Moore9239,finley.moore9239@example.com,(414) 555-9239,Appleton,WI,54911,,,,,
Alex,Smith9240,alex.smith9240@example.com,(414) 555-9240,Milwaukee,WI,53202,Smith Properties,Pat,two kids,new roof last year,sump pump check
Jordan,Brown9241,jordan.brown9241@example.com,(414) 555-9241,Waukesha,WI,53186,,Chris,dog named Buddy,loves gardening,insurance deductible question
Sam,Miller9242,sam.miller9242@example.com,(414) 555-9242,Racine,WI,53403,,Alex,parents nearby,just remodeled kitchen,tree trim quote
Taylor,Martinez9243,taylor.martinez9243@example.com,(414) 555-9243,Madison,WI,53703,Martinez Properties,Sam,,,
Casey,Gonzalez9244,casey.gonzalez9244@example.com,(414) 555-9244,Green Bay,WI,54301,,,,,
Riley,Thomas9245,riley.thomas9245@example.com,(414) 555-9245,Chicago,IL,60611,,Pat,two kids,new roof last year,sump pump check
Morgan,Jackson9246,morgan.jackson9246@example.com,(414) 555-9246,Evanston,IL,60201,Jackson Properties,Chris,dog named Buddy,loves gardening,insurance deductible question
Avery,Johnson9247,avery.johnson9247@example.com,(414) 555-9247,Brookfield,WI,53005,,Alex,parents nearby,just remodeled kitchen,tree trim quote
Quinn,Jones9248,quinn.jones9248@example.com,(414) 555-9248,Kenosha,WI,53140,,Sam,,,
Jamie,Davis9249,jamie.davis9249@example.com,(414) 555-9249,Appleton,WI,54911,Davis Properties,,,,
Cameron,Hernandez9250,cameron.hernandez9250@example.com,(414) 555-9250,Milwaukee,WI,53202,,Pat,two kids,new roof last year,sump pump check
Drew,Wilson9251,drew.wilson9251@example.com,(414) 555-9251,Waukesha,WI,53186,,Chris,dog named Buddy,loves gardening,insurance deductible question
Reese,Taylor9252,reese.taylor9252@example.com,(414) 555-9252,Racine,WI,53403,Taylor Properties,Alex,parents nearby,just remodeled kitchen,tree trim quote
Skyler,Martin9253,skyler.martin9253@example.com,(414) 555-9253,Madison,WI,53703,,Sam,,,
Parker,Williams9254,parker.williams9254@example.com,(414) 555-9254,Green Bay,WI,54301,,,,,
Blake,Garcia9255,blake.garcia9255@example.com,(414) 555-9255,Chicago,IL,60611,Garcia Properties,Pat,two kids,new roof last year,sump pump check
Hayden,Rodriguez9256,hayden.rodriguez9256@example.com,(414) 555-9256,Evanston,IL,60201,,Chris,dog named Buddy,loves gardening,insurance deductible question
Rowan,Lopez9257,rowan.lopez9257@example.com,(414) 555-9257,Brookfield,WI,53005,,Alex,parents nearby,just remodeled kitchen,tree trim quote
Sawyer,Anderson9258,sawyer.anderson9258@example.com,(414) 555-9258,Kenosha,WI,53140,Anderson Properties,Sam,,,
Finley,Moore9259,finley.moore9259@example.com,(414) 555-9259,Appleton,WI,54911,,,,,
Alex,Smith9260,alex.smith9260@example.com,(414) 555-9260,Milwaukee,WI,53202,,Pat,two kids,new roof last year,sump pump check
Jordan,Brown9261,jordan.brown9261@example.com,(414) 555-9261,Waukesha,WI,53186,Brown Properties,Chris,dog named Buddy,loves gardening,insurance deductible question
Sam,Miller9262,sam.miller9262@example.com,(414) 555-9262,Racine,WI,53403,,Alex,parents nearby,just remodeled kitchen,tree trim quote
Taylor,Martinez9263,taylor.martinez9263@example.com,(414) 555-9263,Madison,WI,53703,,Sam,,,
Casey,Gonzalez9264,casey.gonzalez9264@example.com,(414) 555-9264,Green Bay,WI,54301,Gonzalez Properties,,,,
Riley,Thomas9265,riley.thomas9265@example.com,(414) 555-9265,Chicago,IL,60611,,Pat,two kids,new roof last year,sump pump check
Morgan,Jackson9266,morgan.jackson9266@example.com,(414) 555-9266,Evanston,IL,60201,,Chris,dog named Buddy,loves gardening,insurance deductible question
Avery,Johnson9267,avery.johnson9267@example.com,(414) 555-9267,Brookfield,WI,53005,Johnson Properties,Alex,parents nearby,just remodeled kitchen,tree trim quote
Quinn,Jones9268,quinn.jones9268@example.com,(414) 555-9268,Kenosha,WI,53140,,Sam,,,
Jamie,Davis9269,jamie.davis9269@example.com,(414) 555-9269,Appleton,WI,54911,,,,,
Cameron,Hernandez9270,cameron.hernandez9270@example.com,(414) 555-9270,Milwaukee,WI,53202,Hernandez Properties,Pat,two kids,new roof last year,sump pump check
Drew,Wilson9271,drew.wilson9271@example.com,(414) 555-9271,Waukesha,WI,53186,,Chris,dog named Buddy,loves gardening,insurance deductible question
Reese,Taylor9272,reese.taylor9272@example.com,(414) 555-9272,Racine,WI,53403,,Alex,parents nearby,just remodeled kitchen,tree trim quote
Skyler,Martin9273,skyler.martin9273@example.com,(414) 555-9273,Madison,WI,53703,Martin Properties,Sam,,,
Parker,Williams9274,parker.williams9274@example.com,(414) 555-9274,Green Bay,WI,54301,,,,,
Blake,Garcia9275,blake.garcia9275@example.com,(414) 555-9275,Chicago,IL,60611,,Pat,two kids,new roof last year,sump pump check
Hayden,Rodriguez9276,hayden.rodriguez9276@example.com,(414) 555-9276,Evanston,IL,60201,Rodriguez Properties,Chris,dog named Buddy,loves gardening,insurance deductible question
Rowan,Lopez9277,rowan.lopez9277@example.com,(414) 555-9277,Brookfield,WI,53005,,Alex,parents nearby,just remodeled kitchen,tree trim quote
Sawyer,Anderson9278,sawyer.anderson9278@example.com,(414) 555-9278,Kenosha,WI,53140,,Sam,,,
Finley,Moore9279,finley.moore9279@example.com,(414) 555-9279,Appleton,WI,54911,Moore Properties,,,,
Alex,Smith9280,alex.smith9280@example.com,(414) 555-9280,Milwaukee,WI,53202,,Pat,two kids,new roof last year,sump pump check
Jordan,Brown9281,jordan.brown9281@example.com,(414) 555-9281,Waukesha,WI,53186,,Chris,dog named Buddy,loves gardening,insurance deductible question
Sam,Miller9282,sam.miller9282@example.com,(414) 555-9282,Racine,WI,53403,Miller Properties,Alex,parents nearby,just remodeled kitchen,tree trim quote
Taylor,Martinez9283,taylor.martinez9283@example.com,(414) 555-9283,Madison,WI,53703,,Sam,,,
Casey,Gonzalez9284,casey.gonzalez9284@example.com,(414) 555-9284,Green Bay,WI,54301,,,,,
Riley,Thomas9285,riley.thomas9285@example.com,(414) 555-9285,Chicago,IL,60611,Thomas Properties,Pat,two kids,new roof last year,sump pump check
Morgan,Jackson9286,morgan.jackson9286@example.com,(414) 555-9286,Evanston,IL,60201,,Chris,dog named Buddy,loves gardening,insurance deductible question
Avery,Johnson9287,avery.johnson9287@example.com,(414) 555-9287,Brookfield,WI,53005,,Alex,parents nearby,just remodeled kitchen,tree trim quote
Quinn,Jones9288,quinn.jones9288@example.com,(414) 555-9288,Kenosha,WI,53140,Jones Properties,Sam,,,
Jamie,Davis9289,jamie.davis9289@example.com,(414) 555-9289,Appleton,WI,54911,,,,,
Cameron,Hernandez9290,cameron.hernandez9290@example.com,(414) 555-9290,Milwaukee,WI,53202,,Pat,two kids,new roof last year,sump pump check
Drew,Wilson9291,drew.wilson9291@example.com,(414) 555-9291,Waukesha,WI,53186,Wilson Properties,Chris,dog named Buddy,loves gardening,insurance deductible question
Reese,Taylor9292,reese.taylor9292@example.com,(414) 555-9292,Racine,WI,53403,,Alex,parents nearby,just remodeled kitchen,tree trim quote
Skyler,Martin9293,skyler.martin9293@example.com,(414) 555-9293,Madison,WI,53703,,Sam,,,
Parker,Williams9294,parker.williams9294@example.com,(414) 555-9294,Green Bay,WI,54301,Williams Properties,,,,
Blake,Garcia9295,blake.garcia9295@example.com,(414) 555-9295,Chicago,IL,60611,,Pat,two kids,new roof last year,sump pump check
Hayden,Rodriguez9296,hayden.rodriguez9296@example.com,(414) 555-9296,Evanston,IL,60201,,Chris,dog named Buddy,loves gardening,insurance deductible question
Rowan,Lopez9297,rowan.lopez9297@example.com,(414) 555-9297,Brookfield,WI,53005,Lopez Properties,Alex,parents nearby,just remodeled kitchen,tree trim quote
Sawyer,Anderson9298,sawyer.anderson9298@example.com,(414) 555-9298,Kenosha,WI,53140,,Sam,,,
Finley,Moore9299,finley.moore9299@example.com,(414) 555-9299,Appleton,WI,54911,,,,,
Alex,Smith9300,alex.smith9300@example.com,(414) 555-9300,Milwaukee,WI,53202,Smith Properties,Pat,two kids,new roof last year,sump pump check
Jordan,Brown9301,jordan.brown9301@example.com,(414) 555-9301,Waukesha,WI,53186,,Chris,dog named Buddy,loves gardening,insurance deductible question
Sam,Miller9302,sam.miller9302@example.com,(414) 555-9302,Racine,WI,53403,,Alex,parents nearby,just remodeled kitchen,tree trim quote
Taylor,Martinez9303,taylor.martinez9303@example.com,(414) 555-9303,Madison,WI,53703,Martinez Properties,Sam,,,
Casey,Gonzalez9304,casey.gonzalez9304@example.com,(414) 555-9304,Green Bay,WI,54301,,,,,
Riley,Thomas9305,riley.thomas9305@example.com,(414) 555-9305,Chicago,IL,60611,,Pat,two kids,new roof last year,sump pump check
Morgan,Jackson9306,morgan.jackson9306@example.com,(414) 555-9306,Evanston,IL,60201,Jackson Properties,Chris,dog named Buddy,loves gardening,insurance deductible question
Avery,Johnson9307,avery.johnson9307@example.com,(414) 555-9307,Brookfield,WI,53005,,Alex,parents nearby,just remodeled kitchen,tree trim quote
Quinn,Jones9308,quinn.jones9308@example.com,(414) 555-9308,Kenosha,WI,53140,,Sam,,,
Jamie,Davis9309,jamie.davis9309@example.com,(414) 555-9309,Appleton,WI,54911,Davis Properties,,,,
Cameron,Hernandez9310,cameron.hernandez9310@example.com,(414) 555-9310,Milwaukee,WI,53202,,Pat,two kids,new roof last year,sump pump check
Drew,Wilson9311,drew.wilson9311@example.com,(414) 555-9311,Waukesha,WI,53186,,Chris,dog named Buddy,loves gardening,insurance deductible question
Reese,Taylor9312,reese.taylor9312@example.com,(414) 555-9312,Racine,WI,53403,Taylor Properties,Alex,parents nearby,just remodeled kitchen,tree trim quote
Skyler,Martin9313,skyler.martin9313@example.com,(414) 555-9313,Madison,WI,53703,,Sam,,,
Parker,Williams9314,parker.williams9314@example.com,(414) 555-9314,Green Bay,WI,54301,,,,,
Blake,Garcia9315,blake.garcia9315@example.com,(414) 555-9315,Chicago,IL,60611,Garcia Properties,Pat,two kids,new roof last year,sump pump check
Hayden,Rodriguez9316,hayden.rodriguez9316@example.com,(414) 555-9316,Evanston,IL,60201,,Chris,dog named Buddy,loves gardening,insurance deductible question
Rowan,Lopez9317,rowan.lopez9317@example.com,(414) 555-9317,Brookfield,WI,53005,,Alex,parents nearby,just remodeled kitchen,tree trim quote
Sawyer,Anderson9318,sawyer.anderson9318@example.com,(414) 555-9318,Kenosha,WI,53140,Anderson Properties,Sam,,,
Finley,Moore9319,finley.moore9319@example.com,(414) 555-9319,Appleton,WI,54911,,,,,
Alex,Smith9320,alex.smith9320@example.com,(414) 555-9320,Milwaukee,WI,53202,,Pat,two kids,new roof last year,sump pump check
Jordan,Brown9321,jordan.brown9321@example.com,(414) 555-9321,Waukesha,WI,53186,Brown Properties,Chris,dog named Buddy,loves gardening,insurance deductible question
Sam,Miller9322,sam.miller9322@example.com,(414) 555-9322,Racine,WI,53403,,Alex,parents nearby,just remodeled kitchen,tree trim quote
Taylor,Martinez9323,taylor.martinez9323@example.com,(414) 555-9323,Madison,WI,53703,,Sam,,,
Casey,Gonzalez9324,casey.gonzalez9324@example.com,(414) 555-9324,Green Bay,WI,54301,Gonzalez Properties,,,,
Riley,Thomas9325,riley.thomas9325@example.com,(414) 555-9325,Chicago,IL,60611,,Pat,two kids,new roof last year,sump pump check
Morgan,Jackson9326,morgan.jackson9326@example.com,(414) 555-9326,Evanston,IL,60201,,Chris,dog named Buddy,loves gardening,insurance deductible question
Avery,Johnson9327,avery.johnson9327@example.com,(414) 555-9327,Brookfield,WI,53005,Johnson Properties,Alex,parents nearby,just remodeled kitchen,tree trim quote
Quinn,Jones9328,quinn.jones9328@example.com,(414) 555-9328,Kenosha,WI,53140,,Sam,,,
Jamie,Davis9329,jamie.davis9329@example.com,(414) 555-9329,Appleton,WI,54911,,,,,
Cameron,Hernandez9330,cameron.hernandez9330@example.com,(414) 555-9330,Milwaukee,WI,53202,Hernandez Properties,Pat,two kids,new roof last year,sump pump check
Drew,Wilson9331,drew.wilson9331@example.com,(414) 555-9331,Waukesha,WI,53186,,Chris,dog named Buddy,loves gardening,insurance deductible question
Reese,Taylor9332,reese.taylor9332@example.com,(414) 555-9332,Racine,WI,53403,,Alex,parents nearby,just remodeled kitchen,tree trim quote
Skyler,Martin9333,skyler.martin9333@example.com,(414) 555-9333,Madison,WI,53703,Martin Properties,Sam,,,
Parker,Williams9334,parker.williams9334@example.com,(414) 555-9334,Green Bay,WI,54301,,,,,
Blake,Garcia9335,blake.garcia9335@example.com,(414) 555-9335,Chicago,IL,60611,,Pat,two kids,new roof last year,sump pump check
Hayden,Rodriguez9336,hayden.rodriguez9336@example.com,(414) 555-9336,Evanston,IL,60201,Rodriguez Properties,Chris,dog named Buddy,loves gardening,insurance deductible question
Rowan,Lopez9337,rowan.lopez9337@example.com,(414) 555-9337,Brookfield,WI,53005,,Alex,parents nearby,just remodeled kitchen,tree trim quote
Sawyer,Anderson9338,sawyer.anderson9338@example.com,(414) 555-9338,Kenosha,WI,53140,,Sam,,,
Finley,Moore9339,finley.moore9339@example.com,(414) 555-9339,Appleton,WI,54911,Moore Properties,,,,
Alex,Smith9340,alex.smith9340@example.com,(414) 555-9340,Milwaukee,WI,53202,,Pat,two kids,new roof last year,sump pump check
Jordan,Brown9341,jordan.brown9341@example.com,(414) 555-9341,Waukesha,WI,53186,,Chris,dog named Buddy,loves gardening,insurance deductible question
Sam,Miller9342,sam.miller9342@example.com,(414) 555-9342,Racine,WI,53403,Miller Properties,Alex,parents nearby,just remodeled kitchen,tree trim quote
Taylor,Martinez9343,taylor.martinez9343@example.com,(414) 555-9343,Madison,WI,53703,,Sam,,,
Casey,Gonzalez9344,casey.gonzalez9344@example.com,(414) 555-9344,Green Bay,WI,54301,,,,,
Riley,Thomas9345,riley.thomas9345@example.com,(414) 555-9345,Chicago,IL,60611,Thomas Properties,Pat,two kids,new roof last year,sump pump check
Morgan,Jackson9346,morgan.jackson9346@example.com,(414) 555-9346,Evanston,IL,60201,,Chris,dog named Buddy,loves gardening,insurance deductible question
Avery,Johnson9347,avery.johnson9347@example.com,(414) 555-9347,Brookfield,WI,53005,,Alex,parents nearby,just remodeled kitchen,tree trim quote
Quinn,Jones9348,quinn.jones9348@example.com,(414) 555-9348,Kenosha,WI,53140,Jones Properties,Sam,,,
Jamie,Davis9349,jamie.davis9349@example.com,(414) 555-9349,Appleton,WI,54911,,,,,
Cameron,Hernandez9350,cameron.hernandez9350@example.com,(414) 555-9350,Milwaukee,WI,53202,,Pat,two kids,new roof last year,sump pump check
Drew,Wilson9351,drew.wilson9351@example.com,(414) 555-9351,Waukesha,WI,53186,Wilson Properties,Chris,dog named Buddy,loves gardening,insurance deductible question
Reese,Taylor9352,reese.taylor9352@example.com,(414) 555-9352,Racine,WI,53403,,Alex,parents nearby,just remodeled kitchen,tree trim quote
Skyler,Martin9353,skyler.martin9353@example.com,(414) 555-9353,Madison,WI,53703,,Sam,,,
Parker,Williams9354,parker.williams9354@example.com,(414) 555-9354,Green Bay,WI,54301,Williams Properties,,,,
Blake,Garcia9355,blake.garcia9355@example.com,(414) 555-9355,Chicago,IL,60611,,Pat,two kids,new roof last year,sump pump check
Hayden,Rodriguez9356,hayden.rodriguez9356@example.com,(414) 555-9356,Evanston,IL,60201,,Chris,dog named Buddy,loves gardening,insurance deductible question
Rowan,Lopez9357,rowan.lopez9357@example.com,(414) 555-9357,Brookfield,WI,53005,Lopez Properties,Alex,parents nearby,just remodeled kitchen,tree trim quote
Sawyer,Anderson9358,sawyer.anderson9358@example.com,(414) 555-9358,Kenosha,WI,53140,,Sam,,,
Finley,Moore9359,finley.moore9359@example.com,(414) 555-9359,Appleton,WI,54911,,,,,
Alex,Smith9360,alex.smith9360@example.com,(414) 555-9360,Milwaukee,WI,53202,Smith Properties,Pat,two kids,new roof last year,sump pump check
Jordan,Brown9361,jordan.brown9361@example.com,(414) 555-9361,Waukesha,WI,53186,,Chris,dog named Buddy,loves gardening,insurance deductible question
Sam,Miller9362,sam.miller9362@example.com,(414) 555-9362,Racine,WI,53403,,Alex,parents nearby,just remodeled kitchen,tree trim quote
Taylor,Martinez9363,taylor.martinez9363@example.com,(414) 555-9363,Madison,WI,53703,Martinez Properties,Sam,,,
Casey,Gonzalez9364,casey.gonzalez9364@example.com,(414) 555-9364,Green Bay,WI,54301,,,,,
Riley,Thomas9365,riley.thomas9365@example.com,(414) 555-9365,Chicago,IL,60611,,Pat,two kids,new roof last year,sump pump check
Morgan,Jackson9366,morgan.jackson9366@example.com,(414) 555-9366,Evanston,IL,60201,Jackson Properties,Chris,dog named Buddy,loves gardening,insurance deductible question
Avery,Johnson9367,avery.johnson9367@example.com,(414) 555-9367,Brookfield,WI,53005,,Alex,parents nearby,just remodeled kitchen,tree trim quote
Quinn,Jones9368,quinn.jones9368@example.com,(414) 555-9368,Kenosha,WI,53140,,Sam,,,
Jamie,Davis9369,jamie.davis9369@example.com,(414) 555-9369,Appleton,WI,54911,Davis Properties,,,,
Cameron,Hernandez9370,cameron.hernandez9370@example.com,(414) 555-9370,Milwaukee,WI,53202,,Pat,two kids,new roof last year,sump pump check
Drew,Wilson9371,drew.wilson9371@example.com,(414) 555-9371,Waukesha,WI,53186,,Chris,dog named Buddy,loves gardening,insurance deductible question
Reese,Taylor9372,reese.taylor9372@example.com,(414) 555-9372,Racine,WI,53403,Taylor Properties,Alex,parents nearby,just remodeled kitchen,tree trim quote
Skyler,Martin9373,skyler.martin9373@example.com,(414) 555-9373,Madison,WI,53703,,Sam,,,
Parker,Williams9374,parker.williams9374@example.com,(414) 555-9374,Green Bay,WI,54301,,,,,
Blake,Garcia9375,blake.garcia9375@example.com,(414) 555-9375,Chicago,IL,60611,Garcia Properties,Pat,two kids,new roof last year,sump pump check
Hayden,Rodriguez9376,hayden.rodriguez9376@example.com,(414) 555-9376,Evanston,IL,60201,,Chris,dog named Buddy,loves gardening,insurance deductible question
Rowan,Lopez9377,rowan.lopez9377@example.com,(414) 555-9377,Brookfield,WI,53005,,Alex,parents nearby,just remodeled kitchen,tree trim quote
Sawyer,Anderson9378,sawyer.anderson9378@example.com,(414) 555-9378,Kenosha,WI,53140,Anderson Properties,Sam,,,
Finley,Moore9379,finley.moore9379@example.com,(414) 555-9379,Appleton,WI,54911,,,,,
Alex,Smith9380,alex.smith9380@example.com,(414) 555-9380,Milwaukee,WI,53202,,Pat,two kids,new roof last year,sump pump check
Jordan,Brown9381,jordan.brown9381@example.com,(414) 555-9381,Waukesha,WI,53186,Brown Properties,Chris,dog named Buddy,loves gardening,insurance deductible question
Sam,Miller9382,sam.miller9382@example.com,(414) 555-9382,Racine,WI,53403,,Alex,parents nearby,just remodeled kitchen,tree trim quote
Taylor,Martinez9383,taylor.martinez9383@example.com,(414) 555-9383,Madison,WI,53703,,Sam,,,
Casey,Gonzalez9384,casey.gonzalez9384@example.com,(414) 555-9384,Green Bay,WI,54301,Gonzalez Properties,,,,
Riley,Thomas9385,riley.thomas9385@example.com,(414) 555-9385,Chicago,IL,60611,,Pat,two kids,new roof last year,sump pump check
Morgan,Jackson9386,morgan.jackson9386@example.com,(414) 555-9386,Evanston,IL,60201,,Chris,dog named Buddy,loves gardening,insurance deductible question
Avery,Johnson9387,avery.johnson9387@example.com,(414) 555-9387,Brookfield,WI,53005,Johnson Properties,Alex,parents nearby,just remodeled kitchen,tree trim quote
Quinn,Jones9388,quinn.jones9388@example.com,(414) 555-9388,Kenosha,WI,53140,,Sam,,,
Jamie,Davis9389,jamie.davis9389@example.com,(414) 555-9389,Appleton,WI,54911,,,,,
Cameron,Hernandez9390,cameron.hernandez9390@example.com,(414) 555-9390,Milwaukee,WI,53202,Hernandez Properties,Pat,two kids,new roof last year,sump pump check
Drew,Wilson9391,drew.wilson9391@example.com,(414) 555-9391,Waukesha,WI,53186,,Chris,dog named Buddy,loves gardening,insurance deductible question
Reese,Taylor9392,reese.taylor9392@example.com,(414) 555-9392,Racine,WI,53403,,Alex,parents nearby,just remodeled kitchen,tree trim quote
Skyler,Martin9393,skyler.martin9393@example.com,(414) 555-9393,Madison,WI,53703,Martin Properties,Sam,,,
Parker,Williams9394,parker.williams9394@example.com,(414) 555-9394,Green Bay,WI,54301,,,,,
Blake,Garcia9395,blake.garcia9395@example.com,(414) 555-9395,Chicago,IL,60611,,Pat,two kids,new roof last year,sump pump check
Hayden,Rodriguez9396,hayden.rodriguez9396@example.com,(414) 555-9396,Evanston,IL,60201,Rodriguez Properties,Chris,dog named Buddy,loves gardening,insurance deductible question
Rowan,Lopez9397,rowan.lopez9397@example.com,(414) 555-9397,Brookfield,WI,53005,,Alex,parents nearby,just remodeled kitchen,tree trim quote
Sawyer,Anderson9398,sawyer.anderson9398@example.com,(414) 555-9398,Kenosha,WI,53140,,Sam,,,
Finley,Moore9399,finley.moore9399@example.com,(414) 555-9399,Appleton,WI,54911,Moore Properties,,,,
Alex,Smith9400,alex.smith9400@example.com,(414) 555-9400,Milwaukee,WI,53202,,Pat,two kids,new roof last year,sump pump check
Jordan,Brown9401,jordan.brown9401@example.com,(414) 555-9401,Waukesha,WI,53186,,Chris,dog named Buddy,loves gardening,insurance deductible question
Sam,Miller9402,sam.miller9402@example.com,(414) 555-9402,Racine,WI,53403,Miller Properties,Alex,parents nearby,just remodeled kitchen,tree trim quote
Taylor,Martinez9403,taylor.martinez9403@example.com,(414) 555-9403,Madison,WI,53703,,Sam,,,
Casey,Gonzalez9404,casey.gonzalez9404@example.com,(414) 555-9404,Green Bay,WI,54301,,,,,
Riley,Thomas9405,riley.thomas9405@example.com,(414) 555-9405,Chicago,IL,60611,Thomas Properties,Pat,two kids,new roof last year,sump pump check
Morgan,Jackson9406,morgan.jackson9406@example.com,(414) 555-9406,Evanston,IL,60201,,Chris,dog named Buddy,loves gardening,insurance deductible question
Avery,Johnson9407,avery.johnson9407@example.com,(414) 555-9407,Brookfield,WI,53005,,Alex,parents nearby,just remodeled kitchen,tree trim quote
Quinn,Jones9408,quinn.jones9408@example.com,(414) 555-9408,Kenosha,WI,53140,Jones Properties,Sam,,,
Jamie,Davis9409,jamie.davis9409@example.com,(414) 555-9409,Appleton,WI,54911,,,,,
Cameron,Hernandez9410,cameron.hernandez9410@example.com,(414) 555-9410,Milwaukee,WI,53202,,Pat,two kids,new roof last year,sump pump check
Drew,Wilson9411,drew.wilson9411@example.com,(414) 555-9411,Waukesha,WI,53186,Wilson Properties,Chris,dog named Buddy,loves gardening,insurance deductible question
Reese,Taylor9412,reese.taylor9412@example.com,(414) 555-9412,Racine,WI,53403,,Alex,parents nearby,just remodeled kitchen,tree trim quote
Skyler,Martin9413,skyler.martin9413@example.com,(414) 555-9413,Madison,WI,53703,,Sam,,,
Parker,Williams9414,parker.williams9414@example.com,(414) 555-9414,Green Bay,WI,54301,Williams Properties,,,,
Blake,Garcia9415,blake.garcia9415@example.com,(414) 555-9415,Chicago,IL,60611,,Pat,two kids,new roof last year,sump pump check
Hayden,Rodriguez9416,hayden.rodriguez9416@example.com,(414) 555-9416,Evanston,IL,60201,,Chris,dog named Buddy,loves gardening,insurance deductible question
Rowan,Lopez9417,rowan.lopez9417@example.com,(414) 555-9417,Brookfield,WI,53005,Lopez Properties,Alex,parents nearby,just remodeled kitchen,tree trim quote
Sawyer,Anderson9418,sawyer.anderson9418@example.com,(414) 555-9418,Kenosha,WI,53140,,Sam,,,
Finley,Moore9419,finley.moore9419@example.com,(414) 555-9419,Appleton,WI,54911,,,,,
Alex,Smith9420,alex.smith9420@example.com,(414) 555-9420,Milwaukee,WI,53202,Smith Properties,Pat,two kids,new roof last year,sump pump check
Jordan,Brown9421,jordan.brown9421@example.com,(414) 555-9421,Waukesha,WI,53186,,Chris,dog named Buddy,loves gardening,insurance deductible question
Sam,Miller9422,sam.miller9422@example.com,(414) 555-9422,Racine,WI,53403,,Alex,parents nearby,just remodeled kitchen,tree trim quote
Taylor,Martinez9423,taylor.martinez9423@example.com,(414) 555-9423,Madison,WI,53703,Martinez Properties,Sam,,,
Casey,Gonzalez9424,casey.gonzalez9424@example.com,(414) 555-9424,Green Bay,WI,54301,,,,,
Riley,Thomas9425,riley.thomas9425@example.com,(414) 555-9425,Chicago,IL,60611,,Pat,two kids,new roof last year,sump pump check
Morgan,Jackson9426,morgan.jackson9426@example.com,(414) 555-9426,Evanston,IL,60201,Jackson Properties,Chris,dog named Buddy,loves gardening,insurance deductible question
Avery,Johnson9427,avery.johnson9427@example.com,(414) 555-9427,Brookfield,WI,53005,,Alex,parents nearby,just remodeled kitchen,tree trim quote
Quinn,Jones9428,quinn.jones9428@example.com,(414) 555-9428,Kenosha,WI,53140,,Sam,,,
Jamie,Davis9429,jamie.davis9429@example.com,(414) 555-9429,Appleton,WI,54911,Davis Properties,,,,
Cameron,Hernandez9430,cameron.hernandez9430@example.com,(414) 555-9430,Milwaukee,WI,53202,,Pat,two kids,new roof last year,sump pump check
Drew,Wilson9431,drew.wilson9431@example.com,(414) 555-9431,Waukesha,WI,53186,,Chris,dog named Buddy,loves gardening,insurance deductible question
Reese,Taylor9432,reese.taylor9432@example.com,(414) 555-9432,Racine,WI,53403,Taylor Properties,Alex,parents nearby,just remodeled kitchen,tree trim quote
Skyler,Martin9433,skyler.martin9433@example.com,(414) 555-9433,Madison,WI,53703,,Sam,,,
Parker,Williams9434,parker.williams9434@example.com,(414) 555-9434,Green Bay,WI,54301,,,,,
Blake,Garcia9435,blake.garcia9435@example.com,(414) 555-9435,Chicago,IL,60611,Garcia Properties,Pat,two kids,new roof last year,sump pump check
Hayden,Rodriguez9436,hayden.rodriguez9436@example.com,(414) 555-9436,Evanston,IL,60201,,Chris,dog named Buddy,loves gardening,insurance deductible question
Rowan,Lopez9437,rowan.lopez9437@example.com,(414) 555-9437,Brookfield,WI,53005,,Alex,parents nearby,just remodeled kitchen,tree trim quote
Sawyer,Anderson9438,sawyer.anderson9438@example.com,(414) 555-9438,Kenosha,WI,53140,Anderson Properties,Sam,,,
Finley,Moore9439,finley.moore9439@example.com,(414) 555-9439,Appleton,WI,54911,,,,,
Alex,Smith9440,alex.smith9440@example.com,(414) 555-9440,Milwaukee,WI,53202,,Pat,two kids,new roof last year,sump pump check
Jordan,Brown9441,jordan.brown9441@example.com,(414) 555-9441,Waukesha,WI,53186,Brown Properties,Chris,dog named Buddy,loves gardening,insurance deductible question
Sam,Miller9442,sam.miller9442@example.com,(414) 555-9442,Racine,WI,53403,,Alex,parents nearby,just remodeled kitchen,tree trim quote
Taylor,Martinez9443,taylor.martinez9443@example.com,(414) 555-9443,Madison,WI,53703,,Sam,,,
Casey,Gonzalez9444,casey.gonzalez9444@example.com,(414) 555-9444,Green Bay,WI,54301,Gonzalez Properties,,,,
Riley,Thomas9445,riley.thomas9445@example.com,(414) 555-9445,Chicago,IL,60611,,Pat,two kids,new roof last year,sump pump check
Morgan,Jackson9446,morgan.jackson9446@example.com,(414) 555-9446,Evanston,IL,60201,,Chris,dog named Buddy,loves gardening,insurance deductible question
Avery,Johnson9447,avery.johnson9447@example.com,(414) 555-9447,Brookfield,WI,53005,Johnson Properties,Alex,parents nearby,just remodeled kitchen,tree trim quote
Quinn,Jones9448,quinn.jones9448@example.com,(414) 555-9448,Kenosha,WI,53140,,Sam,,,
Jamie,Davis9449,jamie.davis9449@example.com,(414) 555-9449,Appleton,WI,54911,,,,,
Cameron,Hernandez9450,cameron.hernandez9450@example.com,(414) 555-9450,Milwaukee,WI,53202,Hernandez Properties,Pat,two kids,new roof last year,sump pump check
Drew,Wilson9451,drew.wilson9451@example.com,(414) 555-9451,Waukesha,WI,53186,,Chris,dog named Buddy,loves gardening,insurance deductible question
Reese,Taylor9452,reese.taylor9452@example.com,(414) 555-9452,Racine,WI,53403,,Alex,parents nearby,just remodeled kitchen,tree trim quote
Skyler,Martin9453,skyler.martin9453@example.com,(414) 555-9453,Madison,WI,53703,Martin Properties,Sam,,,
Parker,Williams9454,parker.williams9454@example.com,(414) 555-9454,Green Bay,WI,54301,,,,,
Blake,Garcia9455,blake.garcia9455@example.com,(414) 555-9455,Chicago,IL,60611,,Pat,two kids,new roof last year,sump pump check
Hayden,Rodriguez9456,hayden.rodriguez9456@example.com,(414) 555-9456,Evanston,IL,60201,Rodriguez Properties,Chris,dog named Buddy,loves gardening,insurance deductible question
Rowan,Lopez9457,rowan.lopez9457@example.com,(414) 555-9457,Brookfield,WI,53005,,Alex,parents nearby,just remodeled kitchen,tree trim quote
Sawyer,Anderson9458,sawyer.anderson9458@example.com,(414) 555-9458,Kenosha,WI,53140,,Sam,,,
Finley,Moore9459,finley.moore9459@example.com,(414) 555-9459,Appleton,WI,54911,Moore Properties,,,,
Alex,Smith9460,alex.smith9460@example.com,(414) 555-9460,Milwaukee,WI,53202,,Pat,two kids,new roof last year,sump pump check
Jordan,Brown9461,jordan.brown9461@example.com,(414) 555-9461,Waukesha,WI,53186,,Chris,dog named Buddy,loves gardening,insurance deductible question
Sam,Miller9462,sam.miller9462@example.com,(414) 555-9462,Racine,WI,53403,Miller Properties,Alex,parents nearby,just remodeled kitchen,tree trim quote
Taylor,Martinez9463,taylor.martinez9463@example.com,(414) 555-9463,Madison,WI,53703,,Sam,,,
Casey,Gonzalez9464,casey.gonzalez9464@example.com,(414) 555-9464,Green Bay,WI,54301,,,,,
Riley,Thomas9465,riley.thomas9465@example.com,(414) 555-9465,Chicago,IL,60611,Thomas Properties,Pat,two kids,new roof last year,sump pump check
Morgan,Jackson9466,morgan.jackson9466@example.com,(414) 555-9466,Evanston,IL,60201,,Chris,dog named Buddy,loves gardening,insurance deductible question
Avery,Johnson9467,avery.johnson9467@example.com,(414) 555-9467,Brookfield,WI,53005,,Alex,parents nearby,just remodeled kitchen,tree trim quote
Quinn,Jones9468,quinn.jones9468@example.com,(414) 555-9468,Kenosha,WI,53140,Jones Properties,Sam,,,
Jamie,Davis9469,jamie.davis9469@example.com,(414) 555-9469,Appleton,WI,54911,,,,,
Cameron,Hernandez9470,cameron.hernandez9470@example.com,(414) 555-9470,Milwaukee,WI,53202,,Pat,two kids,new roof last year,sump pump check
Drew,Wilson9471,drew.wilson9471@example.com,(414) 555-9471,Waukesha,WI,53186,Wilson Properties,Chris,dog named Buddy,loves gardening,insurance deductible question
Reese,Taylor9472,reese.taylor9472@example.com,(414) 555-9472,Racine,WI,53403,,Alex,parents nearby,just remodeled kitchen,tree trim quote
Skyler,Martin9473,skyler.martin9473@example.com,(414) 555-9473,Madison,WI,53703,,Sam,,,
Parker,Williams9474,parker.williams9474@example.com,(414) 555-9474,Green Bay,WI,54301,Williams Properties,,,,
Blake,Garcia9475,blake.garcia9475@example.com,(414) 555-9475,Chicago,IL,60611,,Pat,two kids,new roof last year,sump pump check
Hayden,Rodriguez9476,hayden.rodriguez9476@example.com,(414) 555-9476,Evanston,IL,60201,,Chris,dog named Buddy,loves gardening,insurance deductible question
Rowan,Lopez9477,rowan.lopez9477@example.com,(414) 555-9477,Brookfield,WI,53005,Lopez Properties,Alex,parents nearby,just remodeled kitchen,tree trim quote
Sawyer,Anderson9478,sawyer.anderson9478@example.com,(414) 555-9478,Kenosha,WI,53140,,Sam,,,
Finley,Moore9479,finley.moore9479@example.com,(414) 555-9479,Appleton,WI,54911,,,,,
Alex,Smith9480,alex.smith9480@example.com,(414) 555-9480,Milwaukee,WI,53202,Smith Properties,Pat,two kids,new roof last year,sump pump check
Jordan,Brown9481,jordan.brown9481@example.com,(414) 555-9481,Waukesha,WI,53186,,Chris,dog named Buddy,loves gardening,insurance deductible question
Sam,Miller9482,sam.miller9482@example.com,(414) 555-9482,Racine,WI,53403,,Alex,parents nearby,just remodeled kitchen,tree trim quote
Taylor,Martinez9483,taylor.martinez9483@example.com,(414) 555-9483,Madison,WI,53703,Martinez Properties,Sam,,,
Casey,Gonzalez9484,casey.gonzalez9484@example.com,(414) 555-9484,Green Bay,WI,54301,,,,,
Riley,Thomas9485,riley.thomas9485@example.com,(414) 555-9485,Chicago,IL,60611,,Pat,two kids,new roof last year,sump pump check
Morgan,Jackson9486,morgan.jackson9486@example.com,(414) 555-9486,Evanston,IL,60201,Jackson Properties,Chris,dog named Buddy,loves gardening,insurance deductible question
Avery,Johnson9487,avery.johnson9487@example.com,(414) 555-9487,Brookfield,WI,53005,,Alex,parents nearby,just remodeled kitchen,tree trim quote
Quinn,Jones9488,quinn.jones9488@example.com,(414) 555-9488,Kenosha,WI,53140,,Sam,,,
Jamie,Davis9489,jamie.davis9489@example.com,(414) 555-9489,Appleton,WI,54911,Davis Properties,,,,
Cameron,Hernandez9490,cameron.hernandez9490@example.com,(414) 555-9490,Milwaukee,WI,53202,,Pat,two kids,new roof last year,sump pump check
Drew,Wilson9491,drew.wilson9491@example.com,(414) 555-9491,Waukesha,WI,53186,,Chris,dog named Buddy,loves gardening,insurance deductible question
Reese,Taylor9492,reese.taylor9492@example.com,(414) 555-9492,Racine,WI,53403,Taylor Properties,Alex,parents nearby,just remodeled kitchen,tree trim quote
Skyler,Martin9493,skyler.martin9493@example.com,(414) 555-9493,Madison,WI,53703,,Sam,,,
Parker,Williams9494,parker.williams9494@example.com,(414) 555-9494,Green Bay,WI,54301,,,,,
Blake,Garcia9495,blake.garcia9495@example.com,(414) 555-9495,Chicago,IL,60611,Garcia Properties,Pat,two kids,new roof last year,sump pump check
Hayden,Rodriguez9496,hayden.rodriguez9496@example.com,(414) 555-9496,Evanston,IL,60201,,Chris,dog named Buddy,loves gardening,insurance deductible question
Rowan,Lopez9497,rowan.lopez9497@example.com,(414) 555-9497,Brookfield,WI,53005,,Alex,parents nearby,just remodeled kitchen,tree trim quote
Sawyer,Anderson9498,sawyer.anderson9498@example.com,(414) 555-9498,Kenosha,WI,53140,Anderson Properties,Sam,,,
Finley,Moore9499,finley.moore9499@example.com,(414) 555-9499,Appleton,WI,54911,,,,,
Alex,Smith9500,alex.smith9500@example.com,(414) 555-9500,Milwaukee,WI,53202,,Pat,two kids,new roof last year,sump pump check
Jordan,Brown9501,jordan.brown9501@example.com,(414) 555-9501,Waukesha,WI,53186,Brown Properties,Chris,dog named Buddy,loves gardening,insurance deductible question
Sam,Miller9502,sam.miller9502@example.com,(414) 555-9502,Racine,WI,53403,,Alex,parents nearby,just remodeled kitchen,tree trim quote
Taylor,Martinez9503,taylor.martinez9503@example.com,(414) 555-9503,Madison,WI,53703,,Sam,,,
Casey,Gonzalez9504,casey.gonzalez9504@example.com,(414) 555-9504,Green Bay,WI,54301,Gonzalez Properties,,,,
Riley,Thomas9505,riley.thomas9505@example.com,(414) 555-9505,Chicago,IL,60611,,Pat,two kids,new roof last year,sump pump check
Morgan,Jackson9506,morgan.jackson9506@example.com,(414) 555-9506,Evanston,IL,60201,,Chris,dog named Buddy,loves gardening,insurance deductible question
Avery,Johnson9507,avery.johnson9507@example.com,(414) 555-9507,Brookfield,WI,53005,Johnson Properties,Alex,parents nearby,just remodeled kitchen,tree trim quote
Quinn,Jones9508,quinn.jones9508@example.com,(414) 555-9508,Kenosha,WI,53140,,Sam,,,
Jamie,Davis9509,jamie.davis9509@example.com,(414) 555-9509,Appleton,WI,54911,,,,,
Cameron,Hernandez9510,cameron.hernandez9510@example.com,(414) 555-9510,Milwaukee,WI,53202,Hernandez Properties,Pat,two kids,new roof last year,sump pump check
Drew,Wilson9511,drew.wilson9511@example.com,(414) 555-9511,Waukesha,WI,53186,,Chris,dog named Buddy,loves gardening,insurance deductible question
Reese,Taylor9512,reese.taylor9512@example.com,(414) 555-9512,Racine,WI,53403,,Alex,parents nearby,just remodeled kitchen,tree trim quote
Skyler,Martin9513,skyler.martin9513@example.com,(414) 555-9513,Madison,WI,53703,Martin Properties,Sam,,,
Parker,Williams9514,parker.williams9514@example.com,(414) 555-9514,Green Bay,WI,54301,,,,,
Blake,Garcia9515,blake.garcia9515@example.com,(414) 555-9515,Chicago,IL,60611,,Pat,two kids,new roof last year,sump pump check
Hayden,Rodriguez9516,hayden.rodriguez9516@example.com,(414) 555-9516,Evanston,IL,60201,Rodriguez Properties,Chris,dog named Buddy,loves gardening,insurance deductible question
Rowan,Lopez9517,rowan.lopez9517@example.com,(414) 555-9517,Brookfield,WI,53005,,Alex,parents nearby,just remodeled kitchen,tree trim quote
Sawyer,Anderson9518,sawyer.anderson9518@example.com,(414) 555-9518,Kenosha,WI,53140,,Sam,,,
Finley,Moore9519,finley.moore9519@example.com,(414) 555-9519,Appleton,WI,54911,Moore Properties,,,,
Alex,Smith9520,alex.smith9520@example.com,(414) 555-9520,Milwaukee,WI,53202,,Pat,two kids,new roof last year,sump pump check
Jordan,Brown9521,jordan.brown9521@example.com,(414) 555-9521,Waukesha,WI,53186,,Chris,dog named Buddy,loves gardening,insurance deductible question
Sam,Miller9522,sam.miller9522@example.com,(414) 555-9522,Racine,WI,53403,Miller Properties,Alex,parents nearby,just remodeled kitchen,tree trim quote
Taylor,Martinez9523,taylor.martinez9523@example.com,(414) 555-9523,Madison,WI,53703,,Sam,,,
Casey,Gonzalez9524,casey.gonzalez9524@example.com,(414) 555-9524,Green Bay,WI,54301,,,,,
Riley,Thomas9525,riley.thomas9525@example.com,(414) 555-9525,Chicago,IL,60611,Thomas Properties,Pat,two kids,new roof last year,sump pump check
Morgan,Jackson9526,morgan.jackson9526@example.com,(414) 555-9526,Evanston,IL,60201,,Chris,dog named Buddy,loves gardening,insurance deductible question
Avery,Johnson9527,avery.johnson9527@example.com,(414) 555-9527,Brookfield,WI,53005,,Alex,parents nearby,just remodeled kitchen,tree trim quote
Quinn,Jones9528,quinn.jones9528@example.com,(414) 555-9528,Kenosha,WI,53140,Jones Properties,Sam,,,
Jamie,Davis9529,jamie.davis9529@example.com,(414) 555-9529,Appleton,WI,54911,,,,,
Cameron,Hernandez9530,cameron.hernandez9530@example.com,(414) 555-9530,Milwaukee,WI,53202,,Pat,two kids,new roof last year,sump pump check
Drew,Wilson9531,drew.wilson9531@example.com,(414) 555-9531,Waukesha,WI,53186,Wilson Properties,Chris,dog named Buddy,loves gardening,insurance deductible question
Reese,Taylor9532,reese.taylor9532@example.com,(414) 555-9532,Racine,WI,53403,,Alex,parents nearby,just remodeled kitchen,tree trim quote
Skyler,Martin9533,skyler.martin9533@example.com,(414) 555-9533,Madison,WI,53703,,Sam,,,
Parker,Williams9534,parker.williams9534@example.com,(414) 555-9534,Green Bay,WI,54301,Williams Properties,,,,
Blake,Garcia9535,blake.garcia9535@example.com,(414) 555-9535,Chicago,IL,60611,,Pat,two kids,new roof last year,sump pump check
Hayden,Rodriguez9536,hayden.rodriguez9536@example.com,(414) 555-9536,Evanston,IL,60201,,Chris,dog named Buddy,loves gardening,insurance deductible question
Rowan,Lopez9537,rowan.lopez9537@example.com,(414) 555-9537,Brookfield,WI,53005,Lopez Properties,Alex,parents nearby,just remodeled kitchen,tree trim quote
Sawyer,Anderson9538,sawyer.anderson9538@example.com,(414) 555-9538,Kenosha,WI,53140,,Sam,,,
Finley,Moore9539,finley.moore9539@example.com,(414) 555-9539,Appleton,WI,54911,,,,,
Alex,Smith9540,alex.smith9540@example.com,(414) 555-9540,Milwaukee,WI,53202,Smith Properties,Pat,two kids,new roof last year,sump pump check
Jordan,Brown9541,jordan.brown9541@example.com,(414) 555-9541,Waukesha,WI,53186,,Chris,dog named Buddy,loves gardening,insurance deductible question
Sam,Miller9542,sam.miller9542@example.com,(414) 555-9542,Racine,WI,53403,,Alex,parents nearby,just remodeled kitchen,tree trim quote
Taylor,Martinez9543,taylor.martinez9543@example.com,(414) 555-9543,Madison,WI,53703,Martinez Properties,Sam,,,
Casey,Gonzalez9544,casey.gonzalez9544@example.com,(414) 555-9544,Green Bay,WI,54301,,,,,
Riley,Thomas9545,riley.thomas9545@example.com,(414) 555-9545,Chicago,IL,60611,,Pat,two kids,new roof last year,sump pump check
Morgan,Jackson9546,morgan.jackson9546@example.com,(414) 555-9546,Evanston,IL,60201,Jackson Properties,Chris,dog named Buddy,loves gardening,insurance deductible question
Avery,Johnson9547,avery.johnson9547@example.com,(414) 555-9547,Brookfield,WI,53005,,Alex,parents nearby,just remodeled kitchen,tree trim quote
Quinn,Jones9548,quinn.jones9548@example.com,(414) 555-9548,Kenosha,WI,53140,,Sam,,,
Jamie,Davis9549,jamie.davis9549@example.com,(414) 555-9549,Appleton,WI,54911,Davis Properties,,,,
Cameron,Hernandez9550,cameron.hernandez9550@example.com,(414) 555-9550,Milwaukee,WI,53202,,Pat,two kids,new roof last year,sump pump check
Drew,Wilson9551,drew.wilson9551@example.com,(414) 555-9551,Waukesha,WI,53186,,Chris,dog named Buddy,loves gardening,insurance deductible question
Reese,Taylor9552,reese.taylor9552@example.com,(414) 555-9552,Racine,WI,53403,Taylor Properties,Alex,parents nearby,just remodeled kitchen,tree trim quote
Skyler,Martin9553,skyler.martin9553@example.com,(414) 555-9553,Madison,WI,53703,,Sam,,,
Parker,Williams9554,parker.williams9554@example.com,(414) 555-9554,Green Bay,WI,54301,,,,,
Blake,Garcia9555,blake.garcia9555@example.com,(414) 555-9555,Chicago,IL,60611,Garcia Properties,Pat,two kids,new roof last year,sump pump check
Hayden,Rodriguez9556,hayden.rodriguez9556@example.com,(414) 555-9556,Evanston,IL,60201,,Chris,dog named Buddy,loves gardening,insurance deductible question
Rowan,Lopez9557,rowan.lopez9557@example.com,(414) 555-9557,Brookfield,WI,53005,,Alex,parents nearby,just remodeled kitchen,tree trim quote
Sawyer,Anderson9558,sawyer.anderson9558@example.com,(414) 555-9558,Kenosha,WI,53140,Anderson Properties,Sam,,,
Finley,Moore9559,finley.moore9559@example.com,(414) 555-9559,Appleton,WI,54911,,,,,
Alex,Smith9560,alex.smith9560@example.com,(414) 555-9560,Milwaukee,WI,53202,,Pat,two kids,new roof last year,sump pump check
Jordan,Brown9561,jordan.brown9561@example.com,(414) 555-9561,Waukesha,WI,53186,Brown Properties,Chris,dog named Buddy,loves gardening,insurance deductible question
Sam,Miller9562,sam.miller9562@example.com,(414) 555-9562,Racine,WI,53403,,Alex,parents nearby,just remodeled kitchen,tree trim quote
Taylor,Martinez9563,taylor.martinez9563@example.com,(414) 555-9563,Madison,WI,53703,,Sam,,,
Casey,Gonzalez9564,casey.gonzalez9564@example.com,(414) 555-9564,Green Bay,WI,54301,Gonzalez Properties,,,,
Riley,Thomas9565,riley.thomas9565@example.com,(414) 555-9565,Chicago,IL,60611,,Pat,two kids,new roof last year,sump pump check
Morgan,Jackson9566,morgan.jackson9566@example.com,(414) 555-9566,Evanston,IL,60201,,Chris,dog named Buddy,loves gardening,insurance deductible question
Avery,Johnson9567,avery.johnson9567@example.com,(414) 555-9567,Brookfield,WI,53005,Johnson Properties,Alex,parents nearby,just remodeled kitchen,tree trim quote
Quinn,Jones9568,quinn.jones9568@example.com,(414) 555-9568,Kenosha,WI,53140,,Sam,,,
Jamie,Davis9569,jamie.davis9569@example.com,(414) 555-9569,Appleton,WI,54911,,,,,
Cameron,Hernandez9570,cameron.hernandez9570@example.com,(414) 555-9570,Milwaukee,WI,53202,Hernandez Properties,Pat,two kids,new roof last year,sump pump check
Drew,Wilson9571,drew.wilson9571@example.com,(414) 555-9571,Waukesha,WI,53186,,Chris,dog named Buddy,loves gardening,insurance deductible question
Reese,Taylor9572,reese.taylor9572@example.com,(414) 555-9572,Racine,WI,53403,,Alex,parents nearby,just remodeled kitchen,tree trim quote
Skyler,Martin9573,skyler.martin9573@example.com,(414) 555-9573,Madison,WI,53703,Martin Properties,Sam,,,
Parker,Williams9574,parker.williams9574@example.com,(414) 555-9574,Green Bay,WI,54301,,,,,
Blake,Garcia9575,blake.garcia9575@example.com,(414) 555-9575,Chicago,IL,60611,,Pat,two kids,new roof last year,sump pump check
Hayden,Rodriguez9576,hayden.rodriguez9576@example.com,(414) 555-9576,Evanston,IL,60201,Rodriguez Properties,Chris,dog named Buddy,loves gardening,insurance deductible question
Rowan,Lopez9577,rowan.lopez9577@example.com,(414) 555-9577,Brookfield,WI,53005,,Alex,parents nearby,just remodeled kitchen,tree trim quote
Sawyer,Anderson9578,sawyer.anderson9578@example.com,(414) 555-9578,Kenosha,WI,53140,,Sam,,,
Finley,Moore9579,finley.moore9579@example.com,(414) 555-9579,Appleton,WI,54911,Moore Properties,,,,
Alex,Smith9580,alex.smith9580@example.com,(414) 555-9580,Milwaukee,WI,53202,,Pat,two kids,new roof last year,sump pump check
Jordan,Brown9581,jordan.brown9581@example.com,(414) 555-9581,Waukesha,WI,53186,,Chris,dog named Buddy,loves gardening,insurance deductible question
Sam,Miller9582,sam.miller9582@example.com,(414) 555-9582,Racine,WI,53403,Miller Properties,Alex,parents nearby,just remodeled kitchen,tree trim quote
Taylor,Martinez9583,taylor.martinez9583@example.com,(414) 555-9583,Madison,WI,53703,,Sam,,,
Casey,Gonzalez9584,casey.gonzalez9584@example.com,(414) 555-9584,Green Bay,WI,54301,,,,,
Riley,Thomas9585,riley.thomas9585@example.com,(414) 555-9585,Chicago,IL,60611,Thomas Properties,Pat,two kids,new roof last year,sump pump check
Morgan,Jackson9586,morgan.jackson9586@example.com,(414) 555-9586,Evanston,IL,60201,,Chris,dog named Buddy,loves gardening,insurance deductible question
Avery,Johnson9587,avery.johnson9587@example.com,(414) 555-9587,Brookfield,WI,53005,,Alex,parents nearby,just remodeled kitchen,tree trim quote
Quinn,Jones9588,quinn.jones9588@example.com,(414) 555-9588,Kenosha,WI,53140,Jones Properties,Sam,,,
Jamie,Davis9589,jamie.davis9589@example.com,(414) 555-9589,Appleton,WI,54911,,,,,
Cameron,Hernandez9590,cameron.hernandez9590@example.com,(414) 555-9590,Milwaukee,WI,53202,,Pat,two kids,new roof last year,sump pump check
Drew,Wilson9591,drew.wilson9591@example.com,(414) 555-9591,Waukesha,WI,53186,Wilson Properties,Chris,dog named Buddy,loves gardening,insurance deductible question
Reese,Taylor9592,reese.taylor9592@example.com,(414) 555-9592,Racine,WI,53403,,Alex,parents nearby,just remodeled kitchen,tree trim quote
Skyler,Martin9593,skyler.martin9593@example.com,(414) 555-9593,Madison,WI,53703,,Sam,,,
Parker,Williams9594,parker.williams9594@example.com,(414) 555-9594,Green Bay,WI,54301,Williams Properties,,,,
Blake,Garcia9595,blake.garcia9595@example.com,(414) 555-9595,Chicago,IL,60611,,Pat,two kids,new roof last year,sump pump check
Hayden,Rodriguez9596,hayden.rodriguez9596@example.com,(414) 555-9596,Evanston,IL,60201,,Chris,dog named Buddy,loves gardening,insurance deductible question
Rowan,Lopez9597,rowan.lopez9597@example.com,(414) 555-9597,Brookfield,WI,53005,Lopez Properties,Alex,parents nearby,just remodeled kitchen,tree trim quote
Sawyer,Anderson9598,sawyer.anderson9598@example.com,(414) 555-9598,Kenosha,WI,53140,,Sam,,,
Finley,Moore9599,finley.moore9599@example.com,(414) 555-9599,Appleton,WI,54911,,,,,
Alex,Smith9600,alex.smith9600@example.com,(414) 555-9600,Milwaukee,WI,53202,Smith Properties,Pat,two kids,new roof last year,sump pump check
Jordan,Brown9601,jordan.brown9601@example.com,(414) 555-9601,Waukesha,WI,53186,,Chris,dog named Buddy,loves gardening,insurance deductible question
Sam,Miller9602,sam.miller9602@example.com,(414) 555-9602,Racine,WI,53403,,Alex,parents nearby,just remodeled kitchen,tree trim quote
Taylor,Martinez9603,taylor.martinez9603@example.com,(414) 555-9603,Madison,WI,53703,Martinez Properties,Sam,,,
Casey,Gonzalez9604,casey.gonzalez9604@example.com,(414) 555-9604,Green Bay,WI,54301,,,,,
Riley,Thomas9605,riley.thomas9605@example.com,(414) 555-9605,Chicago,IL,60611,,Pat,two kids,new roof last year,sump pump check
Morgan,Jackson9606,morgan.jackson9606@example.com,(414) 555-9606,Evanston,IL,60201,Jackson Properties,Chris,dog named Buddy,loves gardening,insurance deductible question
Avery,Johnson9607,avery.johnson9607@example.com,(414) 555-9607,Brookfield,WI,53005,,Alex,parents nearby,just remodeled kitchen,tree trim quote
Quinn,Jones9608,quinn.jones9608@example.com,(414) 555-9608,Kenosha,WI,53140,,Sam,,,
Jamie,Davis9609,jamie.davis9609@example.com,(414) 555-9609,Appleton,WI,54911,Davis Properties,,,,
Cameron,Hernandez9610,cameron.hernandez9610@example.com,(414) 555-9610,Milwaukee,WI,53202,,Pat,two kids,new roof last year,sump pump check
Drew,Wilson9611,drew.wilson9611@example.com,(414) 555-9611,Waukesha,WI,53186,,Chris,dog named Buddy,loves gardening,insurance deductible question
Reese,Taylor9612,reese.taylor9612@example.com,(414) 555-9612,Racine,WI,53403,Taylor Properties,Alex,parents nearby,just remodeled kitchen,tree trim quote
Skyler,Martin9613,skyler.martin9613@example.com,(414) 555-9613,Madison,WI,53703,,Sam,,,
Parker,Williams9614,parker.williams9614@example.com,(414) 555-9614,Green Bay,WI,54301,,,,,
Blake,Garcia9615,blake.garcia9615@example.com,(414) 555-9615,Chicago,IL,60611,Garcia Properties,Pat,two kids,new roof last year,sump pump check
Hayden,Rodriguez9616,hayden.rodriguez9616@example.com,(414) 555-9616,Evanston,IL,60201,,Chris,dog named Buddy,loves gardening,insurance deductible question
Rowan,Lopez9617,rowan.lopez9617@example.com,(414) 555-9617,Brookfield,WI,53005,,Alex,parents nearby,just remodeled kitchen,tree trim quote
Sawyer,Anderson9618,sawyer.anderson9618@example.com,(414) 555-9618,Kenosha,WI,53140,Anderson Properties,Sam,,,
Finley,Moore9619,finley.moore9619@example.com,(414) 555-9619,Appleton,WI,54911,,,,,
Alex,Smith9620,alex.smith9620@example.com,(414) 555-9620,Milwaukee,WI,53202,,Pat,two kids,new roof last year,sump pump check
Jordan,Brown9621,jordan.brown9621@example.com,(414) 555-9621,Waukesha,WI,53186,Brown Properties,Chris,dog named Buddy,loves gardening,insurance deductible question
Sam,Miller9622,sam.miller9622@example.com,(414) 555-9622,Racine,WI,53403,,Alex,parents nearby,just remodeled kitchen,tree trim quote
Taylor,Martinez9623,taylor.martinez9623@example.com,(414) 555-9623,Madison,WI,53703,,Sam,,,
Casey,Gonzalez9624,casey.gonzalez9624@example.com,(414) 555-9624,Green Bay,WI,54301,Gonzalez Properties,,,,
Riley,Thomas9625,riley.thomas9625@example.com,(414) 555-9625,Chicago,IL,60611,,Pat,two kids,new roof last year,sump pump check
Morgan,Jackson9626,morgan.jackson9626@example.com,(414) 555-9626,Evanston,IL,60201,,Chris,dog named Buddy,loves gardening,insurance deductible question
Avery,Johnson9627,avery.johnson9627@example.com,(414) 555-9627,Brookfield,WI,53005,Johnson Properties,Alex,parents nearby,just remodeled kitchen,tree trim quote
Quinn,Jones9628,quinn.jones9628@example.com,(414) 555-9628,Kenosha,WI,53140,,Sam,,,
Jamie,Davis9629,jamie.davis9629@example.com,(414) 555-9629,Appleton,WI,54911,,,,,
Cameron,Hernandez9630,cameron.hernandez9630@example.com,(414) 555-9630,Milwaukee,WI,53202,Hernandez Properties,Pat,two kids,new roof last year,sump pump check
Drew,Wilson9631,drew.wilson9631@example.com,(414) 555-9631,Waukesha,WI,53186,,Chris,dog named Buddy,loves gardening,insurance deductible question
Reese,Taylor9632,reese.taylor9632@example.com,(414) 555-9632,Racine,WI,53403,,Alex,parents nearby,just remodeled kitchen,tree trim quote
Skyler,Martin9633,skyler.martin9633@example.com,(414) 555-9633,Madison,WI,53703,Martin Properties,Sam,,,
Parker,Williams9634,parker.williams9634@example.com,(414) 555-9634,Green Bay,WI,54301,,,,,
Blake,Garcia9635,blake.garcia9635@example.com,(414) 555-9635,Chicago,IL,60611,,Pat,two kids,new roof last year,sump pump check
Hayden,Rodriguez9636,hayden.rodriguez9636@example.com,(414) 555-9636,Evanston,IL,60201,Rodriguez Properties,Chris,dog named Buddy,loves gardening,insurance deductible question
Rowan,Lopez9637,rowan.lopez9637@example.com,(414) 555-9637,Brookfield,WI,53005,,Alex,parents nearby,just remodeled kitchen,tree trim quote
Sawyer,Anderson9638,sawyer.anderson9638@example.com,(414) 555-9638,Kenosha,WI,53140,,Sam,,,
Finley,Moore9639,finley.moore9639@example.com,(414) 555-9639,Appleton,WI,54911,Moore Properties,,,,
Alex,Smith9640,alex.smith9640@example.com,(414) 555-9640,Milwaukee,WI,53202,,Pat,two kids,new roof last year,sump pump check
Jordan,Brown9641,jordan.brown9641@example.com,(414) 555-9641,Waukesha,WI,53186,,Chris,dog named Buddy,loves gardening,insurance deductible question
Sam,Miller9642,sam.miller9642@example.com,(414) 555-9642,Racine,WI,53403,Miller Properties,Alex,parents nearby,just remodeled kitchen,tree trim quote
Taylor,Martinez9643,taylor.martinez9643@example.com,(414) 555-9643,Madison,WI,53703,,Sam,,,
Casey,Gonzalez9644,casey.gonzalez9644@example.com,(414) 555-9644,Green Bay,WI,54301,,,,,
Riley,Thomas9645,riley.thomas9645@example.com,(414) 555-9645,Chicago,IL,60611,Thomas Properties,Pat,two kids,new roof last year,sump pump check
Morgan,Jackson9646,morgan.jackson9646@example.com,(414) 555-9646,Evanston,IL,60201,,Chris,dog named Buddy,loves gardening,insurance deductible question
Avery,Johnson9647,avery.johnson9647@example.com,(414) 555-9647,Brookfield,WI,53005,,Alex,parents nearby,just remodeled kitchen,tree trim quote
Quinn,Jones9648,quinn.jones9648@example.com,(414) 555-9648,Kenosha,WI,53140,Jones Properties,Sam,,,
Jamie,Davis9649,jamie.davis9649@example.com,(414) 555-9649,Appleton,WI,54911,,,,,
Cameron,Hernandez9650,cameron.hernandez9650@example.com,(414) 555-9650,Milwaukee,WI,53202,,Pat,two kids,new roof last year,sump pump check
Drew,Wilson9651,drew.wilson9651@example.com,(414) 555-9651,Waukesha,WI,53186,Wilson Properties,Chris,dog named Buddy,loves gardening,insurance deductible question
Reese,Taylor9652,reese.taylor9652@example.com,(414) 555-9652,Racine,WI,53403,,Alex,parents nearby,just remodeled kitchen,tree trim quote
Skyler,Martin9653,skyler.martin9653@example.com,(414) 555-9653,Madison,WI,53703,,Sam,,,
Parker,Williams9654,parker.williams9654@example.com,(414) 555-9654,Green Bay,WI,54301,Williams Properties,,,,
Blake,Garcia9655,blake.garcia9655@example.com,(414) 555-9655,Chicago,IL,60611,,Pat,two kids,new roof last year,sump pump check
Hayden,Rodriguez9656,hayden.rodriguez9656@example.com,(414) 555-9656,Evanston,IL,60201,,Chris,dog named Buddy,loves gardening,insurance deductible question
Rowan,Lopez9657,rowan.lopez9657@example.com,(414) 555-9657,Brookfield,WI,53005,Lopez Properties,Alex,parents nearby,just remodeled kitchen,tree trim quote
Sawyer,Anderson9658,sawyer.anderson9658@example.com,(414) 555-9658,Kenosha,WI,53140,,Sam,,,
Finley,Moore9659,finley.moore9659@example.com,(414) 555-9659,Appleton,WI,54911,,,,,
Alex,Smith9660,alex.smith9660@example.com,(414) 555-9660,Milwaukee,WI,53202,Smith Properties,Pat,two kids,new roof last year,sump pump check
Jordan,Brown9661,jordan.brown9661@example.com,(414) 555-9661,Waukesha,WI,53186,,Chris,dog named Buddy,loves gardening,insurance deductible question
Sam,Miller9662,sam.miller9662@example.com,(414) 555-9662,Racine,WI,53403,,Alex,parents nearby,just remodeled kitchen,tree trim quote
Taylor,Martinez9663,taylor.martinez9663@example.com,(414) 555-9663,Madison,WI,53703,Martinez Properties,Sam,,,
Casey,Gonzalez9664,casey.gonzalez9664@example.com,(414) 555-9664,Green Bay,WI,54301,,,,,
Riley,Thomas9665,riley.thomas9665@example.com,(414) 555-9665,Chicago,IL,60611,,Pat,two kids,new roof last year,sump pump check
Morgan,Jackson9666,morgan.jackson9666@example.com,(414) 555-9666,Evanston,IL,60201,Jackson Properties,Chris,dog named Buddy,loves gardening,insurance deductible question
Avery,Johnson9667,avery.johnson9667@example.com,(414) 555-9667,Brookfield,WI,53005,,Alex,parents nearby,just remodeled kitchen,tree trim quote
Quinn,Jones9668,quinn.jones9668@example.com,(414) 555-9668,Kenosha,WI,53140,,Sam,,,
Jamie,Davis9669,jamie.davis9669@example.com,(414) 555-9669,Appleton,WI,54911,Davis Properties,,,,
Cameron,Hernandez9670,cameron.hernandez9670@example.com,(414) 555-9670,Milwaukee,WI,53202,,Pat,two kids,new roof last year,sump pump check
Drew,Wilson9671,drew.wilson9671@example.com,(414) 555-9671,Waukesha,WI,53186,,Chris,dog named Buddy,loves gardening,insurance deductible question
Reese,Taylor9672,reese.taylor9672@example.com,(414) 555-9672,Racine,WI,53403,Taylor Properties,Alex,parents nearby,just remodeled kitchen,tree trim quote
Skyler,Martin9673,skyler.martin9673@example.com,(414) 555-9673,Madison,WI,53703,,Sam,,,
Parker,Williams9674,parker.williams9674@example.com,(414) 555-9674,Green Bay,WI,54301,,,,,
Blake,Garcia9675,blake.garcia9675@example.com,(414) 555-9675,Chicago,IL,60611,Garcia Properties,Pat,two kids,new roof last year,sump pump check
Hayden,Rodriguez9676,hayden.rodriguez9676@example.com,(414) 555-9676,Evanston,IL,60201,,Chris,dog named Buddy,loves gardening,insurance deductible question
Rowan,Lopez9677,rowan.lopez9677@example.com,(414) 555-9677,Brookfield,WI,53005,,Alex,parents nearby,just remodeled kitchen,tree trim quote
Sawyer,Anderson9678,sawyer.anderson9678@example.com,(414) 555-9678,Kenosha,WI,53140,Anderson Properties,Sam,,,
Finley,Moore9679,finley.moore9679@example.com,(414) 555-9679,Appleton,WI,54911,,,,,
Alex,Smith9680,alex.smith9680@example.com,(414) 555-9680,Milwaukee,WI,53202,,Pat,two kids,new roof last year,sump pump check
Jordan,Brown9681,jordan.brown9681@example.com,(414) 555-9681,Waukesha,WI,53186,Brown Properties,Chris,dog named Buddy,loves gardening,insurance deductible question
Sam,Miller9682,sam.miller9682@example.com,(414) 555-9682,Racine,WI,53403,,Alex,parents nearby,just remodeled kitchen,tree trim quote
Taylor,Martinez9683,taylor.martinez9683@example.com,(414) 555-9683,Madison,WI,53703,,Sam,,,
Casey,Gonzalez9684,casey.gonzalez9684@example.com,(414) 555-9684,Green Bay,WI,54301,Gonzalez Properties,,,,
Riley,Thomas9685,riley.thomas9685@example.com,(414) 555-9685,Chicago,IL,60611,,Pat,two kids,new roof last year,sump pump check
Morgan,Jackson9686,morgan.jackson9686@example.com,(414) 555-9686,Evanston,IL,60201,,Chris,dog named Buddy,loves gardening,insurance deductible question
Avery,Johnson9687,avery.johnson9687@example.com,(414) 555-9687,Brookfield,WI,53005,Johnson Properties,Alex,parents nearby,just remodeled kitchen,tree trim quote
Quinn,Jones9688,quinn.jones9688@example.com,(414) 555-9688,Kenosha,WI,53140,,Sam,,,
Jamie,Davis9689,jamie.davis9689@example.com,(414) 555-9689,Appleton,WI,54911,,,,,
Cameron,Hernandez9690,cameron.hernandez9690@example.com,(414) 555-9690,Milwaukee,WI,53202,Hernandez Properties,Pat,two kids,new roof last year,sump pump check
Drew,Wilson9691,drew.wilson9691@example.com,(414) 555-9691,Waukesha,WI,53186,,Chris,dog named Buddy,loves gardening,insurance deductible question
Reese,Taylor9692,reese.taylor9692@example.com,(414) 555-9692,Racine,WI,53403,,Alex,parents nearby,just remodeled kitchen,tree trim quote
Skyler,Martin9693,skyler.martin9693@example.com,(414) 555-9693,Madison,WI,53703,Martin Properties,Sam,,,
Parker,Williams9694,parker.williams9694@example.com,(414) 555-9694,Green Bay,WI,54301,,,,,
Blake,Garcia9695,blake.garcia9695@example.com,(414) 555-9695,Chicago,IL,60611,,Pat,two kids,new roof last year,sump pump check
Hayden,Rodriguez9696,hayden.rodriguez9696@example.com,(414) 555-9696,Evanston,IL,60201,Rodriguez Properties,Chris,dog named Buddy,loves gardening,insurance deductible question
Rowan,Lopez9697,rowan.lopez9697@example.com,(414) 555-9697,Brookfield,WI,53005,,Alex,parents nearby,just remodeled kitchen,tree trim quote
Sawyer,Anderson9698,sawyer.anderson9698@example.com,(414) 555-9698,Kenosha,WI,53140,,Sam,,,
Finley,Moore9699,finley.moore9699@example.com,(414) 555-9699,Appleton,WI,54911,Moore Properties,,,,
Alex,Smith9700,alex.smith9700@example.com,(414) 555-9700,Milwaukee,WI,53202,,Pat,two kids,new roof last year,sump pump check
Jordan,Brown9701,jordan.brown9701@example.com,(414) 555-9701,Waukesha,WI,53186,,Chris,dog named Buddy,loves gardening,insurance deductible question
Sam,Miller9702,sam.miller9702@example.com,(414) 555-9702,Racine,WI,53403,Miller Properties,Alex,parents nearby,just remodeled kitchen,tree trim quote
Taylor,Martinez9703,taylor.martinez9703@example.com,(414) 555-9703,Madison,WI,53703,,Sam,,,
Casey,Gonzalez9704,casey.gonzalez9704@example.com,(414) 555-9704,Green Bay,WI,54301,,,,,
Riley,Thomas9705,riley.thomas9705@example.com,(414) 555-9705,Chicago,IL,60611,Thomas Properties,Pat,two kids,new roof last year,sump pump check
Morgan,Jackson9706,morgan.jackson9706@example.com,(414) 555-9706,Evanston,IL,60201,,Chris,dog named Buddy,loves gardening,insurance deductible question
Avery,Johnson9707,avery.johnson9707@example.com,(414) 555-9707,Brookfield,WI,53005,,Alex,parents nearby,just remodeled kitchen,tree trim quote
Quinn,Jones9708,quinn.jones9708@example.com,(414) 555-9708,Kenosha,WI,53140,Jones Properties,Sam,,,
Jamie,Davis9709,jamie.davis9709@example.com,(414) 555-9709,Appleton,WI,54911,,,,,
Cameron,Hernandez9710,cameron.hernandez9710@example.com,(414) 555-9710,Milwaukee,WI,53202,,Pat,two kids,new roof last year,sump pump check
Drew,Wilson9711,drew.wilson9711@example.com,(414) 555-9711,Waukesha,WI,53186,Wilson Properties,Chris,dog named Buddy,loves gardening,insurance deductible question
Reese,Taylor9712,reese.taylor9712@example.com,(414) 555-9712,Racine,WI,53403,,Alex,parents nearby,just remodeled kitchen,tree trim quote
Skyler,Martin9713,skyler.martin9713@example.com,(414) 555-9713,Madison,WI,53703,,Sam,,,
Parker,Williams9714,parker.williams9714@example.com,(414) 555-9714,Green Bay,WI,54301,Williams Properties,,,,
Blake,Garcia9715,blake.garcia9715@example.com,(414) 555-9715,Chicago,IL,60611,,Pat,two kids,new roof last year,sump pump check
Hayden,Rodriguez9716,hayden.rodriguez9716@example.com,(414) 555-9716,Evanston,IL,60201,,Chris,dog named Buddy,loves gardening,insurance deductible question
Rowan,Lopez9717,rowan.lopez9717@example.com,(414) 555-9717,Brookfield,WI,53005,Lopez Properties,Alex,parents nearby,just remodeled kitchen,tree trim quote
Sawyer,Anderson9718,sawyer.anderson9718@example.com,(414) 555-9718,Kenosha,WI,53140,,Sam,,,
Finley,Moore9719,finley.moore9719@example.com,(414) 555-9719,Appleton,WI,54911,,,,,
Alex,Smith9720,alex.smith9720@example.com,(414) 555-9720,Milwaukee,WI,53202,Smith Properties,Pat,two kids,new roof last year,sump pump check
Jordan,Brown9721,jordan.brown9721@example.com,(414) 555-9721,Waukesha,WI,53186,,Chris,dog named Buddy,loves gardening,insurance deductible question
Sam,Miller9722,sam.miller9722@example.com,(414) 555-9722,Racine,WI,53403,,Alex,parents nearby,just remodeled kitchen,tree trim quote
Taylor,Martinez9723,taylor.martinez9723@example.com,(414) 555-9723,Madison,WI,53703,Martinez Properties,Sam,,,
Casey,Gonzalez9724,casey.gonzalez9724@example.com,(414) 555-9724,Green Bay,WI,54301,,,,,
Riley,Thomas9725,riley.thomas9725@example.com,(414) 555-9725,Chicago,IL,60611,,Pat,two kids,new roof last year,sump pump check
Morgan,Jackson9726,morgan.jackson9726@example.com,(414) 555-9726,Evanston,IL,60201,Jackson Properties,Chris,dog named Buddy,loves gardening,insurance deductible question
Avery,Johnson9727,avery.johnson9727@example.com,(414) 555-9727,Brookfield,WI,53005,,Alex,parents nearby,just remodeled kitchen,tree trim quote
Quinn,Jones9728,quinn.jones9728@example.com,(414) 555-9728,Kenosha,WI,53140,,Sam,,,
Jamie,Davis9729,jamie.davis9729@example.com,(414) 555-9729,Appleton,WI,54911,Davis Properties,,,,
Cameron,Hernandez9730,cameron.hernandez9730@example.com,(414) 555-9730,Milwaukee,WI,53202,,Pat,two kids,new roof last year,sump pump check
Drew,Wilson9731,drew.wilson9731@example.com,(414) 555-9731,Waukesha,WI,53186,,Chris,dog named Buddy,loves gardening,insurance deductible question
Reese,Taylor9732,reese.taylor9732@example.com,(414) 555-9732,Racine,WI,53403,Taylor Properties,Alex,parents nearby,just remodeled kitchen,tree trim quote
Skyler,Martin9733,skyler.martin9733@example.com,(414) 555-9733,Madison,WI,53703,,Sam,,,
Parker,Williams9734,parker.williams9734@example.com,(414) 555-9734,Green Bay,WI,54301,,,,,
Blake,Garcia9735,blake.garcia9735@example.com,(414) 555-9735,Chicago,IL,60611,Garcia Properties,Pat,two kids,new roof last year,sump pump check
Hayden,Rodriguez9736,hayden.rodriguez9736@example.com,(414) 555-9736,Evanston,IL,60201,,Chris,dog named Buddy,loves gardening,insurance deductible question
Rowan,Lopez9737,rowan.lopez9737@example.com,(414) 555-9737,Brookfield,WI,53005,,Alex,parents nearby,just remodeled kitchen,tree trim quote
Sawyer,Anderson9738,sawyer.anderson9738@example.com,(414) 555-9738,Kenosha,WI,53140,Anderson Properties,Sam,,,
Finley,Moore9739,finley.moore9739@example.com,(414) 555-9739,Appleton,WI,54911,,,,,
Alex,Smith9740,alex.smith9740@example.com,(414) 555-9740,Milwaukee,WI,53202,,Pat,two kids,new roof last year,sump pump check
Jordan,Brown9741,jordan.brown9741@example.com,(414) 555-9741,Waukesha,WI,53186,Brown Properties,Chris,dog named Buddy,loves gardening,insurance deductible question
Sam,Miller9742,sam.miller9742@example.com,(414) 555-9742,Racine,WI,53403,,Alex,parents nearby,just remodeled kitchen,tree trim quote
Taylor,Martinez9743,taylor.martinez9743@example.com,(414) 555-9743,Madison,WI,53703,,Sam,,,
Casey,Gonzalez9744,casey.gonzalez9744@example.com,(414) 555-9744,Green Bay,WI,54301,Gonzalez Properties,,,,
Riley,Thomas9745,riley.thomas9745@example.com,(414) 555-9745,Chicago,IL,60611,,Pat,two kids,new roof last year,sump pump check
Morgan,Jackson9746,morgan.jackson9746@example.com,(414) 555-9746,Evanston,IL,60201,,Chris,dog named Buddy,loves gardening,insurance deductible question
Avery,Johnson9747,avery.johnson9747@example.com,(414) 555-9747,Brookfield,WI,53005,Johnson Properties,Alex,parents nearby,just remodeled kitchen,tree trim quote
Quinn,Jones9748,quinn.jones9748@example.com,(414) 555-9748,Kenosha,WI,53140,,Sam,,,
Jamie,Davis9749,jamie.davis9749@example.com,(414) 555-9749,Appleton,WI,54911,,,,,
Cameron,Hernandez9750,cameron.hernandez9750@example.com,(414) 555-9750,Milwaukee,WI,53202,Hernandez Properties,Pat,two kids,new roof last year,sump pump check
Drew,Wilson9751,drew.wilson9751@example.com,(414) 555-9751,Waukesha,WI,53186,,Chris,dog named Buddy,loves gardening,insurance deductible question
Reese,Taylor9752,reese.taylor9752@example.com,(414) 555-9752,Racine,WI,53403,,Alex,parents nearby,just remodeled kitchen,tree trim quote
Skyler,Martin9753,skyler.martin9753@example.com,(414) 555-9753,Madison,WI,53703,Martin Properties,Sam,,,
Parker,Williams9754,parker.williams9754@example.com,(414) 555-9754,Green Bay,WI,54301,,,,,
Blake,Garcia9755,blake.garcia9755@example.com,(414) 555-9755,Chicago,IL,60611,,Pat,two kids,new roof last year,sump pump check
Hayden,Rodriguez9756,hayden.rodriguez9756@example.com,(414) 555-9756,Evanston,IL,60201,Rodriguez Properties,Chris,dog named Buddy,loves gardening,insurance deductible question
Rowan,Lopez9757,rowan.lopez9757@example.com,(414) 555-9757,Brookfield,WI,53005,,Alex,parents nearby,just remodeled kitchen,tree trim quote
Sawyer,Anderson9758,sawyer.anderson9758@example.com,(414) 555-9758,Kenosha,WI,53140,,Sam,,,
Finley,Moore9759,finley.moore9759@example.com,(414) 555-9759,Appleton,WI,54911,Moore Properties,,,,
Alex,Smith9760,alex.smith9760@example.com,(414) 555-9760,Milwaukee,WI,53202,,Pat,two kids,new roof last year,sump pump check
Jordan,Brown9761,jordan.brown9761@example.com,(414) 555-9761,Waukesha,WI,53186,,Chris,dog named Buddy,loves gardening,insurance deductible question
Sam,Miller9762,sam.miller9762@example.com,(414) 555-9762,Racine,WI,53403,Miller Properties,Alex,parents nearby,just remodeled kitchen,tree trim quote
Taylor,Martinez9763,taylor.martinez9763@example.com,(414) 555-9763,Madison,WI,53703,,Sam,,,
Casey,Gonzalez9764,casey.gonzalez9764@example.com,(414) 555-9764,Green Bay,WI,54301,,,,,
Riley,Thomas9765,riley.thomas9765@example.com,(414) 555-9765,Chicago,IL,60611,Thomas Properties,Pat,two kids,new roof last year,sump pump check
Morgan,Jackson9766,morgan.jackson9766@example.com,(414) 555-9766,Evanston,IL,60201,,Chris,dog named Buddy,loves gardening,insurance deductible question
Avery,Johnson9767,avery.johnson9767@example.com,(414) 555-9767,Brookfield,WI,53005,,Alex,parents nearby,just remodeled kitchen,tree trim quote
Quinn,Jones9768,quinn.jones9768@example.com,(414) 555-9768,Kenosha,WI,53140,Jones Properties,Sam,,,
Jamie,Davis9769,jamie.davis9769@example.com,(414) 555-9769,Appleton,WI,54911,,,,,
Cameron,Hernandez9770,cameron.hernandez9770@example.com,(414) 555-9770,Milwaukee,WI,53202,,Pat,two kids,new roof last year,sump pump check
Drew,Wilson9771,drew.wilson9771@example.com,(414) 555-9771,Waukesha,WI,53186,Wilson Properties,Chris,dog named Buddy,loves gardening,insurance deductible question
Reese,Taylor9772,reese.taylor9772@example.com,(414) 555-9772,Racine,WI,53403,,Alex,parents nearby,just remodeled kitchen,tree trim quote
Skyler,Martin9773,skyler.martin9773@example.com,(414) 555-9773,Madison,WI,53703,,Sam,,,
Parker,Williams9774,parker.williams9774@example.com,(414) 555-9774,Green Bay,WI,54301,Williams Properties,,,,
Blake,Garcia9775,blake.garcia9775@example.com,(414) 555-9775,Chicago,IL,60611,,Pat,two kids,new roof last year,sump pump check
Hayden,Rodriguez9776,hayden.rodriguez9776@example.com,(414) 555-9776,Evanston,IL,60201,,Chris,dog named Buddy,loves gardening,insurance deductible question
Rowan,Lopez9777,rowan.lopez9777@example.com,(414) 555-9777,Brookfield,WI,53005,Lopez Properties,Alex,parents nearby,just remodeled kitchen,tree trim quote
Sawyer,Anderson9778,sawyer.anderson9778@example.com,(414) 555-9778,Kenosha,WI,53140,,Sam,,,
Finley,Moore9779,finley.moore9779@example.com,(414) 555-9779,Appleton,WI,54911,,,,,
Alex,Smith9780,alex.smith9780@example.com,(414) 555-9780,Milwaukee,WI,53202,Smith Properties,Pat,two kids,new roof last year,sump pump check
Jordan,Brown9781,jordan.brown9781@example.com,(414) 555-9781,Waukesha,WI,53186,,Chris,dog named Buddy,loves gardening,insurance deductible question
Sam,Miller9782,sam.miller9782@example.com,(414) 555-9782,Racine,WI,53403,,Alex,parents nearby,just remodeled kitchen,tree trim quote
Taylor,Martinez9783,taylor.martinez9783@example.com,(414) 555-9783,Madison,WI,53703,Martinez Properties,Sam,,,
Casey,Gonzalez9784,casey.gonzalez9784@example.com,(414) 555-9784,Green Bay,WI,54301,,,,,
Riley,Thomas9785,riley.thomas9785@example.com,(414) 555-9785,Chicago,IL,60611,,Pat,two kids,new roof last year,sump pump check
Morgan,Jackson9786,morgan.jackson9786@example.com,(414) 555-9786,Evanston,IL,60201,Jackson Properties,Chris,dog named Buddy,loves gardening,insurance deductible question
Avery,Johnson9787,avery.johnson9787@example.com,(414) 555-9787,Brookfield,WI,53005,,Alex,parents nearby,just remodeled kitchen,tree trim quote
Quinn,Jones9788,quinn.jones9788@example.com,(414) 555-9788,Kenosha,WI,53140,,Sam,,,
Jamie,Davis9789,jamie.davis9789@example.com,(414) 555-9789,Appleton,WI,54911,Davis Properties,,,,
Cameron,Hernandez9790,cameron.hernandez9790@example.com,(414) 555-9790,Milwaukee,WI,53202,,Pat,two kids,new roof last year,sump pump check
Drew,Wilson9791,drew.wilson9791@example.com,(414) 555-9791,Waukesha,WI,53186,,Chris,dog named Buddy,loves gardening,insurance deductible question
Reese,Taylor9792,reese.taylor9792@example.com,(414) 555-9792,Racine,WI,53403,Taylor Properties,Alex,parents nearby,just remodeled kitchen,tree trim quote
Skyler,Martin9793,skyler.martin9793@example.com,(414) 555-9793,Madison,WI,53703,,Sam,,,
Parker,Williams9794,parker.williams9794@example.com,(414) 555-9794,Green Bay,WI,54301,,,,,
Blake,Garcia9795,blake.garcia9795@example.com,(414) 555-9795,Chicago,IL,60611,Garcia Properties,Pat,two kids,new roof last year,sump pump check
Hayden,Rodriguez9796,hayden.rodriguez9796@example.com,(414) 555-9796,Evanston,IL,60201,,Chris,dog named Buddy,loves gardening,insurance deductible question
Rowan,Lopez9797,rowan.lopez9797@example.com,(414) 555-9797,Brookfield,WI,53005,,Alex,parents nearby,just remodeled kitchen,tree trim quote
Sawyer,Anderson9798,sawyer.anderson9798@example.com,(414) 555-9798,Kenosha,WI,53140,Anderson Properties,Sam,,,
Finley,Moore9799,finley.moore9799@example.com,(414) 555-9799,Appleton,WI,54911,,,,,
Alex,Smith9800,alex.smith9800@example.com,(414) 555-9800,Milwaukee,WI,53202,,Pat,two kids,new roof last year,sump pump check
Jordan,Brown9801,jordan.brown9801@example.com,(414) 555-9801,Waukesha,WI,53186,Brown Properties,Chris,dog named Buddy,loves gardening,insurance deductible question
Sam,Miller9802,sam.miller9802@example.com,(414) 555-9802,Racine,WI,53403,,Alex,parents nearby,just remodeled kitchen,tree trim quote
Taylor,Martinez9803,taylor.martinez9803@example.com,(414) 555-9803,Madison,WI,53703,,Sam,,,
Casey,Gonzalez9804,casey.gonzalez9804@example.com,(414) 555-9804,Green Bay,WI,54301,Gonzalez Properties,,,,
Riley,Thomas9805,riley.thomas9805@example.com,(414) 555-9805,Chicago,IL,60611,,Pat,two kids,new roof last year,sump pump check
Morgan,Jackson9806,morgan.jackson9806@example.com,(414) 555-9806,Evanston,IL,60201,,Chris,dog named Buddy,loves gardening,insurance deductible question
Avery,Johnson9807,avery.johnson9807@example.com,(414) 555-9807,Brookfield,WI,53005,Johnson Properties,Alex,parents nearby,just remodeled kitchen,tree trim quote
Quinn,Jones9808,quinn.jones9808@example.com,(414) 555-9808,Kenosha,WI,53140,,Sam,,,
Jamie,Davis9809,jamie.davis9809@example.com,(414) 555-9809,Appleton,WI,54911,,,,,
Cameron,Hernandez9810,cameron.hernandez9810@example.com,(414) 555-9810,Milwaukee,WI,53202,Hernandez Properties,Pat,two kids,new roof last year,sump pump check
Drew,Wilson9811,drew.wilson9811@example.com,(414) 555-9811,Waukesha,WI,53186,,Chris,dog named Buddy,loves gardening,insurance deductible question
Reese,Taylor9812,reese.taylor9812@example.com,(414) 555-9812,Racine,WI,53403,,Alex,parents nearby,just remodeled kitchen,tree trim quote
Skyler,Martin9813,skyler.martin9813@example.com,(414) 555-9813,Madison,WI,53703,Martin Properties,Sam,,,
Parker,Williams9814,parker.williams9814@example.com,(414) 555-9814,Green Bay,WI,54301,,,,,
Blake,Garcia9815,blake.garcia9815@example.com,(414) 555-9815,Chicago,IL,60611,,Pat,two kids,new roof last year,sump pump check
Hayden,Rodriguez9816,hayden.rodriguez9816@example.com,(414) 555-9816,Evanston,IL,60201,Rodriguez Properties,Chris,dog named Buddy,loves gardening,insurance deductible question
Rowan,Lopez9817,rowan.lopez9817@example.com,(414) 555-9817,Brookfield,WI,53005,,Alex,parents nearby,just remodeled kitchen,tree trim quote
Sawyer,Anderson9818,sawyer.anderson9818@example.com,(414) 555-9818,Kenosha,WI,53140,,Sam,,,
Finley,Moore9819,finley.moore9819@example.com,(414) 555-9819,Appleton,WI,54911,Moore Properties,,,,
Alex,Smith9820,alex.smith9820@example.com,(414) 555-9820,Milwaukee,WI,53202,,Pat,two kids,new roof last year,sump pump check
Jordan,Brown9821,jordan.brown9821@example.com,(414) 555-9821,Waukesha,WI,53186,,Chris,dog named Buddy,loves gardening,insurance deductible question
Sam,Miller9822,sam.miller9822@example.com,(414) 555-9822,Racine,WI,53403,Miller Properties,Alex,parents nearby,just remodeled kitchen,tree trim quote
Taylor,Martinez9823,taylor.martinez9823@example.com,(414) 555-9823,Madison,WI,53703,,Sam,,,
Casey,Gonzalez9824,casey.gonzalez9824@example.com,(414) 555-9824,Green Bay,WI,54301,,,,,
Riley,Thomas9825,riley.thomas9825@example.com,(414) 555-9825,Chicago,IL,60611,Thomas Properties,Pat,two kids,new roof last year,sump pump check
Morgan,Jackson9826,morgan.jackson9826@example.com,(414) 555-9826,Evanston,IL,60201,,Chris,dog named Buddy,loves gardening,insurance deductible question
Avery,Johnson9827,avery.johnson9827@example.com,(414) 555-9827,Brookfield,WI,53005,,Alex,parents nearby,just remodeled kitchen,tree trim quote
Quinn,Jones9828,quinn.jones9828@example.com,(414) 555-9828,Kenosha,WI,53140,Jones Properties,Sam,,,
Jamie,Davis9829,jamie.davis9829@example.com,(414) 555-9829,Appleton,WI,54911,,,,,
Cameron,Hernandez9830,cameron.hernandez9830@example.com,(414) 555-9830,Milwaukee,WI,53202,,Pat,two kids,new roof last year,sump pump check
Drew,Wilson9831,drew.wilson9831@example.com,(414) 555-9831,Waukesha,WI,53186,Wilson Properties,Chris,dog named Buddy,loves gardening,insurance deductible question
Reese,Taylor9832,reese.taylor9832@example.com,(414) 555-9832,Racine,WI,53403,,Alex,parents nearby,just remodeled kitchen,tree trim quote
Skyler,Martin9833,skyler.martin9833@example.com,(414) 555-9833,Madison,WI,53703,,Sam,,,
Parker,Williams9834,parker.williams9834@example.com,(414) 555-9834,Green Bay,WI,54301,Williams Properties,,,,
Blake,Garcia9835,blake.garcia9835@example.com,(414) 555-9835,Chicago,IL,60611,,Pat,two kids,new roof last year,sump pump check
Hayden,Rodriguez9836,hayden.rodriguez9836@example.com,(414) 555-9836,Evanston,IL,60201,,Chris,dog named Buddy,loves gardening,insurance deductible question
Rowan,Lopez9837,rowan.lopez9837@example.com,(414) 555-9837,Brookfield,WI,53005,Lopez Properties,Alex,parents nearby,just remodeled kitchen,tree trim quote
Sawyer,Anderson9838,sawyer.anderson9838@example.com,(414) 555-9838,Kenosha,WI,53140,,Sam,,,
Finley,Moore9839,finley.moore9839@example.com,(414) 555-9839,Appleton,WI,54911,,,,,
Alex,Smith9840,alex.smith9840@example.com,(414) 555-9840,Milwaukee,WI,53202,Smith Properties,Pat,two kids,new roof last year,sump pump check
Jordan,Brown9841,jordan.brown9841@example.com,(414) 555-9841,Waukesha,WI,53186,,Chris,dog named Buddy,loves gardening,insurance deductible question
Sam,Miller9842,sam.miller9842@example.com,(414) 555-9842,Racine,WI,53403,,Alex,parents nearby,just remodeled kitchen,tree trim quote
Taylor,Martinez9843,taylor.martinez9843@example.com,(414) 555-9843,Madison,WI,53703,Martinez Properties,Sam,,,
Casey,Gonzalez9844,casey.gonzalez9844@example.com,(414) 555-9844,Green Bay,WI,54301,,,,,
Riley,Thomas9845,riley.thomas9845@example.com,(414) 555-9845,Chicago,IL,60611,,Pat,two kids,new roof last year,sump pump check
Morgan,Jackson9846,morgan.jackson9846@example.com,(414) 555-9846,Evanston,IL,60201,Jackson Properties,Chris,dog named Buddy,loves gardening,insurance deductible question
Avery,Johnson9847,avery.johnson9847@example.com,(414) 555-9847,Brookfield,WI,53005,,Alex,parents nearby,just remodeled kitchen,tree trim quote
Quinn,Jones9848,quinn.jones9848@example.com,(414) 555-9848,Kenosha,WI,53140,,Sam,,,
Jamie,Davis9849,jamie.davis9849@example.com,(414) 555-9849,Appleton,WI,54911,Davis Properties,,,,
Cameron,Hernandez9850,cameron.hernandez9850@example.com,(414) 555-9850,Milwaukee,WI,53202,,Pat,two kids,new roof last year,sump pump check
Drew,Wilson9851,drew.wilson9851@example.com,(414) 555-9851,Waukesha,WI,53186,,Chris,dog named Buddy,loves gardening,insurance deductible question
Reese,Taylor9852,reese.taylor9852@example.com,(414) 555-9852,Racine,WI,53403,Taylor Properties,Alex,parents nearby,just remodeled kitchen,tree trim quote
Skyler,Martin9853,skyler.martin9853@example.com,(414) 555-9853,Madison,WI,53703,,Sam,,,
Parker,Williams9854,parker.williams9854@example.com,(414) 555-9854,Green Bay,WI,54301,,,,,
Blake,Garcia9855,blake.garcia9855@example.com,(414) 555-9855,Chicago,IL,60611,Garcia Properties,Pat,two kids,new roof last year,sump pump check
Hayden,Rodriguez9856,hayden.rodriguez9856@example.com,(414) 555-9856,Evanston,IL,60201,,Chris,dog named Buddy,loves gardening,insurance deductible question
Rowan,Lopez9857,rowan.lopez9857@example.com,(414) 555-9857,Brookfield,WI,53005,,Alex,parents nearby,just remodeled kitchen,tree trim quote
Sawyer,Anderson9858,sawyer.anderson9858@example.com,(414) 555-9858,Kenosha,WI,53140,Anderson Properties,Sam,,,
Finley,Moore9859,finley.moore9859@example.com,(414) 555-9859,Appleton,WI,54911,,,,,
Alex,Smith9860,alex.smith9860@example.com,(414) 555-9860,Milwaukee,WI,53202,,Pat,two kids,new roof last year,sump pump check
Jordan,Brown9861,jordan.brown9861@example.com,(414) 555-9861,Waukesha,WI,53186,Brown Properties,Chris,dog named Buddy,loves gardening,insurance deductible question
Sam,Miller9862,sam.miller9862@example.com,(414) 555-9862,Racine,WI,53403,,Alex,parents nearby,just remodeled kitchen,tree trim quote
Taylor,Martinez9863,taylor.martinez9863@example.com,(414) 555-9863,Madison,WI,53703,,Sam,,,
Casey,Gonzalez9864,casey.gonzalez9864@example.com,(414) 555-9864,Green Bay,WI,54301,Gonzalez Properties,,,,
Riley,Thomas9865,riley.thomas9865@example.com,(414) 555-9865,Chicago,IL,60611,,Pat,two kids,new roof last year,sump pump check
Morgan,Jackson9866,morgan.jackson9866@example.com,(414) 555-9866,Evanston,IL,60201,,Chris,dog named Buddy,loves gardening,insurance deductible question
Avery,Johnson9867,avery.johnson9867@example.com,(414) 555-9867,Brookfield,WI,53005,Johnson Properties,Alex,parents nearby,just remodeled kitchen,tree trim quote
Quinn,Jones9868,quinn.jones9868@example.com,(414) 555-9868,Kenosha,WI,53140,,Sam,,,
Jamie,Davis9869,jamie.davis9869@example.com,(414) 555-9869,Appleton,WI,54911,,,,,
Cameron,Hernandez9870,cameron.hernandez9870@example.com,(414) 555-9870,Milwaukee,WI,53202,Hernandez Properties,Pat,two kids,new roof last year,sump pump check
Drew,Wilson9871,drew.wilson9871@example.com,(414) 555-9871,Waukesha,WI,53186,,Chris,dog named Buddy,loves gardening,insurance deductible question
Reese,Taylor9872,reese.taylor9872@example.com,(414) 555-9872,Racine,WI,53403,,Alex,parents nearby,just remodeled kitchen,tree trim quote
Skyler,Martin9873,skyler.martin9873@example.com,(414) 555-9873,Madison,WI,53703,Martin Properties,Sam,,,
Parker,Williams9874,parker.williams9874@example.com,(414) 555-9874,Green Bay,WI,54301,,,,,
Blake,Garcia9875,blake.garcia9875@example.com,(414) 555-9875,Chicago,IL,60611,,Pat,two kids,new roof last year,sump pump check
Hayden,Rodriguez9876,hayden.rodriguez9876@example.com,(414) 555-9876,Evanston,IL,60201,Rodriguez Properties,Chris,dog named Buddy,loves gardening,insurance deductible question
Rowan,Lopez9877,rowan.lopez9877@example.com,(414) 555-9877,Brookfield,WI,53005,,Alex,parents nearby,just remodeled kitchen,tree trim quote
Sawyer,Anderson9878,sawyer.anderson9878@example.com,(414) 555-9878,Kenosha,WI,53140,,Sam,,,
Finley,Moore9879,finley.moore9879@example.com,(414) 555-9879,Appleton,WI,54911,Moore Properties,,,,
Alex,Smith9880,alex.smith9880@example.com,(414) 555-9880,Milwaukee,WI,53202,,Pat,two kids,new roof last year,sump pump check
Jordan,Brown9881,jordan.brown9881@example.com,(414) 555-9881,Waukesha,WI,53186,,Chris,dog named Buddy,loves gardening,insurance deductible question
Sam,Miller9882,sam.miller9882@example.com,(414) 555-9882,Racine,WI,53403,Miller Properties,Alex,parents nearby,just remodeled kitchen,tree trim quote
Taylor,Martinez9883,taylor.martinez9883@example.com,(414) 555-9883,Madison,WI,53703,,Sam,,,
Casey,Gonzalez9884,casey.gonzalez9884@example.com,(414) 555-9884,Green Bay,WI,54301,,,,,
Riley,Thomas9885,riley.thomas9885@example.com,(414) 555-9885,Chicago,IL,60611,Thomas Properties,Pat,two kids,new roof last year,sump pump check
Morgan,Jackson9886,morgan.jackson9886@example.com,(414) 555-9886,Evanston,IL,60201,,Chris,dog named Buddy,loves gardening,insurance deductible question
Avery,Johnson9887,avery.johnson9887@example.com,(414) 555-9887,Brookfield,WI,53005,,Alex,parents nearby,just remodeled kitchen,tree trim quote
Quinn,Jones9888,quinn.jones9888@example.com,(414) 555-9888,Kenosha,WI,53140,Jones Properties,Sam,,,
Jamie,Davis9889,jamie.davis9889@example.com,(414) 555-9889,Appleton,WI,54911,,,,,
Cameron,Hernandez9890,cameron.hernandez9890@example.com,(414) 555-9890,Milwaukee,WI,53202,,Pat,two kids,new roof last year,sump pump check
Drew,Wilson9891,drew.wilson9891@example.com,(414) 555-9891,Waukesha,WI,53186,Wilson Properties,Chris,dog named Buddy,loves gardening,insurance deductible question
Reese,Taylor9892,reese.taylor9892@example.com,(414) 555-9892,Racine,WI,53403,,Alex,parents nearby,just remodeled kitchen,tree trim quote
Skyler,Martin9893,skyler.martin9893@example.com,(414) 555-9893,Madison,WI,53703,,Sam,,,
Parker,Williams9894,parker.williams9894@example.com,(414) 555-9894,Green Bay,WI,54301,Williams Properties,,,,
Blake,Garcia9895,blake.garcia9895@example.com,(414) 555-9895,Chicago,IL,60611,,Pat,two kids,new roof last year,sump pump check
Hayden,Rodriguez9896,hayden.rodriguez9896@example.com,(414) 555-9896,Evanston,IL,60201,,Chris,dog named Buddy,loves gardening,insurance deductible question
Rowan,Lopez9897,rowan.lopez9897@example.com,(414) 555-9897,Brookfield,WI,53005,Lopez Properties,Alex,parents nearby,just remodeled kitchen,tree trim quote
Sawyer,Anderson9898,sawyer.anderson9898@example.com,(414) 555-9898,Kenosha,WI,53140,,Sam,,,
Finley,Moore9899,finley.moore9899@example.com,(414) 555-9899,Appleton,WI,54911,,,,,
Alex,Smith9900,alex.smith9900@example.com,(414) 555-9900,Milwaukee,WI,53202,Smith Properties,Pat,two kids,new roof last year,sump pump check
Jordan,Brown9901,jordan.brown9901@example.com,(414) 555-9901,Waukesha,WI,53186,,Chris,dog named Buddy,loves gardening,insurance deductible question
Sam,Miller9902,sam.miller9902@example.com,(414) 555-9902,Racine,WI,53403,,Alex,parents nearby,just remodeled kitchen,tree trim quote
Taylor,Martinez9903,taylor.martinez9903@example.com,(414) 555-9903,Madison,WI,53703,Martinez Properties,Sam,,,
Casey,Gonzalez9904,casey.gonzalez9904@example.com,(414) 555-9904,Green Bay,WI,54301,,,,,
Riley,Thomas9905,riley.thomas9905@example.com,(414) 555-9905,Chicago,IL,60611,,Pat,two kids,new roof last year,sump pump check
Morgan,Jackson9906,morgan.jackson9906@example.com,(414) 555-9906,Evanston,IL,60201,Jackson Properties,Chris,dog named Buddy,loves gardening,insurance deductible question
Avery,Johnson9907,avery.johnson9907@example.com,(414) 555-9907,Brookfield,WI,53005,,Alex,parents nearby,just remodeled kitchen,tree trim quote
Quinn,Jones9908,quinn.jones9908@example.com,(414) 555-9908,Kenosha,WI,53140,,Sam,,,
Jamie,Davis9909,jamie.davis9909@example.com,(414) 555-9909,Appleton,WI,54911,Davis Properties,,,,
Cameron,Hernandez9910,cameron.hernandez9910@example.com,(414) 555-9910,Milwaukee,WI,53202,,Pat,two kids,new roof last year,sump pump check
Drew,Wilson9911,drew.wilson9911@example.com,(414) 555-9911,Waukesha,WI,53186,,Chris,dog named Buddy,loves gardening,insurance deductible question
Reese,Taylor9912,reese.taylor9912@example.com,(414) 555-9912,Racine,WI,53403,Taylor Properties,Alex,parents nearby,just remodeled kitchen,tree trim quote
Skyler,Martin9913,skyler.martin9913@example.com,(414) 555-9913,Madison,WI,53703,,Sam,,,
Parker,Williams9914,parker.williams9914@example.com,(414) 555-9914,Green Bay,WI,54301,,,,,
Blake,Garcia9915,blake.garcia9915@example.com,(414) 555-9915,Chicago,IL,60611,Garcia Properties,Pat,two kids,new roof last year,sump pump check
Hayden,Rodriguez9916,hayden.rodriguez9916@example.com,(414) 555-9916,Evanston,IL,60201,,Chris,dog named Buddy,loves gardening,insurance deductible question
Rowan,Lopez9917,rowan.lopez9917@example.com,(414) 555-9917,Brookfield,WI,53005,,Alex,parents nearby,just remodeled kitchen,tree trim quote
Sawyer,Anderson9918,sawyer.anderson9918@example.com,(414) 555-9918,Kenosha,WI,53140,Anderson Properties,Sam,,,
Finley,Moore9919,finley.moore9919@example.com,(414) 555-9919,Appleton,WI,54911,,,,,
Alex,Smith9920,alex.smith9920@example.com,(414) 555-9920,Milwaukee,WI,53202,,Pat,two kids,new roof last year,sump pump check
Jordan,Brown9921,jordan.brown9921@example.com,(414) 555-9921,Waukesha,WI,53186,Brown Properties,Chris,dog named Buddy,loves gardening,insurance deductible question
Sam,Miller9922,sam.miller9922@example.com,(414) 555-9922,Racine,WI,53403,,Alex,parents nearby,just remodeled kitchen,tree trim quote
Taylor,Martinez9923,taylor.martinez9923@example.com,(414) 555-9923,Madison,WI,53703,,Sam,,,
Casey,Gonzalez9924,casey.gonzalez9924@example.com,(414) 555-9924,Green Bay,WI,54301,Gonzalez Properties,,,,
Riley,Thomas9925,riley.thomas9925@example.com,(414) 555-9925,Chicago,IL,60611,,Pat,two kids,new roof last year,sump pump check
Morgan,Jackson9926,morgan.jackson9926@example.com,(414) 555-9926,Evanston,IL,60201,,Chris,dog named Buddy,loves gardening,insurance deductible question
Avery,Johnson9927,avery.johnson9927@example.com,(414) 555-9927,Brookfield,WI,53005,Johnson Properties,Alex,parents nearby,just remodeled kitchen,tree trim quote
Quinn,Jones9928,quinn.jones9928@example.com,(414) 555-9928,Kenosha,WI,53140,,Sam,,,
Jamie,Davis9929,jamie.davis9929@example.com,(414) 555-9929,Appleton,WI,54911,,,,,
Cameron,Hernandez9930,cameron.hernandez9930@example.com,(414) 555-9930,Milwaukee,WI,53202,Hernandez Properties,Pat,two kids,new roof last year,sump pump check
Drew,Wilson9931,drew.wilson9931@example.com,(414) 555-9931,Waukesha,WI,53186,,Chris,dog named Buddy,loves gardening,insurance deductible question
Reese,Taylor9932,reese.taylor9932@example.com,(414) 555-9932,Racine,WI,53403,,Alex,parents nearby,just remodeled kitchen,tree trim quote
Skyler,Martin9933,skyler.martin9933@example.com,(414) 555-9933,Madison,WI,53703,Martin Properties,Sam,,,
Parker,Williams9934,parker.williams9934@example.com,(414) 555-9934,Green Bay,WI,54301,,,,,
Blake,Garcia9935,blake.garcia9935@example.com,(414) 555-9935,Chicago,IL,60611,,Pat,two kids,new roof last year,sump pump check
Hayden,Rodriguez9936,hayden.rodriguez9936@example.com,(414) 555-9936,Evanston,IL,60201,Rodriguez Properties,Chris,dog named Buddy,loves gardening,insurance deductible question
Rowan,Lopez9937,rowan.lopez9937@example.com,(414) 555-9937,Brookfield,WI,53005,,Alex,parents nearby,just remodeled kitchen,tree trim quote
Sawyer,Anderson9938,sawyer.anderson9938@example.com,(414) 555-9938,Kenosha,WI,53140,,Sam,,,
Finley,Moore9939,finley.moore9939@example.com,(414) 555-9939,Appleton,WI,54911,Moore Properties,,,,
Alex,Smith9940,alex.smith9940@example.com,(414) 555-9940,Milwaukee,WI,53202,,Pat,two kids,new roof last year,sump pump check
Jordan,Brown9941,jordan.brown9941@example.com,(414) 555-9941,Waukesha,WI,53186,,Chris,dog named Buddy,loves gardening,insurance deductible question
Sam,Miller9942,sam.miller9942@example.com,(414) 555-9942,Racine,WI,53403,Miller Properties,Alex,parents nearby,just remodeled kitchen,tree trim quote
Taylor,Martinez9943,taylor.martinez9943@example.com,(414) 555-9943,Madison,WI,53703,,Sam,,,
Casey,Gonzalez9944,casey.gonzalez9944@example.com,(414) 555-9944,Green Bay,WI,54301,,,,,
Riley,Thomas9945,riley.thomas9945@example.com,(414) 555-9945,Chicago,IL,60611,Thomas Properties,Pat,two kids,new roof last year,sump pump check
Morgan,Jackson9946,morgan.jackson9946@example.com,(414) 555-9946,Evanston,IL,60201,,Chris,dog named Buddy,loves gardening,insurance deductible question
Avery,Johnson9947,avery.johnson9947@example.com,(414) 555-9947,Brookfield,WI,53005,,Alex,parents nearby,just remodeled kitchen,tree trim quote
Quinn,Jones9948,quinn.jones9948@example.com,(414) 555-9948,Kenosha,WI,53140,Jones Properties,Sam,,,
Jamie,Davis9949,jamie.davis9949@example.com,(414) 555-9949,Appleton,WI,54911,,,,,
Cameron,Hernandez9950,cameron.hernandez9950@example.com,(414) 555-9950,Milwaukee,WI,53202,,Pat,two kids,new roof last year,sump pump check
Drew,Wilson9951,drew.wilson9951@example.com,(414) 555-9951,Waukesha,WI,53186,Wilson Properties,Chris,dog named Buddy,loves gardening,insurance deductible question
Reese,Taylor9952,reese.taylor9952@example.com,(414) 555-9952,Racine,WI,53403,,Alex,parents nearby,just remodeled kitchen,tree trim quote
Skyler,Martin9953,skyler.martin9953@example.com,(414) 555-9953,Madison,WI,53703,,Sam,,,
Parker,Williams9954,parker.williams9954@example.com,(414) 555-9954,Green Bay,WI,54301,Williams Properties,,,,
Blake,Garcia9955,blake.garcia9955@example.com,(414) 555-9955,Chicago,IL,60611,,Pat,two kids,new roof last year,sump pump check
Hayden,Rodriguez9956,hayden.rodriguez9956@example.com,(414) 555-9956,Evanston,IL,60201,,Chris,dog named Buddy,loves gardening,insurance deductible question
Rowan,Lopez9957,rowan.lopez9957@example.com,(414) 555-9957,Brookfield,WI,53005,Lopez Properties,Alex,parents nearby,just remodeled kitchen,tree trim quote
Sawyer,Anderson9958,sawyer.anderson9958@example.com,(414) 555-9958,Kenosha,WI,53140,,Sam,,,
Finley,Moore9959,finley.moore9959@example.com,(414) 555-9959,Appleton,WI,54911,,,,,
Alex,Smith9960,alex.smith9960@example.com,(414) 555-9960,Milwaukee,WI,53202,Smith Properties,Pat,two kids,new roof last year,sump pump check
Jordan,Brown9961,jordan.brown9961@example.com,(414) 555-9961,Waukesha,WI,53186,,Chris,dog named Buddy,loves gardening,insurance deductible question
Sam,Miller9962,sam.miller9962@example.com,(414) 555-9962,Racine,WI,53403,,Alex,parents nearby,just remodeled kitchen,tree trim quote
Taylor,Martinez9963,taylor.martinez9963@example.com,(414) 555-9963,Madison,WI,53703,Martinez Properties,Sam,,,
Casey,Gonzalez9964,casey.gonzalez9964@example.com,(414) 555-9964,Green Bay,WI,54301,,,,,
Riley,Thomas9965,riley.thomas9965@example.com,(414) 555-9965,Chicago,IL,60611,,Pat,two kids,new roof last year,sump pump check
Morgan,Jackson9966,morgan.jackson9966@example.com,(414) 555-9966,Evanston,IL,60201,Jackson Properties,Chris,dog named Buddy,loves gardening,insurance deductible question
Avery,Johnson9967,avery.johnson9967@example.com,(414) 555-9967,Brookfield,WI,53005,,Alex,parents nearby,just remodeled kitchen,tree trim quote
Quinn,Jones9968,quinn.jones9968@example.com,(414) 555-9968,Kenosha,WI,53140,,Sam,,,
Jamie,Davis9969,jamie.davis9969@example.com,(414) 555-9969,Appleton,WI,54911,Davis Properties,,,,
Cameron,Hernandez9970,cameron.hernandez9970@example.com,(414) 555-9970,Milwaukee,WI,53202,,Pat,two kids,new roof last year,sump pump check
Drew,Wilson9971,drew.wilson9971@example.com,(414) 555-9971,Waukesha,WI,53186,,Chris,dog named Buddy,loves gardening,insurance deductible question
Reese,Taylor9972,reese.taylor9972@example.com,(414) 555-9972,Racine,WI,53403,Taylor Properties,Alex,parents nearby,just remodeled kitchen,tree trim quote
Skyler,Martin9973,skyler.martin9973@example.com,(414) 555-9973,Madison,WI,53703,,Sam,,,
Parker,Williams9974,parker.williams9974@example.com,(414) 555-9974,Green Bay,WI,54301,,,,,
Blake,Garcia9975,blake.garcia9975@example.com,(414) 555-9975,Chicago,IL,60611,Garcia Properties,Pat,two kids,new roof last year,sump pump check
Hayden,Rodriguez9976,hayden.rodriguez9976@example.com,(414) 555-9976,Evanston,IL,60201,,Chris,dog named Buddy,loves gardening,insurance deductible question
Rowan,Lopez9977,rowan.lopez9977@example.com,(414) 555-9977,Brookfield,WI,53005,,Alex,parents nearby,just remodeled kitchen,tree trim quote
Sawyer,Anderson9978,sawyer.anderson9978@example.com,(414) 555-9978,Kenosha,WI,53140,Anderson Properties,Sam,,,
Finley,Moore9979,finley.moore9979@example.com,(414) 555-9979,Appleton,WI,54911,,,,,
Alex,Smith9980,alex.smith9980@example.com,(414) 555-9980,Milwaukee,WI,53202,,Pat,two kids,new roof last year,sump pump check
Jordan,Brown9981,jordan.brown9981@example.com,(414) 555-9981,Waukesha,WI,53186,Brown Properties,Chris,dog named Buddy,loves gardening,insurance deductible question
Sam,Miller9982,sam.miller9982@example.com,(414) 555-9982,Racine,WI,53403,,Alex,parents nearby,just remodeled kitchen,tree trim quote
Taylor,Martinez9983,taylor.martinez9983@example.com,(414) 555-9983,Madison,WI,53703,,Sam,,,
Casey,Gonzalez9984,casey.gonzalez9984@example.com,(414) 555-9984,Green Bay,WI,54301,Gonzalez Properties,,,,
Riley,Thomas9985,riley.thomas9985@example.com,(414) 555-9985,Chicago,IL,60611,,Pat,two kids,new roof last year,sump pump check
Morgan,Jackson9986,morgan.jackson9986@example.com,(414) 555-9986,Evanston,IL,60201,,Chris,dog named Buddy,loves gardening,insurance deductible question
Avery,Johnson9987,avery.johnson9987@example.com,(414) 555-9987,Brookfield,WI,53005,Johnson Properties,Alex,parents nearby,just remodeled kitchen,tree trim quote
Quinn,Jones9988,quinn.jones9988@example.com,(414) 555-9988,Kenosha,WI,53140,,Sam,,,
Jamie,Davis9989,jamie.davis9989@example.com,(414) 555-9989,Appleton,WI,54911,,,,,
Cameron,Hernandez9990,cameron.hernandez9990@example.com,(414) 555-9990,Milwaukee,WI,53202,Hernandez Properties,Pat,two kids,new roof last year,sump pump check
Drew,Wilson9991,drew.wilson9991@example.com,(414) 555-9991,Waukesha,WI,53186,,Chris,dog named Buddy,loves gardening,insurance deductible question
Reese,Taylor9992,reese.taylor9992@example.com,(414) 555-9992,Racine,WI,53403,,Alex,parents nearby,just remodeled kitchen,tree trim quote
Skyler,Martin9993,skyler.martin9993@example.com,(414) 555-9993,Madison,WI,53703,Martin Properties,Sam,,,
Parker,Williams9994,parker.williams9994@example.com,(414) 555-9994,Green Bay,WI,54301,,,,,
Blake,Garcia9995,blake.garcia9995@example.com,(414) 555-9995,Chicago,IL,60611,,Pat,two kids,new roof last year,sump pump check
Hayden,Rodriguez9996,hayden.rodriguez9996@example.com,(414) 555-9996,Evanston,IL,60201,Rodriguez Properties,Chris,dog named Buddy,loves gardening,insurance deductible question
Rowan,Lopez9997,rowan.lopez9997@example.com,(414) 555-9997,Brookfield,WI,53005,,Alex,parents nearby,just remodeled kitchen,tree trim quote
Sawyer,Anderson9998,sawyer.anderson9998@example.com,(414) 555-9998,Kenosha,WI,53140,,Sam,,,
Finley,Moore9999,finley.moore9999@example.com,(414) 555-9999,Appleton,WI,54911,Moore Properties,,,,
